Car -1 -1 -0.628500 1031.990200 149.434300 1145.280600 181.635400 1.467080 1.648917 4.191026 22.232293 0.424902 33.672624 -0.041953 6.919900 5054
Car -1 -1 1.677800 491.685400 179.555400 530.409300 212.041200 1.593080 1.630654 3.986574 -5.335528 2.083369 39.141403 1.562567 2.541600 5052
Car -1 -1 -2.093000 929.413600 157.917000 985.599900 181.377000 1.425451 1.602002 3.694589 21.848656 0.563024 45.534746 -1.630284 6.313200 5051
Car -1 -1 -0.254300 763.634600 159.862100 866.493400 194.906300 1.630569 1.730689 4.532146 10.020643 1.088433 35.613463 0.014924 4.790800 5050
Car -1 -1 -2.002000 895.286400 154.335400 947.335300 181.314100 1.623002 1.630126 3.627257 19.348359 0.551977 45.090258 -1.595331 9.351000 5049
Car -1 -1 1.673800 473.677800 182.253900 518.030500 218.919400 1.507068 1.607614 4.005050 -5.238020 2.031108 33.088374 1.533049 5.450500 5037
Car -1 -1 -1.497500 601.779800 178.183700 625.674300 197.849000 1.466023 1.608971 3.715102 0.317700 1.910337 56.378442 -1.491822 6.777000 5027
Car -1 -1 1.671500 530.478700 178.294300 571.705200 211.267100 1.571773 1.667785 4.167085 -2.873147 1.855721 36.033415 1.605084 7.810700 5023
Car -1 -1 -0.618000 1063.740500 148.190900 1183.776100 182.726400 1.466739 1.601436 4.070684 22.205828 0.426681 31.232616 -0.006840 10.479100 5009
Car -1 -1 1.474900 647.253100 174.205700 680.458100 199.549400 1.537204 1.671991 4.358460 3.355606 1.610251 44.877686 1.544818 8.371200 5002
Car -1 -1 1.686700 443.210400 183.363500 499.563400 229.860200 1.527490 1.616305 3.918027 -5.068172 1.980031 26.717734 1.499608 11.926900 4998
Car -1 -1 2.779500 747.592600 161.733100 955.406400 233.713300 1.606919 1.690533 4.448032 5.647697 1.391641 17.242827 3.091977 11.706100 4995
