Car -1 -1 -2.008900 1016.305100 149.556800 1086.567700 182.623700 1.798380 1.748823 4.357608 25.450481 0.526985 41.812638 -1.465778 1.709000 5065
Car -1 -1 1.475600 678.062400 171.500800 708.836400 195.963100 1.520904 1.619737 4.019613 5.402592 1.410058 46.579981 1.588152 2.478200 5063
Car -1 -1 -0.596500 1038.315600 153.268800 1157.756000 186.292900 1.465131 1.663212 4.272960 21.841246 0.585140 32.492661 -0.015334 8.071500 5062
Car -1 -1 -0.650300 1074.684900 149.708000 1210.608200 187.519000 1.500803 1.676126 4.396132 21.957118 0.572573 29.968309 -0.022926 8.704100 5054
Car -1 -1 1.671100 468.980400 182.003200 510.522000 216.753900 1.544844 1.624114 4.061723 -6.294184 2.109581 34.797495 1.315139 1.810800 5052
Car -1 -1 -2.082900 949.473500 158.865800 1011.795900 186.270700 1.527522 1.615297 3.695363 21.318430 0.753034 41.845247 -1.611741 6.703700 5051
Car -1 -1 -0.302500 776.891400 156.924000 888.366500 195.461500 1.674914 1.712339 4.537398 9.677307 1.003639 31.915235 -0.026292 8.246200 5050
Car -1 -1 -2.022100 911.423400 152.942100 970.692000 179.918100 1.494102 1.620039 3.696543 18.890371 0.422421 41.484130 -1.596445 6.559300 5049
Car -1 -1 1.730000 441.277700 183.918500 499.327400 224.268500 1.455021 1.641355 4.181150 -5.655433 1.941362 29.211458 1.544400 7.497900 5037
Car -1 -1 -1.453900 592.164800 179.006700 620.296000 201.103600 1.512292 1.623625 3.711622 -0.312542 1.977064 52.512758 -1.474314 7.117200 5027
Car -1 -1 1.674500 499.162400 176.937800 555.412500 223.661400 1.614104 1.696468 4.306578 -3.134802 1.792965 27.589826 1.555242 8.153100 5023
Car -1 -1 -0.711600 1113.280000 146.998900 1241.000000 188.366100 1.501097 1.619206 4.068606 21.816074 0.572455 27.647336 -0.042563 11.725900 5009
Car -1 -1 1.467300 642.472700 174.130700 680.193200 203.809900 1.567163 1.690407 4.440111 2.834416 1.638955 41.086751 1.536942 8.788100 5002
Car -1 -1 1.711500 402.042000 182.145400 472.250400 239.558700 1.571083 1.623572 3.919304 -5.413020 1.896794 22.807784 1.479178 12.585300 4998
Car -1 -1 2.691900 772.047200 165.412500 1047.727100 254.758900 1.551722 1.674487 4.375299 5.431205 1.419898 13.434355 3.077936 11.937700 4995
