Car -1 -1 -1.640700 640.094000 171.318000 664.261300 192.985700 1.601863 1.597523 3.592174 3.167848 1.485026 55.142618 -1.369000 -0.234600 5083
Car -1 -1 0.745500 433.592200 162.875400 483.821000 182.797100 1.469969 1.562594 3.651534 -11.522569 0.723590 54.796042 0.552666 0.915500 5082
Car -1 -1 -0.061900 654.275400 166.217900 731.408500 194.925400 1.543514 1.625874 4.091360 4.465987 1.181551 39.646212 0.041023 2.922200 5081
Car -1 -1 1.070300 1094.347900 141.767200 1186.895700 177.330000 1.621390 1.708165 4.498771 26.123613 0.144075 35.830422 1.701206 5.304900 5065
Car -1 -1 -0.850400 1155.520000 129.590100 1241.000000 171.377400 1.468189 1.615081 3.926600 22.257877 0.052034 26.379932 -0.124505 1.304000 5062
Car -1 -1 -0.743700 1185.339400 137.962500 1241.000000 183.780600 1.491410 1.651614 4.240435 22.278845 0.331790 23.927490 -0.008519 6.843800 5054
Car -1 -1 -0.366600 818.443100 149.588200 974.915800 194.368800 1.610116 1.730267 4.905824 10.146347 0.746451 25.983973 0.004519 10.500200 5050
Car -1 -1 -2.083300 973.356000 149.661200 1049.026500 182.648400 1.536183 1.597370 3.708033 19.481266 0.430170 35.371129 -1.582035 11.396900 5049
Car -1 -1 -1.468500 603.132400 172.983800 633.789500 197.557900 1.492667 1.614319 3.638406 0.473444 1.509034 46.636575 -1.463013 8.740100 5027
Car -1 -1 1.786100 407.204400 172.885000 536.353000 267.600900 1.655652 1.696683 4.292665 -2.723341 1.663892 14.903365 1.592024 12.371900 5023
Car -1 -1 1.438900 659.676500 167.227800 706.491600 200.585500 1.530499 1.692325 4.432551 3.423147 1.256236 35.297076 1.543924 10.242000 5002
Car -1 -1 1.793900 336.542800 178.712000 445.817700 252.732100 1.533830 1.619717 4.097400 -5.135813 1.692868 17.240721 1.497015 11.497000 4998
Car -1 -1 2.461900 909.305100 145.332000 1241.000000 323.087600 1.616673 1.665794 4.234338 5.550809 1.368867 7.587401 3.095389 9.362000 4995
