Car -1 -1 -1.203500 651.949100 176.721100 700.115000 205.582100 1.531988 1.566090 3.590160 3.705744 1.725185 40.560961 -1.143583 3.844400 5106
Car -1 -1 1.709000 504.586300 182.143900 550.007300 217.917000 1.442070 1.535782 3.571582 -3.632996 1.861752 31.837543 1.589668 4.646100 5105
Car -1 -1 1.545700 524.600100 180.902900 558.992100 212.446200 1.469900 1.613201 4.082305 -3.542808 1.851969 36.693339 1.488479 4.434300 5102
Car -1 -1 2.078400 0.000000 196.330100 325.563600 374.000000 1.496707 1.611616 4.140591 -4.433533 1.788775 7.199329 1.520210 14.114400 5100
Car -1 -1 1.898900 282.309600 185.889100 453.071800 288.350300 1.533890 1.662334 4.330322 -4.301636 1.788986 13.430005 1.588141 13.271800 5096
Car -1 -1 1.803700 403.437700 185.111600 498.644000 249.276300 1.470606 1.613016 3.929610 -4.153484 1.820744 19.261640 1.591227 11.121300 5093
Car -1 -1 1.769300 463.229800 176.918800 529.822800 227.951000 1.654957 1.617157 3.781382 -3.972734 1.791859 25.605202 1.608926 7.774900 5092
Car -1 -1 -1.044300 678.570100 173.369700 734.176800 201.945000 1.656457 1.652787 3.772671 5.973039 1.694578 44.716331 -0.900987 2.940900 5083
Car -1 -1 -0.140700 710.936700 170.240100 819.727100 209.185200 1.539704 1.609096 4.085910 6.141546 1.397797 28.915851 0.051507 6.116600 5081
Car -1 -1 -0.585400 1008.763600 127.825700 1241.000000 216.537500 1.754878 1.745670 4.600486 11.088607 0.830797 15.146459 0.045869 10.859000 5050
Car -1 -1 -1.496800 641.001800 177.642000 677.804900 209.011300 1.506501 1.590687 3.502601 2.475930 1.726768 36.191529 -1.423398 10.490500 5027
Car -1 -1 1.399000 719.934400 167.885100 792.222000 219.180000 1.580156 1.678775 4.433954 4.852907 1.433622 24.800230 1.582633 11.842100 5002
