Car -1 -1 -0.722300 811.716200 166.221800 859.747200 182.517200 1.490600 1.645653 4.232644 21.479619 0.809494 68.781817 -0.413284 3.047100 5130
Car -1 -1 1.175900 517.345400 182.329600 571.948600 211.553700 1.488053 1.604238 4.047573 -3.665391 2.073102 40.268171 1.179303 2.237900 5129
Car -1 -1 -1.244700 682.121800 180.766000 746.123100 220.741800 1.482365 1.546624 3.504474 4.219770 1.789486 29.241829 -1.096970 7.163000 5124
Car -1 -1 1.768000 451.824400 191.732600 531.661400 249.281700 1.417375 1.562620 3.571273 -3.284239 1.955447 20.525688 1.607272 9.621100 5105
Car -1 -1 1.709500 486.554500 186.245000 548.466200 233.175200 1.446073 1.607973 4.044422 -3.165440 1.936489 25.375472 1.578605 6.750500 5102
Car -1 -1 2.502100 0.000000 221.363200 148.551600 374.000000 1.508008 1.640186 4.427502 -4.014331 1.811508 2.657192 1.544800 5.507700 5096
Car -1 -1 2.053300 48.651000 198.691900 394.137900 374.000000 1.501972 1.595715 3.956095 -3.896566 1.850644 8.082225 1.602079 14.277400 5093
Car -1 -1 1.851000 345.387100 183.690400 482.444500 283.460200 1.648878 1.604493 3.710185 -3.699409 1.885018 14.225518 1.601160 10.863000 5092
Car -1 -1 -1.034000 716.436200 178.631000 783.986100 214.824500 1.549053 1.550992 3.260902 6.457930 1.797051 33.061200 -0.831744 6.141400 5083
Car -1 -1 -1.525500 667.185100 181.320100 718.435500 230.883700 1.539190 1.602442 3.471083 2.901971 1.833858 24.892106 -1.409863 11.775300 5027
Car -1 -1 1.224600 816.401700 168.419600 987.415900 267.515200 1.570546 1.649774 4.218189 5.176377 1.493005 13.455084 1.590951 13.957000 5002
