Car -1 -1 -1.161400 704.235100 158.601000 738.414100 176.026200 1.468366 1.596345 3.707313 9.853822 0.163314 61.730628 -1.004461 1.397300 5110
Car -1 -1 2.002400 442.345200 179.613800 476.339100 195.977700 1.487910 1.609353 4.095498 -14.387736 2.110733 69.461739 1.763447 0.258100 5109
Car -1 -1 -1.182600 644.069700 175.043600 695.335700 203.500300 1.550141 1.615351 3.862325 3.496915 1.626503 41.368221 -1.226561 2.354400 5106
Car -1 -1 1.694100 504.439500 182.946700 549.058400 217.956700 1.439752 1.557788 3.689831 -3.734925 1.870611 32.557338 1.580543 5.143300 5105
Car -1 -1 1.650300 521.342700 179.338600 558.014300 210.479900 1.481167 1.590180 4.042963 -3.645915 1.813741 37.358231 1.552616 2.376400 5102
Car -1 -1 2.025600 0.000000 194.713200 338.894000 374.000000 1.535228 1.610832 4.078767 -4.461666 1.827086 7.849909 1.511489 13.962400 5100
Car -1 -1 1.891500 297.072600 183.358900 458.164800 281.467400 1.558307 1.661902 4.346053 -4.353571 1.787933 14.095298 1.587723 13.094700 5096
Car -1 -1 1.804100 407.885100 184.767300 500.585800 246.249600 1.472556 1.614497 3.982211 -4.216553 1.817658 19.962101 1.592080 11.917900 5093
Car -1 -1 1.753700 466.593800 176.257800 529.122600 225.651800 1.662977 1.626957 3.756110 -4.058150 1.784791 26.311361 1.599423 7.476600 5092
Car -1 -1 -1.007200 676.171200 173.427900 728.209100 199.974000 1.603964 1.596944 3.557426 5.784544 1.644800 45.267648 -0.884300 3.811800 5083
Car -1 -1 -0.158500 709.708600 167.556000 816.291000 207.848200 1.588261 1.626892 4.108907 6.101204 1.377026 29.612528 0.025464 4.452000 5081
Car -1 -1 -0.563400 989.018000 124.301400 1241.000000 210.300400 1.780408 1.766980 4.625220 11.036979 0.788449 15.875462 0.042907 10.675700 5050
Car -1 -1 -2.244500 1138.111500 134.378600 1241.000000 183.950500 1.640073 1.628759 3.692190 20.858467 0.371796 24.857283 -1.560465 6.820400 5049
Car -1 -1 -1.472700 637.695200 176.206200 675.176700 209.372900 1.569930 1.597463 3.480598 2.367484 1.748113 36.896815 -1.415465 9.456900 5027
Car -1 -1 1.380000 713.105400 167.873400 786.263600 216.641600 1.544003 1.677116 4.525946 4.774001 1.416502 25.557021 1.566183 10.450100 5002
