Car -1 -1 -2.009900 1021.212900 147.597100 1094.700800 182.998900 1.866961 1.778514 4.475556 25.449620 0.553561 41.231676 -1.460346 -0.107700 5065
Car -1 -1 -0.621400 1049.787100 151.062100 1169.204600 185.697300 1.479018 1.649669 4.201291 21.898268 0.558307 31.857663 -0.017043 6.027600 5062
Car -1 -1 -0.629600 1083.989200 149.135600 1221.384300 187.393500 1.507600 1.671166 4.347967 21.944074 0.581116 29.365058 -0.000970 7.098600 5054
Car -1 -1 -2.145400 950.937100 156.081200 1018.625500 184.211800 1.527879 1.631553 3.731603 21.241351 0.675499 41.181312 -1.646882 6.683900 5051
Car -1 -1 -0.320400 773.995600 158.691600 896.862400 196.560800 1.625154 1.718557 4.690672 9.642842 1.007433 31.285477 -0.022836 9.413500 5050
Car -1 -1 -1.965100 920.631000 151.139200 976.565700 177.382500 1.444473 1.597828 3.642624 18.925845 0.307399 40.764569 -1.554453 6.583500 5049
Car -1 -1 1.717300 437.345100 182.015800 495.254700 226.766100 1.538195 1.655041 4.144841 -5.680577 1.968592 28.570862 1.530618 7.479200 5037
Car -1 -1 -1.489300 591.796500 179.389400 618.373500 201.044700 1.481272 1.616440 3.715317 -0.366016 1.962977 51.808272 -1.487717 7.175700 5027
Car -1 -1 1.671900 492.267200 178.764200 552.082100 228.563300 1.615832 1.707365 4.357147 -3.149507 1.830058 26.151914 1.553548 11.448800 5023
Car -1 -1 -0.718000 1123.060000 146.306300 1241.000000 187.230900 1.488923 1.611909 4.112235 21.778836 0.544504 27.005127 -0.040608 11.091500 5009
Car -1 -1 1.470200 642.505000 173.807000 680.789200 203.713400 1.573614 1.691701 4.427002 2.799498 1.639064 40.436996 1.538399 8.735900 5002
Car -1 -1 1.721700 393.819100 185.661500 469.384000 242.767600 1.531787 1.630017 4.091115 -5.423156 1.925411 22.163852 1.480984 12.727100 4998
Car -1 -1 2.683400 786.525100 165.597500 1061.756100 262.175300 1.571609 1.670725 4.247985 5.396254 1.450415 12.785053 3.080324 12.250700 4995
