Car -1 -1 1.666200 524.469900 175.648900 558.397100 202.432900 1.464068 1.584257 3.885140 -3.854848 1.581871 40.668171 1.572534 4.290000 5037
Car -1 -1 -1.459300 625.850500 175.474200 648.292200 192.629000 1.447415 1.578259 3.597376 2.519094 1.502982 63.416530 -1.433463 3.052000 5027
Car -1 -1 -0.646200 1159.679400 140.507600 1241.000000 181.952800 1.520527 1.642792 4.261277 23.911660 0.296867 27.783212 0.043086 6.906300 5025
Car -1 -1 -1.566700 583.303800 176.534700 606.167900 197.755300 1.490866 1.624788 3.905408 -1.039113 1.602154 52.331549 -1.574031 2.706300 5023
Car -1 -1 -0.523700 987.694200 151.133300 1078.554400 178.891500 1.503133 1.649419 4.123040 23.656721 0.263213 40.201399 -0.003066 4.548300 5022
Car -1 -1 -0.535500 1011.965300 149.533800 1103.326400 178.030700 1.454567 1.564016 3.979631 23.537101 0.193140 37.688246 0.011549 8.574000 5009
Car -1 -1 -1.953100 882.463400 154.982500 925.749100 176.733400 1.477350 1.599608 3.713736 21.236313 0.192908 51.723948 -1.561055 6.632400 5004
Car -1 -1 1.511100 665.996300 168.876000 692.901000 192.055000 1.580700 1.672651 4.283695 5.162921 1.237722 51.996250 1.604665 6.291900 5002
Car -1 -1 1.695900 501.148200 177.259600 546.957600 212.523100 1.545920 1.641144 4.039065 -3.921990 1.719440 34.196174 1.571046 7.360600 4998
Car -1 -1 -3.403500 725.700000 165.927800 872.680500 213.377500 1.535757 1.670656 4.396917 6.335468 1.289865 24.348853 3.127241 11.591200 4995
