Car -1 -1 -0.262100 758.540900 155.706600 851.185100 185.711800 1.583346 1.691400 4.423866 10.583346 0.660399 39.457184 -0.001506 6.198100 5050
Car -1 -1 -1.964900 886.431600 153.359500 933.480200 175.704300 1.452134 1.607049 3.779406 20.152389 0.182939 48.686569 -1.571937 6.754600 5049
Car -1 -1 -0.300100 825.886400 132.018500 958.531800 177.328400 1.593818 1.660351 4.174819 10.134478 0.175475 26.310252 0.062362 0.429200 5045
Car -1 -1 1.786000 392.581900 173.804700 454.071100 216.865700 1.641904 1.653628 3.877537 -7.681856 1.734584 29.647542 1.547523 -0.051900 5041
Car -1 -1 1.664500 498.715200 177.105100 538.628700 209.207500 1.515119 1.650177 4.219624 -4.671890 1.791046 37.266096 1.549965 5.456600 5037
Car -1 -1 -1.525200 614.808300 173.566500 635.441300 191.129000 1.458147 1.586323 3.570111 1.395554 1.499649 60.178314 -1.492290 6.036900 5027
Car -1 -1 -0.742500 1202.250600 138.611800 1241.000000 182.833600 1.496915 1.660933 4.468495 23.443934 0.324358 24.907608 0.011484 5.180900 5025
Car -1 -1 1.597500 557.876000 172.179800 586.514700 200.466000 1.648333 1.682925 4.194153 -2.166511 1.626871 44.829460 1.540922 3.854300 5023
Car -1 -1 -0.616200 1000.101400 146.390700 1096.822400 175.017600 1.483317 1.651264 4.259559 23.207541 0.168484 37.150756 -0.041350 2.876700 5022
Car -1 -1 -0.603900 1028.802600 145.842500 1141.812300 178.152800 1.494462 1.607627 4.349032 22.926595 0.227216 34.745590 -0.017608 5.931600 5009
Car -1 -1 1.474200 655.198100 168.605900 686.978600 193.654600 1.604659 1.703921 4.264593 4.235982 1.323643 48.586558 1.549090 6.945600 5002
Car -1 -1 1.689800 478.937300 177.348700 527.818300 216.759500 1.537140 1.629174 3.933272 -4.452182 1.736651 30.822663 1.531367 8.459900 4998
Car -1 -1 2.823800 732.546400 160.603700 902.037300 217.461100 1.587767 1.695571 4.522282 5.992391 1.242740 21.109543 3.098059 11.516400 4995
