Car -1 -1 -0.610000 975.277700 152.024100 1057.757200 178.721200 1.491016 1.617854 3.966697 22.960096 0.318007 40.955961 -0.054808 -0.157700 5046
Car -1 -1 -0.298800 821.167900 138.691100 938.436200 179.907000 1.600511 1.656766 4.111347 10.265073 0.272035 27.623689 0.046313 0.669800 5045
Car -1 -1 1.805300 408.530300 176.644500 468.083300 217.616700 1.642706 1.653739 3.871393 -7.383924 1.834240 31.356848 1.572535 0.777300 5041
Car -1 -1 1.699700 506.903400 179.753800 547.122600 209.498300 1.477203 1.612009 4.050607 -4.266361 1.850386 38.536550 1.586975 2.051400 5037
Car -1 -1 -1.462500 618.410200 173.925100 641.961500 191.599400 1.451568 1.603600 3.821723 1.930607 1.541454 61.513057 -1.444087 3.825000 5027
Car -1 -1 -0.686700 1181.434100 136.270600 1241.000000 182.382000 1.550655 1.695323 4.504374 23.739839 0.346338 26.035066 0.036125 7.918900 5025
Car -1 -1 1.621400 565.058500 172.393900 594.489700 198.356800 1.624201 1.713963 4.381953 -1.730884 1.651546 47.882638 1.590756 5.484900 5023
Car -1 -1 -0.522600 996.701600 150.215400 1100.011100 179.221800 1.505512 1.679198 4.390231 23.324306 0.334186 38.305620 0.007758 3.809400 5022
Car -1 -1 -0.585200 1020.339800 148.785300 1124.037100 178.159000 1.442782 1.598655 4.142251 23.152516 0.275597 35.919883 -0.013472 11.243700 5009
Car -1 -1 1.430800 658.560700 168.868300 690.792800 192.718500 1.561826 1.670875 4.235301 4.690954 1.345885 49.968091 1.563196 5.949300 5002
Car -1 -1 1.658400 488.861500 177.125500 533.561000 214.057100 1.522825 1.635370 4.064085 -4.237220 1.733390 32.273742 1.525957 8.219700 4998
Car -1 -1 2.826900 726.178600 161.522200 888.771200 216.453800 1.603536 1.688696 4.518402 6.114849 1.293729 22.372843 3.098704 11.251300 4995
