Car -1 -1 1.752200 441.493900 185.232300 505.555900 231.676200 1.484766 1.605440 3.873794 -4.951822 1.991557 26.417603 1.567086 9.983400 5093
Car -1 -1 1.719700 473.513600 182.860200 519.963700 218.919200 1.555494 1.574529 3.692717 -5.094566 1.965913 32.540181 1.561429 4.774200 5092
Car -1 -1 1.772700 440.585700 172.135500 468.695900 190.678600 1.481463 1.583076 3.742300 -12.672371 1.522548 58.406845 1.560416 -0.344300 5088
Car -1 -1 -2.191300 1066.874800 149.579000 1160.255200 183.225000 1.440020 1.598136 3.586782 22.346511 0.452137 32.254115 -1.586271 8.245800 5087
Car -1 -1 -0.888700 643.334800 178.506500 694.984600 201.605700 1.561696 1.622438 3.854506 3.979485 2.004334 52.127863 -1.031379 1.408000 5083
Car -1 -1 -0.089100 668.543400 173.636500 754.545500 204.436500 1.504649 1.610194 4.141830 5.009217 1.550823 36.338785 0.053400 5.059900 5081
Car -1 -1 -2.112200 1155.118700 140.907900 1241.000000 183.620000 1.736249 1.672047 3.993310 26.541263 0.435706 32.484735 -1.433505 4.025500 5065
Car -1 -1 -0.430200 867.338200 146.901600 1032.733200 200.506100 1.574669 1.682231 4.546962 10.491456 0.859396 22.679163 0.008335 11.752600 5050
Car -1 -1 -2.152100 1018.265800 144.131000 1108.928300 188.322300 1.789967 1.659241 3.620661 19.931425 0.612305 32.001150 -1.593140 8.841300 5049
Car -1 -1 -1.509900 611.878100 179.290500 642.607400 206.012500 1.522408 1.633059 3.642521 1.013745 1.910262 43.492271 -1.472475 9.659500 5027
Car -1 -1 1.959300 161.060400 183.369800 483.767100 374.000000 1.650218 1.690964 4.260813 -2.757300 1.775582 7.956931 1.616385 13.842100 5023
Car -1 -1 1.447100 674.180400 173.018500 725.743800 211.128500 1.579472 1.705610 4.519979 3.843267 1.563805 32.147293 1.558261 10.344700 5002
Car -1 -1 -3.998000 1054.609800 155.236400 1241.000000 374.000000 1.564514 1.673288 4.543687 5.527216 1.483513 4.406391 -3.126834 5.455300 4995
