Car -1 -1 -0.011700 320.474100 175.409900 381.846600 194.667600 1.480968 1.647978 4.467654 -20.691644 1.723787 57.350413 -0.372587 6.065900 5138
Car -1 -1 -0.417900 833.254400 167.497000 1108.121500 249.853100 1.465758 1.645801 4.394940 6.628114 1.357187 13.677268 0.036546 8.679800 5134
Car -1 -1 1.247500 859.311800 155.777800 891.939800 173.650000 1.597283 1.673307 4.004186 24.631554 0.063294 67.198365 1.716982 1.129100 5130
Car -1 -1 -1.245500 693.407100 175.925600 768.157800 221.997000 1.479697 1.558919 3.609983 4.236908 1.599404 25.302794 -1.076529 7.830600 5124
Car -1 -1 1.797200 412.228800 188.721500 514.981500 261.863700 1.416117 1.528769 3.557374 -3.271064 1.819404 16.533017 1.602611 12.556500 5105
Car -1 -1 1.715400 465.329100 183.055100 539.178700 239.183000 1.449613 1.601709 4.043624 -3.154578 1.781585 21.535031 1.565688 10.488300 5102
Car -1 -1 2.303300 0.000000 211.631500 269.962400 374.000000 1.421409 1.552624 3.740714 -3.802965 1.758333 4.320491 1.584706 8.104600 5093
Car -1 -1 1.956300 227.714500 182.481000 448.580300 326.137900 1.612798 1.608690 3.709427 -3.656044 1.797477 10.300279 1.614344 12.635300 5092
Car -1 -1 -1.060100 734.363800 171.737600 807.843300 212.552300 1.553822 1.523644 3.244971 6.497463 1.517980 29.125390 -0.837238 9.001400 5083
Car -1 -1 -1.556800 680.414500 178.371700 741.330600 235.874000 1.488444 1.600676 3.505801 2.885209 1.650628 20.933233 -1.419158 10.320700 5027
Car -1 -1 1.086400 886.868400 159.861200 1209.788900 315.989700 1.567025 1.664167 4.354113 5.200582 1.429367 9.478331 1.591177 13.283000 5002
