Car -1 -1 -2.018700 923.396400 159.594400 976.274700 182.112400 1.427491 1.600483 3.745431 22.396751 0.569048 47.768882 -1.601017 6.735100 5051
Car -1 -1 -0.279000 758.685500 159.776500 854.636500 193.521200 1.670384 1.726028 4.482240 10.319505 1.064136 38.196686 -0.002216 6.782700 5050
Car -1 -1 -1.971600 888.890600 155.699800 937.056000 180.462800 1.520982 1.603870 3.663555 19.851930 0.423565 47.505206 -1.576658 9.015300 5049
Car -1 -1 1.684300 490.720900 181.142600 533.506900 216.427800 1.548858 1.631778 4.057249 -4.840445 1.994711 35.802431 1.554943 4.427700 5037
Car -1 -1 -1.474800 608.559000 178.173100 631.846000 196.711900 1.444092 1.586949 3.629722 0.966494 1.748891 58.882482 -1.460691 4.321800 5027
Car -1 -1 -0.736400 1205.527300 142.277900 1241.000000 186.777200 1.478504 1.602097 4.066978 23.045619 0.390886 24.320747 0.010955 -0.579500 5025
Car -1 -1 1.688500 548.483700 178.302100 585.067600 207.016900 1.555084 1.664179 4.148374 -2.453819 1.806314 41.817532 1.601103 5.323400 5023
Car -1 -1 -0.619700 1036.780200 145.841700 1146.458200 177.286900 1.469022 1.606869 4.238446 22.933920 0.206695 33.443890 -0.027121 7.200900 5009
Car -1 -1 1.471800 651.825200 173.306400 685.255900 198.876400 1.594033 1.724578 4.513020 3.941595 1.529104 47.586319 1.557284 8.866100 5002
Car -1 -1 1.656900 468.438700 181.058600 516.576100 222.805100 1.530789 1.629848 4.021504 -4.696257 1.857335 29.564607 1.503494 9.488800 4998
Car -1 -1 2.817100 737.136500 165.403300 917.116000 225.211400 1.572972 1.691692 4.456006 5.868762 1.338966 19.823475 3.100400 11.905800 4995
