Car -1 -1 -0.387100 806.886000 166.476600 1057.107800 243.586800 1.510982 1.662707 4.502256 6.621376 1.409776 15.267747 0.022809 7.707300 5134
Car -1 -1 1.262200 834.945800 155.795300 866.918300 173.324200 1.550114 1.658139 4.143690 23.035082 0.193217 67.822900 2.024817 1.963500 5130
Car -1 -1 -1.227200 683.945000 176.971300 758.418600 220.009700 1.470134 1.579112 3.662927 4.174963 1.652281 26.867043 -1.077274 4.638900 5124
Car -1 -1 1.789500 429.218600 188.869000 522.937800 254.536600 1.404815 1.549420 3.635241 -3.291045 1.856355 18.130102 1.606786 9.768400 5105
Car -1 -1 1.692800 477.013100 182.888700 541.348400 234.267100 1.450876 1.585546 3.868242 -3.159573 1.821026 23.068433 1.563458 8.172900 5102
Car -1 -1 2.180700 0.000000 202.321400 325.420100 374.000000 1.484856 1.591222 3.828436 -3.885057 1.809606 5.765754 1.590174 11.283600 5093
Car -1 -1 1.903800 288.621200 184.095800 463.196700 305.451100 1.633711 1.602527 3.617971 -3.681065 1.858862 11.866244 1.604481 12.591900 5092
Car -1 -1 -1.038600 724.315700 173.938000 797.125700 212.836200 1.544314 1.548232 3.315568 6.453820 1.628351 30.722411 -0.839561 5.278700 5083
Car -1 -1 -1.544200 673.392800 177.831200 728.541900 229.984100 1.492582 1.579793 3.429428 2.868979 1.667473 22.522988 -1.409326 11.637000 5027
Car -1 -1 1.156000 848.198100 156.882600 1107.154800 290.424900 1.601554 1.685974 4.489310 5.185166 1.435322 11.095247 1.593552 13.409400 5002
