Car -1 -1 -2.054800 1063.777200 142.538100 1150.802900 177.171700 1.710970 1.754997 4.641675 25.873223 0.230112 37.876482 -1.454196 1.531800 5065
Car -1 -1 -0.700900 1106.382500 146.213500 1241.000000 185.278600 1.509847 1.667563 4.182226 22.102894 0.477364 28.405838 -0.023596 1.257300 5062
Car -1 -1 -0.712700 1152.677000 140.793500 1241.000000 185.052300 1.509388 1.678558 4.369913 22.208374 0.439307 25.994168 -0.010790 8.477800 5054
Car -1 -1 -2.144700 992.484900 147.837800 1067.354400 176.989700 1.457694 1.617652 3.843741 21.657272 0.245538 37.766520 -1.622712 4.625700 5051
Car -1 -1 -0.347900 801.364200 149.592200 939.010600 195.268000 1.652483 1.746645 4.735029 9.941835 0.846139 27.966011 -0.011590 10.311900 5050
Car -1 -1 -2.083200 949.529000 149.727300 1018.826600 183.149100 1.653917 1.640616 3.758372 19.194093 0.538694 37.364887 -1.612939 4.700200 5049
Car -1 -1 -1.471400 598.718600 174.554200 627.315200 197.333900 1.475598 1.587115 3.639844 0.131887 1.679177 48.537450 -1.473641 7.887300 5027
Car -1 -1 1.711100 458.122900 172.919800 545.079000 245.719600 1.675461 1.689600 4.216113 -2.821332 1.734295 19.091445 1.562257 11.640600 5023
Car -1 -1 -0.730700 1203.124200 136.102500 1241.000000 184.164100 1.495365 1.623332 4.220655 22.089665 0.401209 23.552569 0.017272 4.633500 5009
Car -1 -1 1.439300 651.751300 169.954500 695.845300 201.927600 1.553339 1.682797 4.340844 3.126591 1.449692 37.146709 1.524479 11.177000 5002
Car -1 -1 1.753500 364.810800 182.655600 456.843100 249.175900 1.512387 1.613608 4.097517 -5.208284 1.820134 19.066181 1.488293 12.973000 4998
Car -1 -1 2.562100 839.157200 158.002900 1241.000000 286.306900 1.557001 1.684348 4.460109 5.470268 1.371486 9.520604 3.078429 12.321200 4995
