Car -1 -1 -0.610000 975.277700 152.024100 1057.757200 178.721200 1.491016 1.617854 3.966697 22.751338 0.292896 40.440933 -0.054808 -0.157700 5046
Car -1 -1 -0.298800 821.167900 138.691100 938.436200 179.907000 1.600511 1.656766 4.111347 10.078871 0.315758 26.970818 0.046313 0.669800 5045
Car -1 -1 1.819500 391.554100 176.552100 454.729300 218.679800 1.628518 1.651878 3.840685 -7.655877 1.808992 30.201077 1.569283 0.709200 5041
Car -1 -1 1.676800 501.356500 178.357200 541.558300 208.806800 1.474851 1.633956 4.210762 -4.526423 1.810834 37.856018 1.567388 4.528600 5037
Car -1 -1 -1.514200 615.931700 173.007900 637.652500 192.184200 1.524887 1.619854 3.775294 1.622084 1.560948 60.965675 -1.473019 5.801500 5027
Car -1 -1 -0.740800 1189.829700 137.809500 1241.000000 181.889400 1.527198 1.678622 4.476578 23.554155 0.318882 25.499032 0.014046 6.809800 5025
Car -1 -1 1.542100 565.315200 173.128200 593.851100 199.165000 1.604053 1.705457 4.313813 -1.895764 1.621136 46.353628 1.533677 3.014000 5023
Car -1 -1 -0.616200 1000.101400 146.390700 1096.822400 175.017600 1.483317 1.651264 4.259559 23.148897 0.186537 37.854841 -0.041350 2.876700 5022
Car -1 -1 -0.576700 1022.018200 145.562000 1130.227000 175.934800 1.451198 1.591328 4.233071 22.956904 0.192239 35.320984 -0.008236 7.611100 5009
Car -1 -1 1.433100 656.913300 168.041700 690.163600 192.722100 1.595369 1.680656 4.273804 4.480228 1.312249 49.380074 1.536129 7.953100 5002
Car -1 -1 1.645500 482.487500 177.148900 527.616200 214.727700 1.514713 1.643856 4.131274 -4.414345 1.714591 31.609315 1.511089 6.782900 4998
Car -1 -1 2.833700 724.780500 160.896600 895.654500 215.195100 1.581079 1.705880 4.610920 6.013256 1.243767 21.743363 3.098640 11.398900 4995
