Car -1 -1 1.892500 206.899200 196.375400 403.657700 319.367800 1.485951 1.606034 4.076917 -4.678433 1.939673 11.653080 1.513171 12.094300 5100
Car -1 -1 1.809900 360.383200 188.706200 471.746200 263.136300 1.531192 1.675135 4.304380 -4.691522 1.978478 17.931769 1.556247 12.175800 5096
Car -1 -1 1.766600 431.986400 188.225500 504.078000 240.903700 1.491671 1.593871 3.925305 -4.636744 2.077048 23.839318 1.571454 10.200300 5093
Car -1 -1 1.740400 470.529800 181.091400 524.649100 225.639500 1.693669 1.631898 3.731449 -4.663751 2.102316 30.192884 1.578536 5.612600 5092
Car -1 -1 -2.261900 1119.707800 149.423500 1226.861200 190.445300 1.558681 1.601674 3.487566 22.751419 0.658756 29.372606 -1.604337 7.958200 5087
Car -1 -1 -1.028000 657.398600 178.254300 703.242100 202.315700 1.573514 1.577635 3.516999 4.842996 2.026155 49.401495 -0.911073 0.169500 5083
Car -1 -1 -0.124800 685.593900 175.837700 779.012900 208.593200 1.492382 1.603194 4.141971 5.561939 1.666459 33.745881 0.035973 5.411500 5081
Car -1 -1 -2.152600 1211.108900 142.016700 1241.000000 186.158200 1.716649 1.671068 3.979007 26.965799 0.522963 29.740981 -1.418617 1.816800 5065
Car -1 -1 -0.468600 899.106600 142.608300 1104.042800 206.186400 1.673091 1.743770 4.705425 10.718873 0.899893 20.037306 0.021344 12.359500 5050
Car -1 -1 -2.193400 1066.556300 140.739400 1170.502500 187.989300 1.779240 1.657130 3.572106 20.342160 0.583737 29.159832 -1.584080 8.991000 5049
Car -1 -1 -1.492700 621.550000 181.004800 654.757600 209.734300 1.507938 1.609171 3.569423 1.588198 2.037978 40.900651 -1.450700 8.342700 5027
Car -1 -1 2.355200 0.000000 187.252300 330.164900 374.000000 1.507081 1.603520 4.038883 -2.781448 1.634896 2.776189 1.601199 5.270400 5023
Car -1 -1 1.416400 687.404700 173.358200 745.861900 215.896000 1.585402 1.687790 4.427595 4.220353 1.657574 29.586139 1.554804 11.253700 5002
