Car -1 -1 2.453400 801.712100 163.725400 847.140100 179.209600 1.446892 1.607695 4.027283 20.509277 0.592729 69.013090 2.738048 3.667600 5130
Car -1 -1 1.465900 532.719900 183.351700 569.340400 212.068100 1.492996 1.630686 4.045749 -3.443409 2.122520 41.225845 1.334555 2.328300 5129
Car -1 -1 -1.225700 678.272000 178.998000 743.012600 218.091100 1.494928 1.561548 3.553620 4.195600 1.752895 29.982915 -1.090450 7.104400 5124
Car -1 -1 1.764000 458.597000 187.296200 535.310200 243.820500 1.451151 1.557799 3.580613 -3.264351 1.914598 21.307480 1.606256 9.984500 5105
Car -1 -1 1.682700 493.198600 185.377100 549.935900 230.668700 1.456871 1.612297 3.990578 -3.124350 1.922911 26.174931 1.570522 9.051700 5102
Car -1 -1 2.461300 0.000000 207.382500 175.148900 374.000000 1.529864 1.631751 4.290780 -4.134952 1.783845 3.321508 1.574410 7.019100 5096
Car -1 -1 2.021400 119.272900 195.139800 409.387600 368.114900 1.520211 1.585546 3.844929 -3.879444 1.851326 8.860571 1.604635 13.563100 5093
Car -1 -1 1.861200 363.025000 182.556000 491.597100 276.326100 1.656446 1.596391 3.691714 -3.676128 1.885466 15.053513 1.613229 10.930900 5092
Car -1 -1 -0.994500 715.360400 176.885600 779.922800 212.327700 1.561274 1.525900 3.183725 6.479707 1.754579 33.840531 -0.814825 4.707900 5083
Car -1 -1 -1.521800 665.978200 179.577700 716.413800 227.374900 1.540793 1.607849 3.469923 2.931752 1.802678 25.687529 -1.408509 11.514100 5027
Car -1 -1 1.243400 804.765300 168.445100 976.524800 263.972700 1.580329 1.691638 4.577052 5.224839 1.491861 14.288096 1.591843 13.068100 5002
