Car -1 -1 1.878000 237.354300 196.513900 408.413900 309.467300 1.497634 1.593331 3.801197 -4.723301 1.963487 12.302846 1.517431 10.717700 5100
Car -1 -1 1.816800 368.339900 189.052500 475.866800 260.200600 1.534589 1.671133 4.303048 -4.750571 1.999660 18.641784 1.560869 11.461800 5096
Car -1 -1 1.757800 435.931200 189.825300 504.161900 238.721600 1.459908 1.592853 3.902011 -4.721277 2.081444 24.521875 1.566687 10.589900 5093
Car -1 -1 1.717700 472.491700 182.433800 524.081600 225.642500 1.678409 1.634645 3.764538 -4.751610 2.137901 30.899803 1.565164 6.314600 5092
Car -1 -1 1.940000 441.302500 176.878500 476.984100 196.155600 1.491868 1.583641 3.729264 -11.870986 1.891112 57.007580 1.688837 -0.611900 5088
Car -1 -1 -2.249200 1106.220100 148.972300 1209.322300 188.267600 1.541498 1.613928 3.544951 22.671027 0.612814 30.117983 -1.607149 9.251900 5087
Car -1 -1 -0.905800 654.393800 180.172200 704.470200 204.885400 1.598294 1.592417 3.623306 4.730930 2.124968 50.042801 -0.878991 0.499900 5083
Car -1 -1 -0.126000 678.612100 176.510600 771.306500 208.381700 1.504002 1.610465 4.147587 5.339034 1.689706 34.379589 0.028810 4.462400 5081
Car -1 -1 -2.135800 1179.849800 143.013000 1241.000000 187.303000 1.762337 1.738798 4.349783 26.819216 0.544169 30.246155 -1.423897 3.265300 5065
Car -1 -1 -0.453800 893.344900 146.172100 1089.531300 206.523900 1.658190 1.740001 4.681518 10.741982 0.926422 20.733683 0.020767 9.454300 5050
Car -1 -1 -2.188100 1053.272100 142.524700 1154.353700 187.468000 1.759404 1.660578 3.583764 20.229140 0.591881 29.856444 -1.585342 9.526900 5049
Car -1 -1 -1.483600 619.917400 182.937600 653.470300 211.231900 1.500071 1.605726 3.620751 1.489494 2.092760 41.562925 -1.446009 9.196800 5027
Car -1 -1 2.235200 0.000000 199.165100 388.765000 374.000000 1.566270 1.638340 4.072026 -2.810751 1.759333 4.005950 1.624498 6.977900 5023
Car -1 -1 1.412500 683.555900 176.174600 740.592300 216.703600 1.542527 1.680491 4.421924 4.113546 1.685131 30.172287 1.548339 12.080100 5002
