Car -1 -1 1.648600 546.767400 181.893300 575.420900 206.262200 1.502499 1.606538 3.984833 -3.169486 2.178350 48.373021 1.575496 -0.548000 5119
Car -1 -1 1.851300 440.631200 186.120900 470.587500 204.414400 1.487162 1.566467 3.955978 -13.574651 2.684304 63.714229 1.669525 -0.229300 5116
Car -1 -1 1.738100 495.240900 186.384300 552.178400 227.678400 1.430347 1.559320 3.756718 -3.323189 1.998216 28.354658 1.614032 8.553500 5105
Car -1 -1 1.648100 519.603900 184.032100 562.205500 220.433700 1.493207 1.634594 4.140160 -3.155800 2.037784 33.238562 1.538343 5.262600 5102
Car -1 -1 2.408300 0.000000 202.665200 172.754700 374.000000 1.559389 1.684990 4.357662 -4.393815 1.824914 3.720634 1.530022 8.215900 5100
Car -1 -1 2.009000 148.146200 193.682200 418.362800 344.030000 1.503673 1.647198 4.313211 -4.167614 1.838381 9.997531 1.608004 13.989200 5096
Car -1 -1 1.846300 360.468800 191.116200 486.360100 273.123600 1.463977 1.609629 4.020415 -3.937099 1.909772 15.772037 1.599506 13.268300 5093
Car -1 -1 1.775400 447.301000 181.461700 524.300900 242.700000 1.635463 1.610316 3.676876 -3.722788 1.931141 22.022614 1.608704 8.904800 5092
Car -1 -1 -1.018700 695.990500 179.405300 750.557000 208.506500 1.583851 1.564830 3.350456 6.401700 1.922615 40.848896 -0.864208 5.725300 5083
Car -1 -1 -0.106600 723.657500 170.039400 855.520000 217.747700 1.616777 1.679855 4.376689 6.457919 1.553186 25.354882 0.106753 4.156200 5081
Car -1 -1 -0.696800 1135.195200 116.483300 1241.000000 241.105000 1.794375 1.785650 4.720888 11.337146 0.962519 11.439386 0.084105 9.492700 5050
Car -1 -1 -1.487400 651.920800 180.553000 693.769100 218.039400 1.549059 1.605623 3.482357 2.876720 1.899362 32.634778 -1.399074 10.542900 5027
Car -1 -1 1.342500 743.891800 175.380500 838.424100 233.601400 1.517902 1.674536 4.466147 5.137640 1.561237 21.190311 1.580720 12.836600 5002
