Car -1 -1 1.666200 524.469900 175.648900 558.397100 202.432900 1.464068 1.584257 3.885140 -3.910217 1.614729 41.336443 1.572534 4.290000 5037
Car -1 -1 1.802800 383.627000 151.582400 423.679700 176.520800 1.454974 1.560126 3.612497 -12.264660 0.244676 43.490627 1.371734 1.070400 5035
Car -1 -1 -1.456200 627.017500 170.463900 649.021400 187.174200 1.444204 1.575117 3.550091 2.565538 1.219124 64.076881 -1.452495 1.851000 5027
Car -1 -1 -0.701900 1139.791400 141.549400 1241.000000 180.319500 1.485139 1.670374 4.363946 23.829467 0.243696 28.537273 0.008937 6.150600 5025
Car -1 -1 1.618700 580.749800 170.396300 605.971600 191.804700 1.537020 1.670161 4.080297 -1.093064 1.379142 53.894721 1.590696 5.546600 5023
Car -1 -1 -0.532300 983.417100 150.289500 1073.240000 176.719800 1.478754 1.640550 4.160804 23.689451 0.159217 40.803790 -0.016279 3.486200 5022
Car -1 -1 -0.548700 1003.733400 147.068500 1101.086100 174.814000 1.446586 1.579898 4.265588 23.624903 0.077030 38.360372 0.000948 5.467000 5009
Car -1 -1 -1.916500 881.065600 154.278100 922.026700 174.472700 1.431742 1.588605 3.733236 21.281717 0.078182 52.384650 -1.550774 5.240200 5004
Car -1 -1 1.516700 667.535200 167.068500 694.062900 189.479100 1.545912 1.671439 4.375429 5.259647 1.111059 52.660861 1.602990 6.565900 5002
Car -1 -1 1.658500 505.843200 175.272400 546.164900 209.517800 1.550159 1.614842 4.010530 -3.915796 1.659006 35.003787 1.559632 8.230500 4998
Car -1 -1 -3.407300 723.446100 166.955300 859.296700 210.921900 1.519021 1.644048 4.201649 6.306567 1.249652 25.017332 3.120858 11.608600 4995
