Car -1 -1 2.431300 793.238000 164.099400 837.543600 179.451400 1.444931 1.589501 3.971563 19.704862 0.629665 69.426624 2.731470 4.915000 5130
Car -1 -1 1.173500 526.954000 183.445800 576.587000 211.068700 1.494127 1.597053 3.827122 -3.374754 2.075796 41.849723 1.256872 0.501100 5129
Car -1 -1 -1.230100 677.634100 178.696800 739.166200 217.352600 1.507917 1.558228 3.600737 4.206063 1.761170 30.786019 -1.096518 7.709900 5124
Car -1 -1 1.737000 466.278800 187.295100 536.024400 242.072000 1.448644 1.536600 3.539214 -3.248234 1.918471 22.042554 1.599066 9.188000 5105
Car -1 -1 1.707600 495.721400 184.191200 554.344900 228.579300 1.471872 1.620705 4.062383 -3.083956 1.909189 26.990276 1.584311 6.462300 5102
Car -1 -1 2.393400 0.000000 201.421500 231.287300 374.000000 1.523009 1.622287 4.340746 -4.111351 1.768745 4.015931 1.588504 9.734400 5096
Car -1 -1 1.992000 176.778800 194.147700 421.632100 345.529800 1.516346 1.578339 3.812614 -3.880719 1.848200 9.675534 1.603559 12.542400 5093
Car -1 -1 1.833200 376.622500 182.626800 495.337700 270.476600 1.651505 1.598480 3.741410 -3.676516 1.884760 15.842551 1.602275 10.921300 5092
Car -1 -1 -1.009000 711.751800 177.233800 777.252400 211.681200 1.562203 1.553568 3.265801 6.495910 1.748347 34.657398 -0.828619 5.063900 5083
Car -1 -1 -1.512200 664.494800 180.027400 714.196000 226.675800 1.537060 1.596925 3.502807 2.952845 1.810887 26.505067 -1.407230 10.394000 5027
Car -1 -1 1.258600 793.549500 164.350900 951.463800 254.671100 1.578595 1.684741 4.532154 5.197398 1.465096 15.063739 1.587866 14.731400 5002
