Car -1 -1 1.793800 435.850100 170.571300 489.013500 209.434100 1.800109 1.713891 4.129960 -7.330252 1.656010 35.803746 1.583620 -0.497500 5034
Car -1 -1 -1.471800 624.277700 172.154300 644.986300 188.360800 1.452425 1.573251 3.593895 2.323434 1.458002 66.262922 -1.422916 4.435500 5027
Car -1 -1 -0.710300 1183.410000 141.068500 1241.000000 182.903000 1.484666 1.656281 4.157976 23.791279 0.388294 26.537412 0.019616 6.477300 5026
Car -1 -1 -0.612600 1105.592700 144.914000 1235.588900 180.900200 1.475449 1.643093 4.195509 23.729873 0.345080 30.577392 0.042520 2.528600 5025
Car -1 -1 1.717300 580.869400 170.958300 608.351300 189.947900 1.485679 1.653614 4.169995 -1.162658 1.349664 58.470790 1.656252 2.615700 5023
Car -1 -1 -0.546800 962.553100 149.443700 1048.105000 174.858700 1.498227 1.654341 4.243445 23.565221 0.174401 43.013718 -0.042908 4.255900 5022
Car -1 -1 -0.517500 980.220300 148.480500 1074.046400 174.944700 1.452994 1.569150 4.230311 23.402227 0.162392 40.485181 0.010371 6.502300 5009
Car -1 -1 -1.964800 863.102500 155.486600 901.381000 174.600900 1.466000 1.571469 3.530294 21.399659 0.164121 54.352497 -1.592647 4.173400 5004
Car -1 -1 1.535900 664.584600 169.286200 688.243400 189.499100 1.502435 1.664074 3.995627 5.054541 1.278764 54.435564 1.609601 6.339700 5002
Car -1 -1 1.700300 508.307400 174.921600 550.303300 208.601700 1.598510 1.648205 4.020793 -4.066757 1.764921 37.097859 1.567056 5.431100 4998
Car -1 -1 2.871700 715.426900 165.485300 839.493300 208.740900 1.577874 1.675983 4.306165 6.299741 1.319901 27.151340 3.098620 7.005300 4995
