Car -1 -1 -0.342600 793.576700 172.274400 1014.002300 237.778900 1.444960 1.641520 4.458134 6.667881 1.444609 16.843893 0.015543 8.026800 5134
Car -1 -1 2.400100 821.957000 163.925100 867.774500 179.574100 1.461243 1.619971 4.156040 22.214722 0.682618 68.202013 2.719836 5.663400 5130
Car -1 -1 1.175900 517.345400 182.329600 571.948600 211.553700 1.488053 1.604238 4.047573 -3.749386 2.087827 39.404477 1.179303 2.237900 5129
Car -1 -1 -1.218200 680.857400 180.262800 752.106700 220.821400 1.463166 1.578623 3.650408 4.231453 1.769875 28.542868 -1.080920 8.556800 5124
Car -1 -1 1.774200 444.153300 190.243400 527.973200 250.425300 1.403176 1.548269 3.603304 -3.294461 1.926033 19.672409 1.606980 9.969500 5105
Car -1 -1 1.692600 484.312300 183.610800 546.030200 233.450400 1.478846 1.601686 4.097868 -3.176645 1.909131 24.652030 1.569331 7.804100 5102
Car -1 -1 2.502100 0.000000 221.363200 148.551600 374.000000 1.508008 1.640186 4.427502 -3.986485 1.808678 1.951216 1.544800 5.507700 5096
Car -1 -1 2.078100 0.000000 200.120200 370.410700 374.000000 1.484190 1.592183 3.812962 -3.896647 1.828965 7.303029 1.591709 15.502000 5093
Car -1 -1 1.883600 330.333600 190.358000 477.332300 288.685500 1.550809 1.580270 3.667735 -3.698214 1.869230 13.458694 1.609219 13.711100 5092
Car -1 -1 -1.051800 720.232600 179.334000 788.359000 213.582900 1.467440 1.546053 3.301506 6.470918 1.749557 32.289298 -0.845808 5.313800 5083
Car -1 -1 -1.517200 668.660700 181.099400 721.681100 230.935600 1.514475 1.589066 3.386114 2.880584 1.808521 24.097015 -1.403335 11.475700 5027
Car -1 -1 1.191100 824.083200 169.898900 1019.018900 273.943800 1.542335 1.643671 4.183586 5.156939 1.485150 12.676896 1.581896 13.816100 5002
