Car -1 -1 1.655000 498.185000 177.087300 549.591900 225.019100 1.589833 1.583154 3.656400 -3.191225 1.801909 26.956722 1.560711 5.223900 5142
Car -1 -1 2.329700 917.580200 162.094800 1000.344000 192.187000 1.546793 1.608206 4.024707 18.417632 0.949519 38.123126 2.770550 9.370100 5140
Car -1 -1 -0.146200 445.156700 171.804300 506.439300 192.095200 1.534966 1.671151 4.452781 -10.497286 1.433579 56.248703 -0.330443 5.942700 5138
Car -1 -1 -0.586600 962.239800 165.677800 1241.000000 293.710800 1.424535 1.609522 4.237983 6.783535 1.313935 8.901892 0.070558 10.177500 5134
Car -1 -1 -1.286000 724.406900 175.212000 815.379700 234.171200 1.490063 1.574045 3.635278 4.559036 1.555858 20.612721 -1.073319 5.932100 5124
Car -1 -1 1.849200 337.348900 192.177500 493.902700 299.241700 1.410959 1.519667 3.520341 -3.074146 1.762693 11.933334 1.597954 13.307600 5105
Car -1 -1 1.742400 432.479800 183.786500 532.335100 257.696400 1.471087 1.620479 3.934432 -2.904974 1.746746 16.848028 1.574553 11.836700 5102
Car -1 -1 2.177600 0.000000 192.488400 362.278400 374.000000 1.568611 1.602937 3.654586 -3.542008 1.744494 5.733184 1.623375 9.286300 5092
Car -1 -1 -1.074900 767.741600 169.494500 857.016300 219.246200 1.555949 1.524977 3.354658 6.835735 1.431132 24.382724 -0.810170 7.691200 5083
Car -1 -1 -1.593000 713.458900 180.346600 794.323300 257.581300 1.492715 1.593630 3.599707 3.129963 1.638955 16.269855 -1.403015 11.651200 5027
Car -1 -1 0.776400 1083.526700 139.781100 1241.000000 374.000000 1.614733 1.668119 4.250366 5.261528 1.463373 4.796565 1.610190 7.024500 5002
