Car -1 -1 -1.646500 644.880600 175.812000 670.054900 197.990000 1.580827 1.613124 3.769674 3.299437 1.797891 54.205889 -1.503701 0.600400 5083
Car -1 -1 -0.051900 661.604200 170.519200 740.138700 199.585600 1.522373 1.628808 4.074182 4.766088 1.408265 38.370487 0.057491 2.533000 5081
Car -1 -1 -2.131400 1120.669700 146.493500 1213.999200 182.830500 1.621500 1.642620 4.050818 26.196971 0.395061 34.169214 -1.470260 3.526500 5065
Car -1 -1 -0.771500 1178.384800 142.748200 1241.000000 186.377700 1.480361 1.616695 4.044554 22.337849 0.395757 25.073167 -0.049104 4.568800 5062
Car -1 -1 -0.389600 835.101100 152.736400 994.256600 201.797400 1.640099 1.724959 4.747254 10.258543 0.875922 24.643746 0.004590 13.145800 5050
Car -1 -1 -2.125000 989.951100 150.834500 1071.853200 185.114100 1.562640 1.611632 3.704628 19.648494 0.539180 34.015041 -1.595538 11.088900 5049
Car -1 -1 -1.499800 606.828400 177.738500 635.983200 201.975800 1.473451 1.599502 3.618899 0.684768 1.708931 45.387452 -1.466075 8.646500 5027
Car -1 -1 1.825000 355.402700 181.484700 523.595600 296.230000 1.584400 1.681933 4.319300 -2.692487 1.695658 12.142744 1.599788 12.903600 5023
Car -1 -1 1.435100 665.108200 171.823300 714.328200 207.311000 1.559766 1.688996 4.461293 3.619292 1.449784 34.052704 1.536232 9.106200 5002
Car -1 -1 1.820000 312.343100 182.261600 431.145800 267.335100 1.560473 1.588050 3.857364 -5.103923 1.787455 15.875236 1.506115 7.801100 4998
Car -1 -1 2.379000 967.068800 148.467300 1241.000000 366.639500 1.599492 1.645129 4.289251 5.588633 1.421820 6.233188 3.110761 7.716500 4995
