Car -1 -1 -1.171600 653.567600 177.412900 706.708300 209.116600 1.600109 1.599963 3.651968 3.883001 1.846191 39.880262 -1.099789 2.344400 5106
Car -1 -1 1.712200 501.834900 182.467000 550.994100 219.177000 1.438936 1.571951 3.680437 -3.568558 1.861202 31.147680 1.594571 7.802000 5105
Car -1 -1 1.644700 520.654500 182.067300 559.169000 214.462100 1.465943 1.611531 4.022137 -3.445982 1.901658 35.840225 1.525469 3.491700 5102
Car -1 -1 2.113600 0.000000 196.140400 296.208400 374.000000 1.500720 1.590407 3.966434 -4.413103 1.775376 6.519486 1.517794 11.829900 5100
Car -1 -1 1.912200 259.495400 188.121800 447.713000 298.903700 1.520732 1.664043 4.426784 -4.270842 1.809586 12.745659 1.587683 13.647800 5096
Car -1 -1 1.800700 400.801800 184.969100 497.220500 253.911100 1.510342 1.611090 3.797715 -4.075765 1.854728 18.594520 1.587379 11.959200 5093
Car -1 -1 1.755000 461.351800 178.280500 530.055300 231.729800 1.663203 1.635230 3.874160 -3.890900 1.838589 24.930096 1.603286 7.497500 5092
Car -1 -1 -0.928500 683.283100 176.542800 736.215800 202.116300 1.542580 1.576530 3.457059 6.069381 1.701743 43.839171 -0.833259 5.243200 5083
Car -1 -1 -0.177100 715.512000 169.361600 831.474100 211.926300 1.584633 1.646057 4.153765 6.268715 1.452704 28.249142 0.045508 3.861800 5081
Car -1 -1 -0.595200 1022.862000 124.219200 1241.000000 218.232400 1.751060 1.756875 4.666315 11.107582 0.838986 14.449547 0.054541 9.791400 5050
Car -1 -1 -1.499300 642.476000 177.527500 680.611900 211.466100 1.538020 1.612141 3.505320 2.552080 1.771064 35.492590 -1.426180 8.564500 5027
Car -1 -1 1.377400 724.693100 169.701700 803.308700 223.024100 1.601196 1.693067 4.488122 4.960402 1.487074 24.118922 1.581624 12.487200 5002
