Car -1 -1 1.793800 435.850100 170.571300 489.013500 209.434100 1.800109 1.713891 4.129960 -7.400472 1.753464 36.466083 1.583620 -0.497500 5034
Car -1 -1 -0.754800 1206.718400 146.065100 1241.000000 189.359400 1.479005 1.624514 4.129361 23.835137 0.535935 24.673460 0.003486 2.233100 5030
Car -1 -1 -1.404700 620.282400 175.715700 644.198200 192.247200 1.461688 1.585631 3.782227 2.123293 1.688047 67.057360 -1.399157 -0.045400 5027
Car -1 -1 -0.691000 1163.100000 145.693800 1241.000000 186.248800 1.478301 1.658029 4.275245 23.718645 0.478152 27.333381 0.018995 8.333600 5026
Car -1 -1 -0.610600 1094.514500 147.249300 1220.011900 181.612200 1.467276 1.639847 4.241314 23.715544 0.400711 31.362754 0.037859 6.275000 5025
Car -1 -1 1.621400 581.085000 172.431600 603.806300 191.139900 1.494385 1.667555 4.298647 -1.372162 1.457894 60.146368 1.591601 4.300400 5023
Car -1 -1 -0.528500 952.924800 151.772000 1038.848000 177.523600 1.523350 1.656996 4.263258 23.436304 0.318947 43.828225 -0.036448 3.455100 5022
Car -1 -1 -0.485300 969.516300 150.900800 1057.945700 176.603800 1.445380 1.569879 4.022089 23.133212 0.263257 41.247903 0.018899 6.777900 5009
Car -1 -1 -1.964800 863.102500 155.486600 901.381000 174.600900 1.466000 1.571469 3.530294 20.925461 0.194530 55.182111 -1.592647 4.173400 5004
Car -1 -1 1.476900 658.272400 170.810000 686.343800 192.215000 1.560093 1.711603 4.277532 4.837262 1.440214 55.381302 1.582097 4.280800 5002
Car -1 -1 1.662300 507.918900 177.769200 546.583000 209.612400 1.551442 1.644815 4.137441 -4.229765 1.829279 37.746318 1.530741 5.943500 4998
Car -1 -1 2.883500 712.068100 166.236600 835.059500 208.761500 1.585600 1.688415 4.384421 6.252550 1.361979 27.842773 3.102697 7.850900 4995
