Car -1 -1 1.840600 440.111000 172.672700 480.164000 196.211600 1.502326 1.595971 3.906634 -9.833177 1.470947 47.340498 1.603660 0.318300 5125
Car -1 -1 -1.208200 667.809000 181.468800 723.842100 213.956100 1.478511 1.573229 3.548040 4.226138 1.907412 35.416468 -1.092049 5.678600 5124
Car -1 -1 1.653400 546.414100 182.676400 576.310600 207.943900 1.510560 1.603509 4.036457 -3.143243 2.176699 46.770400 1.579000 1.504300 5119
Car -1 -1 1.818300 440.558300 185.988600 469.909900 204.368300 1.483640 1.574150 3.984804 -13.431349 2.765076 62.268660 1.630122 0.442800 5116
Car -1 -1 1.734900 493.714900 187.259300 550.989200 230.502300 1.436953 1.551913 3.671269 -3.223587 1.999078 26.863181 1.615000 7.769000 5105
Car -1 -1 1.649900 517.621000 185.513700 561.572300 222.987800 1.477641 1.619327 3.989427 -3.044299 2.054831 31.705264 1.549096 4.635000 5102
Car -1 -1 2.500100 0.000000 184.347700 114.718100 374.000000 1.556615 1.658853 4.413185 -4.330164 1.682429 2.306017 1.526733 3.560300 5100
Car -1 -1 2.051400 33.033600 190.483600 397.644100 374.000000 1.523513 1.684020 4.502823 -4.121531 1.802095 8.547935 1.603811 13.138500 5096
Car -1 -1 1.861600 331.336300 192.006500 477.592100 287.494300 1.485790 1.618353 4.067519 -3.884345 1.929345 14.290281 1.600380 12.578200 5093
Car -1 -1 1.797900 434.348800 182.191900 520.479300 248.130200 1.631111 1.607581 3.660048 -3.661867 1.938525 20.462415 1.615807 8.592900 5092
Car -1 -1 -1.039600 700.055000 177.884600 756.886500 209.189100 1.581855 1.559419 3.350074 6.511929 1.924753 39.359600 -0.875308 5.516100 5083
Car -1 -1 -0.211300 739.793600 173.521400 891.574200 221.526600 1.535719 1.648313 4.524079 6.658689 1.547920 23.867788 0.073503 6.747200 5081
Car -1 -1 -0.726800 1162.519700 120.275800 1241.000000 244.061100 1.726345 1.718192 4.598710 11.297923 0.979322 10.093655 0.078910 8.055500 5050
Car -1 -1 -1.494500 656.866900 180.529800 699.611200 220.418400 1.546204 1.575123 3.421563 2.969552 1.926261 31.132270 -1.398094 11.374700 5027
Car -1 -1 1.352700 757.934800 173.093600 855.017400 238.321600 1.583165 1.653734 4.227747 5.190045 1.590885 19.713436 1.603696 11.949500 5002
