Car -1 -1 1.802800 383.627000 151.582400 423.679700 176.520800 1.454974 1.560126 3.612497 -12.564998 0.209294 43.934554 1.371734 1.070400 5035
Car -1 -1 -1.571900 627.465000 171.380000 645.588100 187.977400 1.448742 1.586957 3.680329 2.474786 1.276788 64.825579 -1.509443 2.415100 5027
Car -1 -1 -0.752100 1200.789100 138.454600 1241.000000 181.416500 1.485985 1.674834 4.317135 24.095171 0.275587 24.999907 0.005453 6.897800 5026
Car -1 -1 -0.644800 1128.470600 139.583300 1241.000000 177.124800 1.476933 1.637237 4.174084 23.767715 0.191806 29.213829 0.037440 2.188200 5025
Car -1 -1 1.575300 583.525200 172.552900 605.536000 193.568700 1.533091 1.632692 3.995319 -1.054864 1.459360 55.280089 1.581900 1.071700 5023
Car -1 -1 -0.533500 976.594900 148.797800 1066.025400 175.313800 1.502141 1.644676 4.200452 23.702335 0.090693 41.589585 -0.029028 3.881300 5022
Car -1 -1 -0.540600 995.518200 146.719600 1094.102200 173.864800 1.446563 1.597532 4.340969 23.628526 0.054555 39.103569 0.002968 7.776000 5009
Car -1 -1 -1.960400 876.172500 153.329100 917.937300 173.580700 1.461366 1.600860 3.736071 21.264096 0.045579 53.153556 -1.578490 6.459400 5004
Car -1 -1 1.486600 665.226000 166.509900 692.478500 187.824100 1.513571 1.655646 4.277098 5.209112 1.066540 53.350677 1.586469 5.342700 5002
Car -1 -1 1.697500 507.227100 174.658000 550.567700 208.230200 1.546211 1.637076 4.046984 -3.886465 1.652264 35.651785 1.586381 5.105100 4998
Car -1 -1 2.892800 728.859600 162.403100 850.387600 208.503000 1.593970 1.643478 4.061283 6.363173 1.223436 25.698496 3.125830 9.569300 4995
