Car -1 -1 1.840600 440.111000 172.672700 480.164000 196.211600 1.502326 1.595971 3.906634 -9.596159 1.525441 46.650320 1.603660 0.318300 5125
Car -1 -1 -1.224400 669.430200 180.500000 727.783000 214.062900 1.478130 1.588303 3.701497 4.275206 1.873318 34.740950 -1.098130 5.919000 5124
Car -1 -1 1.653400 546.414100 182.676400 576.310600 207.943900 1.510560 1.603509 4.036457 -3.098203 2.165089 45.997394 1.579000 1.504300 5119
Car -1 -1 1.811800 434.061500 184.695800 464.190400 203.538500 1.486510 1.585203 4.035027 -13.649946 2.582875 61.560505 1.603000 1.318600 5116
Car -1 -1 1.724800 490.632800 187.831500 547.573800 232.566800 1.431729 1.530088 3.561093 -3.216581 2.002244 26.053401 1.605977 6.834700 5105
Car -1 -1 1.681600 513.989300 183.964800 562.616900 222.811500 1.487171 1.627347 4.062506 -3.018148 2.018387 30.980553 1.570806 5.924700 5102
Car -1 -1 2.084900 0.000000 196.178200 381.985600 374.000000 1.499154 1.677766 4.522462 -4.103475 1.803847 7.802175 1.599972 14.872700 5096
Car -1 -1 1.880500 317.919700 192.890700 469.017600 292.956300 1.490555 1.595515 3.925112 -3.876199 1.925100 13.525220 1.599465 13.042400 5093
Car -1 -1 1.794000 427.975500 185.299700 518.132800 251.489200 1.588893 1.603514 3.771821 -3.645263 1.938249 19.735674 1.612095 10.822700 5092
Car -1 -1 -1.033100 702.321300 177.395100 760.357500 209.341300 1.596901 1.560334 3.355034 6.533173 1.888079 38.596870 -0.869926 5.489600 5083
Car -1 -1 -0.226600 748.333000 169.467600 901.299300 220.385700 1.556979 1.646010 4.479873 6.753852 1.497645 23.184705 0.063268 4.270300 5081
Car -1 -1 -1.485800 658.135700 180.236100 702.778600 220.500500 1.550590 1.579806 3.441548 2.999518 1.900848 30.380685 -1.391979 11.018300 5027
Car -1 -1 1.323600 763.405100 169.826500 871.028600 240.660000 1.620516 1.664405 4.264924 5.230121 1.582038 18.941889 1.597085 13.308800 5002
