Car -1 -1 -1.161400 704.235100 158.601000 738.414100 176.026200 1.468366 1.596345 3.707313 9.638736 0.237815 62.501293 -1.004461 1.397300 5110
Car -1 -1 2.002400 442.345200 179.613800 476.339100 195.977700 1.487910 1.609353 4.095498 -14.579792 2.125195 69.789946 1.763447 0.258100 5109
Car -1 -1 -1.182600 644.069700 175.043600 695.335700 203.500300 1.550141 1.615351 3.862325 3.345164 1.681128 42.070427 -1.226561 2.354400 5106
Car -1 -1 1.691100 504.842700 181.205000 548.090200 215.342500 1.442940 1.558586 3.671100 -3.822508 1.816573 33.183895 1.581919 5.716600 5105
Car -1 -1 1.649900 518.652200 179.416000 555.722400 209.569800 1.467493 1.615657 4.026696 -3.803257 1.812424 37.954842 1.550921 3.622800 5102
Car -1 -1 2.002500 32.486200 192.973900 352.727800 374.000000 1.534302 1.616386 4.085347 -4.489785 1.821318 8.466052 1.515516 14.514900 5100
Car -1 -1 1.877600 310.794700 182.479700 459.039100 276.088900 1.568028 1.664981 4.308925 -4.425015 1.807578 14.756779 1.580479 13.055700 5096
Car -1 -1 1.795700 413.629100 183.080900 502.198800 243.214800 1.490284 1.609801 3.990966 -4.274387 1.820915 20.656655 1.586871 11.376800 5093
Car -1 -1 1.754900 465.288500 175.587700 528.476200 224.466200 1.670220 1.649863 3.890910 -4.154487 1.791660 26.890822 1.597356 7.683600 5092
Car -1 -1 -1.073200 673.967400 173.299600 723.700800 200.363100 1.619278 1.608179 3.566530 5.621426 1.670089 45.888981 -0.891096 3.414200 5083
Car -1 -1 -0.219600 696.567100 165.907000 804.191600 205.356100 1.562600 1.641297 4.167568 5.874227 1.348624 30.258551 -0.009428 3.759500 5081
Car -1 -1 -0.541700 968.701700 127.185500 1223.159900 211.434800 1.793688 1.761284 4.666998 10.959562 0.823014 16.583028 0.038550 13.934900 5050
Car -1 -1 -2.244500 1138.111500 134.378600 1241.000000 183.950500 1.640073 1.628759 3.692190 20.789615 0.382507 25.551395 -1.560465 6.820400 5049
Car -1 -1 -1.490900 634.718400 176.462500 671.318000 207.338100 1.528395 1.608405 3.667963 2.254548 1.709652 37.615600 -1.426897 8.983000 5027
Car -1 -1 1.393400 708.686600 172.071400 777.310600 216.234900 1.496114 1.661608 4.507576 4.674555 1.431166 26.217270 1.567613 11.967100 5002
