Car -1 -1 -0.199300 713.023500 173.558700 778.783800 196.273800 1.442800 1.602989 3.944740 8.622157 1.479215 46.305329 -0.021900 4.596200 5061
Car -1 -1 1.175500 860.189200 154.220700 907.573800 177.761300 1.513957 1.598160 3.926377 18.423480 0.252088 48.761616 1.552749 -0.335300 5058
Car -1 -1 -0.650600 1043.731700 151.508200 1163.891600 185.849700 1.485782 1.654601 4.295964 22.136630 0.553691 32.489047 -0.037952 8.014600 5054
Car -1 -1 1.737100 482.977000 181.058100 526.798300 212.685800 1.532324 1.618535 4.011059 -5.523339 2.022014 37.877247 1.577960 3.629500 5052
Car -1 -1 -2.037900 936.917200 160.474100 994.650900 185.051600 1.446397 1.609283 3.813997 21.626271 0.697835 44.245916 -1.599695 6.531100 5051
Car -1 -1 -0.338100 766.430400 161.624600 874.161000 195.766400 1.607252 1.727765 4.645317 9.927065 1.095145 34.516576 -0.041880 6.181300 5050
Car -1 -1 -2.010400 898.555400 154.322300 955.269000 182.503500 1.631450 1.642322 3.810737 19.181540 0.574473 43.942601 -1.597651 6.099600 5049
Car -1 -1 1.738100 457.549100 180.502300 511.975600 220.380400 1.562789 1.666666 4.161945 -5.481255 1.976452 31.842826 1.555566 8.485000 5037
Car -1 -1 -1.459200 598.175700 178.473600 625.186200 199.385000 1.486255 1.623060 3.821780 0.128101 1.940501 55.110320 -1.479553 5.557700 5027
Car -1 -1 1.655900 523.109200 179.192500 566.608700 215.500400 1.522761 1.640607 4.092493 -2.967369 1.831326 33.116158 1.569949 6.696400 5023
Car -1 -1 -0.677700 1076.513400 150.587100 1204.386800 185.855500 1.438976 1.615276 4.147151 22.057124 0.504445 30.069660 -0.032780 11.452700 5009
Car -1 -1 1.455700 644.217000 174.424500 680.142900 200.056900 1.498324 1.667998 4.397608 3.127676 1.590104 43.624342 1.529477 9.639200 5002
Car -1 -1 1.710000 427.825800 182.666400 490.738100 231.662300 1.538811 1.634833 3.976265 -5.238540 1.918516 25.456495 1.503725 11.113300 4998
Car -1 -1 2.751000 757.990000 165.192300 971.794600 241.559500 1.585272 1.677756 4.281192 5.548206 1.409439 16.009285 3.083385 13.205500 4995
