Car -1 -1 1.710900 498.585300 180.647700 551.752800 222.378000 1.495708 1.549306 3.564008 -3.200086 1.772386 27.580566 1.599049 6.823300 5142
Car -1 -1 2.302600 910.654200 159.867800 990.344800 190.368000 1.574613 1.622131 4.002065 18.350223 0.905980 38.945802 2.756392 8.656000 5140
Car -1 -1 -0.100300 422.617200 170.700000 483.196100 190.833100 1.529248 1.695989 4.375247 -12.170881 1.435489 56.534769 -0.330189 7.713800 5138
Car -1 -1 -0.521900 931.888500 158.797700 1241.000000 280.235400 1.438993 1.629136 4.306237 6.748970 1.287263 9.682991 0.079714 10.336700 5134
Car -1 -1 -1.295700 716.883100 175.791900 802.768400 229.771000 1.456671 1.572985 3.616959 4.463528 1.521245 21.381480 -1.084190 6.661600 5124
Car -1 -1 1.828000 361.028200 189.322300 496.103400 287.436800 1.420764 1.484665 3.392420 -3.093620 1.754584 12.685180 1.599498 12.698800 5105
Car -1 -1 1.747200 438.768800 183.151100 533.623900 254.197000 1.484497 1.608795 3.885942 -2.955615 1.754907 17.613653 1.578036 11.668100 5102
Car -1 -1 2.116400 0.000000 184.399400 379.621400 374.000000 1.602931 1.591185 3.620746 -3.554569 1.734330 6.471738 1.621393 10.422900 5092
Car -1 -1 -1.084600 760.555300 168.391900 849.836200 216.400800 1.547615 1.556978 3.414295 6.805133 1.404754 25.209481 -0.824036 9.718400 5083
Car -1 -1 -1.575900 706.695500 176.327900 782.937300 246.971100 1.489341 1.598048 3.546808 3.099302 1.569095 17.058001 -1.403364 11.611200 5027
Car -1 -1 0.863900 1034.856400 132.087500 1241.000000 374.000000 1.668181 1.675915 4.224746 5.233094 1.467418 5.555810 1.613735 8.050300 5002
