Car -1 -1 2.481100 781.824000 165.361800 825.510000 180.557400 1.445149 1.564646 3.870583 18.684384 0.696532 69.701823 2.769534 5.193900 5130
Car -1 -1 1.609700 540.593000 179.264200 570.973400 207.156100 1.540737 1.633100 4.149471 -3.162376 1.952086 42.982859 1.531580 2.771900 5129
Car -1 -1 -1.237300 673.649200 178.085300 737.649400 215.801800 1.494191 1.610859 3.796094 4.209252 1.745300 31.588101 -1.100269 6.482200 5124
Car -1 -1 1.756500 471.452200 185.939000 540.402800 236.846000 1.424445 1.536924 3.556710 -3.230653 1.889274 22.872931 1.615514 8.618800 5105
Car -1 -1 1.684400 502.706000 182.528000 556.095800 225.793500 1.484449 1.614728 3.984367 -3.046680 1.901322 27.836648 1.572194 6.715600 5102
Car -1 -1 2.294700 0.000000 198.526900 274.556100 374.000000 1.543087 1.669835 4.328038 -4.099886 1.798467 4.754514 1.583170 9.375300 5096
Car -1 -1 1.955000 206.251900 190.438800 436.010700 331.412200 1.518038 1.603804 3.972985 -3.886098 1.840639 10.469909 1.596696 14.001300 5093
Car -1 -1 1.815400 390.066700 180.766200 501.286300 265.793000 1.667370 1.608804 3.723790 -3.654799 1.891848 16.635319 1.601748 10.734100 5092
Car -1 -1 -1.012200 711.364700 175.436500 772.657500 209.278700 1.582111 1.519539 3.199624 6.504351 1.711677 35.403021 -0.834637 6.120900 5083
Car -1 -1 -0.331300 757.313300 169.984600 923.339800 225.505800 1.538669 1.640002 4.291211 6.630812 1.498510 20.076697 -0.007459 2.501100 5081
Car -1 -1 -1.527300 663.456700 179.142200 709.643200 223.009900 1.511269 1.578033 3.413341 2.954385 1.770983 27.259669 -1.415368 11.647500 5027
Car -1 -1 1.265800 787.371900 173.049900 931.541500 253.275400 1.551242 1.665877 4.428039 5.201845 1.503578 15.805185 1.585061 13.758000 5002
