Car -1 -1 -1.530500 626.143100 170.680000 645.526500 187.089800 1.449134 1.596272 3.735551 2.441380 1.290208 65.573038 -1.467281 4.203300 5027
Car -1 -1 -0.752100 1200.789100 138.454600 1241.000000 181.416500 1.485985 1.674834 4.317135 23.967424 0.315112 25.792651 0.005453 6.897800 5026
Car -1 -1 -0.612600 1105.592700 144.914000 1235.588900 180.900200 1.475449 1.643093 4.195509 23.888195 0.314455 29.754723 0.042520 2.528600 5025
Car -1 -1 1.717300 580.869400 170.958300 608.351300 189.947900 1.485679 1.653614 4.169995 -0.827077 1.271610 56.965299 1.656252 2.615700 5023
Car -1 -1 -0.558000 968.718000 146.561200 1053.071700 172.920700 1.508840 1.633797 4.152319 23.593530 0.046238 42.329356 -0.048651 3.152000 5022
Car -1 -1 -0.524000 986.911800 146.989500 1081.678400 173.760400 1.450711 1.590627 4.265841 23.497769 0.081352 39.791031 0.007608 5.995900 5009
Car -1 -1 -1.933400 870.842200 152.610700 913.445100 173.535200 1.495089 1.618888 3.893042 21.210619 0.068649 53.860049 -1.570543 6.582000 5004
Car -1 -1 1.495600 664.193000 166.484500 691.150600 187.618200 1.513847 1.672063 4.277743 5.169412 1.123642 54.005207 1.596127 5.636400 5002
Car -1 -1 1.709900 507.097000 175.897300 551.084700 207.776100 1.532312 1.648202 4.033529 -3.952178 1.684346 36.276844 1.586675 5.929500 4998
Car -1 -1 2.894000 718.207600 161.092500 846.469000 206.762500 1.602982 1.680011 4.295062 6.311899 1.236899 26.441015 3.114553 10.099900 4995
