Car -1 -1 1.646600 498.410700 181.574400 532.407300 210.476700 1.481346 1.584580 3.840826 -5.264778 1.966232 39.951629 1.525323 0.124400 5089
Car -1 -1 1.772700 440.585700 172.135500 468.695900 190.678600 1.481463 1.583076 3.742300 -12.717550 1.443165 59.261208 1.560416 -0.344300 5088
Car -1 -1 -2.171200 1057.518400 150.711100 1144.530600 184.271900 1.474638 1.590239 3.518398 22.267934 0.516390 32.949229 -1.587847 7.775000 5087
Car -1 -1 -1.447500 640.471600 177.988100 668.614600 200.078400 1.544624 1.607679 3.810218 3.274401 1.936137 52.986620 -1.418307 -0.319100 5083
Car -1 -1 -0.062100 665.532300 172.838400 748.734100 202.543800 1.497933 1.621671 4.123270 4.911682 1.495871 37.085617 0.061652 3.605100 5081
Car -1 -1 -2.107800 1136.358500 144.193300 1228.142700 181.983100 1.647912 1.650927 3.837341 26.459737 0.401134 33.430486 -1.448508 2.560100 5065
Car -1 -1 -0.400600 850.823100 155.295800 1020.644900 201.689400 1.499865 1.688107 4.781354 10.381457 0.897221 23.356590 0.013570 12.935600 5050
Car -1 -1 -2.137300 1009.543700 143.939700 1094.539000 185.316200 1.696554 1.644098 3.580957 19.829315 0.537235 32.648411 -1.591264 10.707100 5049
Car -1 -1 -1.469300 608.687200 179.008700 641.464800 205.965800 1.548956 1.632507 3.657925 0.913327 1.897090 44.217591 -1.450752 9.162600 5027
Car -1 -1 1.888800 247.846900 177.828400 497.899700 349.443500 1.655101 1.696082 4.308567 -2.747875 1.739965 9.373024 1.602769 11.869000 5023
Car -1 -1 1.436600 668.773400 171.646200 719.731900 209.433600 1.581854 1.690579 4.478201 3.716571 1.517858 32.749978 1.543475 10.269200 5002
Car -1 -1 1.788800 304.747200 185.397900 426.116500 272.243600 1.537066 1.588328 3.951265 -5.066779 1.808817 14.647764 1.483300 7.948300 4998
Car -1 -1 2.297200 1026.098300 169.392500 1241.000000 374.000000 1.584277 1.661780 4.365522 5.518151 1.504514 5.038894 3.114066 6.065300 4995
