Car -1 -1 -0.586200 432.634700 172.206300 498.363300 196.805500 1.457873 1.585182 3.697991 -8.635926 1.394059 43.527338 -0.908977 1.358300 5125
Car -1 -1 -1.221700 671.553300 179.267300 735.237200 214.913000 1.462787 1.598173 3.767769 4.217485 1.749639 32.347626 -1.092775 6.743300 5124
Car -1 -1 1.757900 475.824200 187.568400 543.237300 237.099100 1.437139 1.555732 3.561743 -3.233025 1.944572 23.706261 1.616669 7.507400 5105
Car -1 -1 1.682300 505.218400 183.970000 557.376300 225.109300 1.465596 1.625613 4.086253 -3.051442 1.924325 28.644268 1.568949 5.789200 5102
Car -1 -1 2.236100 0.000000 200.229000 305.414500 374.000000 1.529474 1.669406 4.336836 -4.112881 1.806471 5.515570 1.589918 10.867700 5096
Car -1 -1 1.930300 245.553200 191.875700 444.387300 314.591100 1.487195 1.597178 3.806626 -3.875050 1.844707 11.244921 1.597175 14.320600 5093
Car -1 -1 1.819900 402.019200 182.863100 506.489900 261.355500 1.634153 1.607354 3.627015 -3.646783 1.894821 17.436568 1.609592 11.308200 5092
Car -1 -1 -1.011500 708.036900 174.809400 769.486100 208.616500 1.603324 1.532060 3.259530 6.500501 1.734629 36.176210 -0.839712 6.004500 5083
Car -1 -1 -0.331300 757.313300 169.984600 923.339800 225.505800 1.538669 1.640002 4.291211 6.581117 1.495880 20.796706 -0.007459 2.501100 5081
Car -1 -1 -1.518800 663.600500 179.144800 708.896800 221.351500 1.507660 1.564657 3.353217 3.001132 1.784038 28.020211 -1.405769 11.728800 5027
Car -1 -1 1.291300 779.608900 165.814900 912.577100 247.740300 1.630917 1.686874 4.379561 5.211488 1.499176 16.618130 1.588235 13.013200 5002
