Car -1 -1 2.354600 896.222400 160.832200 974.236900 190.762700 1.595280 1.633025 4.007892 18.270532 0.967360 40.635039 2.736114 5.901800 5140
Car -1 -1 -0.032600 385.540400 173.661900 440.835500 193.323900 1.504442 1.642135 4.162389 -15.594296 1.552538 56.783149 -0.328137 -0.107200 5138
Car -1 -1 -0.443300 884.757500 163.938700 1225.483800 263.301600 1.412272 1.633271 4.297144 6.651231 1.294272 11.245708 0.077292 9.825100 5134
Car -1 -1 -1.272400 705.939400 172.501800 787.630800 224.429400 1.508991 1.572842 3.595205 4.361704 1.529835 22.951130 -1.083872 6.224500 5124
Car -1 -1 1.839400 380.951500 187.564500 507.230100 276.356200 1.447961 1.537622 3.556306 -3.182049 1.796067 14.213667 1.617132 12.186700 5105
Car -1 -1 1.728200 451.766600 181.868600 536.709900 246.907500 1.493091 1.600064 3.968752 -3.019150 1.767461 19.169156 1.571184 10.577600 5102
Car -1 -1 2.486300 0.000000 218.409400 160.812900 374.000000 1.454686 1.525416 3.606228 -3.759673 1.743558 2.147476 1.581704 7.577000 5093
Car -1 -1 2.063000 96.215400 181.582100 413.203800 374.000000 1.624292 1.586354 3.597685 -3.610070 1.757023 7.992800 1.635047 12.276300 5092
Car -1 -1 -1.062000 747.640700 169.079700 831.403500 214.134900 1.546809 1.555998 3.321546 6.640561 1.439613 26.746612 -0.820825 8.577900 5083
Car -1 -1 -1.579500 694.242000 176.864800 764.080800 242.537600 1.510191 1.614161 3.547366 2.996638 1.634309 18.647802 -1.419565 12.078500 5027
Car -1 -1 0.963000 963.270900 137.271900 1241.000000 368.304000 1.611553 1.671033 4.193714 5.205506 1.365818 7.100292 1.596558 11.940500 5002
