Car -1 -1 1.645400 609.706600 174.653700 629.960700 190.586500 1.475626 1.642814 4.097703 0.949291 1.682764 69.886101 1.694992 2.180800 5027
Car -1 -1 -0.684100 1095.507100 148.635700 1229.352800 185.950600 1.521817 1.692583 4.362994 23.279837 0.527869 30.553692 -0.015606 8.570500 5026
Car -1 -1 -0.538200 1035.809800 151.089100 1147.998200 184.674700 1.540749 1.655103 4.248798 23.065084 0.540281 34.642603 0.048075 5.280000 5025
Car -1 -1 -1.491300 567.099900 178.478900 587.596500 194.958600 1.471700 1.598155 3.965023 -2.583495 2.050808 66.118627 -1.534766 0.806700 5023
Car -1 -1 -0.473500 919.913100 156.280500 992.725300 179.001200 1.469483 1.621380 3.980143 22.476711 0.415146 46.922033 -0.025993 4.766600 5022
Car -1 -1 -0.448100 933.712400 155.098600 1012.980300 179.273900 1.465158 1.603584 4.087840 22.458984 0.435989 44.467076 0.007163 6.413200 5009
Car -1 -1 -1.937700 837.200700 158.382700 873.641100 178.494600 1.597773 1.611060 3.596477 19.892497 0.482625 58.329935 -1.612404 1.731700 5004
Car -1 -1 1.589000 647.265400 175.078800 669.235400 195.352800 1.571429 1.698467 4.129633 3.899726 1.762107 58.160612 1.614764 3.556100 5002
Car -1 -1 1.622200 504.680200 181.398900 537.761400 211.429700 1.533841 1.634198 4.013065 -4.928131 2.059765 40.457131 1.516489 5.666200 4998
Car -1 -1 2.924400 689.007700 173.309400 795.588700 209.572500 1.522904 1.656224 4.279650 5.568470 1.507062 30.740348 3.100071 8.086800 4995
