Car -1 -1 -0.754800 1206.718400 146.065100 1241.000000 189.359400 1.479005 1.624514 4.129361 23.729001 0.544813 25.461769 0.003486 2.233100 5030
Car -1 -1 -1.475700 619.344200 175.532300 639.395800 191.458200 1.439013 1.565454 3.516569 1.867386 1.626839 67.463332 -1.440350 3.460700 5027
Car -1 -1 -0.677300 1145.943100 146.924300 1241.000000 185.392000 1.464223 1.669404 4.353150 23.682609 0.472042 28.149323 0.012839 9.096700 5026
Car -1 -1 -0.586700 1077.877900 150.068700 1202.852800 183.528600 1.491994 1.644938 4.365440 23.588699 0.483204 32.162482 0.041030 5.638800 5025
Car -1 -1 1.601400 579.467700 172.996600 600.783700 191.089900 1.479939 1.653546 4.113516 -1.580829 1.509094 61.519926 1.582530 5.398400 5023
Car -1 -1 -0.517100 946.125800 154.825600 1026.968000 180.209800 1.507574 1.639676 4.104136 23.246208 0.417292 44.568362 -0.032804 4.957700 5022
Car -1 -1 -0.484800 962.706300 153.663000 1043.423000 179.250600 1.452952 1.544605 3.806225 22.970852 0.365295 42.053977 0.011779 11.313900 5009
Car -1 -1 -1.911700 856.804500 156.423300 895.408600 176.756900 1.546740 1.620445 3.714255 20.748027 0.336193 56.003149 -1.572498 4.660000 5004
Car -1 -1 1.550800 656.887400 172.189800 679.726500 192.737100 1.530796 1.664199 4.200727 4.616466 1.489457 56.111437 1.614776 6.198500 5002
Car -1 -1 1.613700 509.225700 177.652600 543.871500 209.578800 1.561057 1.650988 4.191065 -4.376500 1.867496 38.430107 1.501846 5.550600 4998
Car -1 -1 2.901000 704.066000 167.629600 825.857900 209.072000 1.584628 1.683908 4.459693 6.099180 1.414909 28.569418 3.102693 9.116800 4995
