Car -1 -1 -2.023500 1048.764100 146.154600 1124.034800 179.416300 1.743092 1.725956 4.338529 25.709508 0.364533 39.290998 -1.441313 3.613200 5065
Car -1 -1 -0.665700 1077.980300 149.247800 1214.741400 185.935700 1.485716 1.679287 4.413070 22.033805 0.534137 29.833363 -0.022684 5.303100 5062
Car -1 -1 -0.688700 1120.058400 145.885600 1241.000000 186.520600 1.481300 1.667497 4.339870 22.019841 0.508040 27.376378 -0.006518 6.611800 5054
Car -1 -1 -2.058700 976.430700 152.272700 1042.254600 180.698100 1.487653 1.569028 3.704329 21.474220 0.463634 39.226588 -1.575721 3.501100 5051
Car -1 -1 -0.352500 788.243700 153.496800 921.776400 195.664500 1.648753 1.755734 4.853658 9.793811 0.925660 29.326565 -0.027837 10.113200 5050
Car -1 -1 -2.105800 933.869800 152.383400 1003.446600 183.144100 1.547319 1.629640 3.851142 19.091320 0.491404 38.877147 -1.637375 4.181300 5049
Car -1 -1 1.695100 428.613600 181.872200 486.304000 231.862800 1.644187 1.615166 4.001744 -5.559604 2.011746 26.516148 1.504074 5.370200 5037
Car -1 -1 -1.512000 595.814300 177.937800 622.251200 201.072400 1.503257 1.607068 3.647200 -0.142319 1.893787 49.846048 -1.500508 6.591200 5027
Car -1 -1 1.687400 475.978600 178.367000 548.334800 238.901800 1.619815 1.677618 4.251383 -2.954727 1.828807 21.887495 1.548600 11.484300 5023
Car -1 -1 -0.702500 1169.141000 144.056100 1241.000000 187.510400 1.456026 1.625198 4.057475 21.902364 0.493291 24.947234 0.015603 8.394900 5009
Car -1 -1 1.444600 648.598000 173.692100 690.211200 205.045900 1.576445 1.662048 4.337614 3.011320 1.633922 38.396844 1.530203 10.244000 5002
Car -1 -1 1.731600 376.191200 184.718000 461.025000 249.898800 1.544123 1.641894 4.135456 -5.348169 1.932328 20.327083 1.476016 13.633600 4998
Car -1 -1 2.605400 815.554400 158.536800 1158.255300 275.652500 1.599800 1.682199 4.378191 5.434628 1.434364 10.845205 3.073206 14.091800 4995
