Car -1 -1 -0.361400 801.458000 170.572500 1032.231300 241.123400 1.466626 1.647619 4.432855 6.636790 1.428766 16.030145 0.024933 6.756200 5134
Car -1 -1 -0.718600 831.790000 162.231900 878.681600 178.238700 1.466161 1.639272 4.119242 23.029956 0.549928 67.777565 -0.402871 3.070300 5130
Car -1 -1 -1.235600 684.163100 177.827700 754.261100 220.794300 1.488959 1.583986 3.566536 4.209579 1.725170 27.685651 -1.083380 7.641400 5124
Car -1 -1 1.773100 437.396900 188.582100 524.686000 252.085600 1.414872 1.545569 3.629321 -3.303164 1.890866 18.914218 1.602234 11.487500 5105
Car -1 -1 1.711400 481.221800 184.789400 546.045000 234.111000 1.448410 1.591930 3.978175 -3.143507 1.871801 23.849272 1.576172 9.196300 5102
Car -1 -1 2.139600 0.000000 203.104900 354.936000 374.000000 1.494332 1.594171 3.861501 -3.890222 1.845455 6.538868 1.597575 13.321100 5093
Car -1 -1 1.893200 308.254800 183.123000 470.015200 300.197100 1.634053 1.583317 3.668084 -3.690213 1.882586 12.622315 1.607848 10.331400 5092
Car -1 -1 -1.056300 724.172200 174.656600 792.912700 212.752100 1.526376 1.557021 3.242542 6.489446 1.681232 31.500771 -0.850500 7.291300 5083
Car -1 -1 -1.512100 672.101100 177.248500 727.527700 229.708900 1.528149 1.581238 3.367502 2.905403 1.729972 23.269116 -1.393672 11.094100 5027
Car -1 -1 1.189900 839.599600 161.831000 1058.179300 280.607200 1.571546 1.659882 4.264742 5.177769 1.456381 11.869123 1.594445 13.242700 5002
