Car -1 -1 -1.433000 632.684300 174.368600 661.505400 195.504100 1.560413 1.622580 3.940440 2.848420 1.630266 54.842132 -1.376733 0.060900 5083
Car -1 -1 0.745500 433.592200 162.875400 483.821000 182.797100 1.469969 1.562594 3.651534 -11.413432 0.624239 54.063935 0.552666 0.915500 5082
Car -1 -1 -0.090000 660.552500 170.588900 739.492800 199.911600 1.547497 1.628822 4.098183 4.730047 1.389587 39.020462 0.035396 2.269800 5081
Car -1 -1 -2.115300 1109.492400 145.702000 1200.084000 181.741700 1.631532 1.665789 4.202132 26.166652 0.306967 34.965255 -1.459678 0.560700 5065
Car -1 -1 -0.731000 1162.826000 141.885600 1241.000000 186.386100 1.510717 1.625908 3.950147 22.291767 0.307328 25.751954 -0.058496 0.749400 5062
Car -1 -1 -0.382900 829.327500 143.828300 985.436900 194.684000 1.680871 1.738322 4.818048 10.252437 0.739377 25.341325 0.003766 10.923100 5050
Car -1 -1 -2.106600 981.257500 148.335900 1059.775100 185.138000 1.622409 1.624953 3.669076 19.560542 0.515842 34.700534 -1.588317 10.514300 5049
Car -1 -1 -1.435300 603.414600 175.142000 636.494200 200.797000 1.530326 1.620055 3.683457 0.590140 1.628546 45.992298 -1.437233 8.433100 5027
Car -1 -1 1.781300 385.122800 174.047200 527.063100 280.573700 1.663036 1.699784 4.272539 -2.717329 1.679834 13.479249 1.586014 13.117300 5023
Car -1 -1 1.414100 662.252600 168.868500 711.113000 203.718900 1.554047 1.675561 4.368244 3.531341 1.335153 34.670525 1.527222 11.804000 5002
Car -1 -1 1.805100 328.455500 183.006400 441.691100 260.144900 1.512860 1.605121 3.992087 -5.081005 1.732532 16.577941 1.504360 11.168000 4998
Car -1 -1 2.438500 941.467700 156.673300 1241.000000 342.369800 1.582327 1.644043 4.161510 5.559324 1.404851 6.934641 3.107139 10.070800 4995
