Car -1 -1 1.646600 498.410700 181.574400 532.407300 210.476700 1.481346 1.584580 3.840826 -5.271296 2.002347 40.298413 1.525323 0.124400 5089
Car -1 -1 -2.200100 1045.423900 151.030800 1132.165700 186.267600 1.514471 1.597097 3.579543 22.207273 0.590033 33.673346 -1.606486 9.198500 5087
Car -1 -1 -1.646500 644.880600 175.812000 670.054900 197.990000 1.580827 1.613124 3.769674 3.281006 1.907346 53.651031 -1.503701 0.600400 5083
Car -1 -1 -0.083700 663.650900 171.609300 745.290900 201.199400 1.514168 1.624538 4.092800 4.849985 1.454133 37.709561 0.049275 4.209500 5081
Car -1 -1 -2.131400 1120.669700 146.493500 1213.999200 182.830500 1.621500 1.642620 4.050818 26.249296 0.398504 33.462297 -1.470260 3.526500 5065
Car -1 -1 -0.771500 1178.384800 142.748200 1241.000000 186.377700 1.480361 1.616695 4.044554 22.364836 0.384583 24.413504 -0.049104 4.568800 5062
Car -1 -1 -0.400600 840.724500 152.222600 1011.255900 200.708100 1.587505 1.731968 4.850370 10.336561 0.889009 24.011669 0.006080 11.170800 5050
Car -1 -1 -2.126500 999.634100 148.502400 1084.736200 184.893900 1.576583 1.619338 3.737675 19.760212 0.533815 33.334306 -1.592177 9.885700 5049
Car -1 -1 -1.467700 608.457100 176.922200 640.287400 204.123100 1.550179 1.614395 3.552955 0.834111 1.806490 44.759625 -1.454719 8.458000 5027
Car -1 -1 1.854900 312.761500 177.377100 510.273400 315.901400 1.617403 1.679873 4.223567 -2.718367 1.708816 10.758735 1.603689 13.436500 5023
Car -1 -1 1.421900 667.382700 170.972700 718.312900 207.053300 1.557995 1.685043 4.455550 3.696215 1.466045 33.396739 1.534049 10.063700 5002
Car -1 -1 1.788800 304.747200 185.397900 426.116500 272.243600 1.537066 1.588328 3.951265 -5.078410 1.810710 15.289264 1.483300 7.948300 4998
Car -1 -1 2.319000 979.952800 142.504300 1241.000000 374.000000 1.642327 1.688930 4.482541 5.587215 1.454339 5.644759 3.101391 7.392900 4995
