Car -1 -1 -1.575100 644.265800 175.637300 672.693100 202.872900 1.530145 1.609159 3.787504 2.853255 1.701532 42.879720 -1.447947 -0.715600 5106
Car -1 -1 1.704900 503.895900 180.473100 548.202800 214.021400 1.448189 1.570821 3.781255 -3.926447 1.822426 33.947991 1.591795 5.382400 5105
Car -1 -1 1.672500 518.690800 180.076900 555.118000 209.524100 1.476116 1.590925 3.876364 -3.853323 1.811210 38.477503 1.553857 -0.212300 5102
Car -1 -1 1.980700 77.074700 190.820100 367.490500 360.959500 1.528318 1.631897 4.162117 -4.523934 1.818388 9.119597 1.517647 14.426300 5100
Car -1 -1 1.851800 322.584200 185.350100 463.554200 274.291100 1.548656 1.684042 4.397957 -4.461470 1.834460 15.404399 1.572517 13.594500 5096
Car -1 -1 1.781800 418.546700 183.952300 501.914200 241.239100 1.482978 1.606566 3.912276 -4.340264 1.844435 21.290038 1.579543 10.670700 5093
Car -1 -1 1.749500 467.389100 176.392700 530.183200 224.584500 1.667340 1.661614 3.948527 -4.226337 1.830550 27.600370 1.591784 8.042300 5092
Car -1 -1 -0.844300 666.120100 173.397700 721.143400 199.226100 1.572643 1.586786 3.510270 5.397992 1.657959 46.477849 -0.794817 2.534200 5083
Car -1 -1 -0.169400 698.645700 169.503400 803.004400 205.423100 1.493040 1.630843 4.168985 5.939663 1.396669 30.954732 0.025143 5.091900 5081
Car -1 -1 -0.535600 952.910800 131.191800 1201.589100 207.990200 1.751600 1.767730 4.769416 10.970987 0.808497 17.300340 0.033292 11.088400 5050
Car -1 -1 -2.220200 1122.877900 136.285600 1241.000000 184.254900 1.666569 1.636101 3.646671 20.715647 0.427215 26.316584 -1.560234 7.442300 5049
Car -1 -1 -1.466200 632.426400 175.157400 669.643300 206.924200 1.563660 1.597411 3.605123 2.164362 1.731030 38.276082 -1.419936 8.750900 5027
Car -1 -1 1.398300 704.225100 169.404000 770.773800 214.098300 1.545649 1.674241 4.493298 4.595261 1.424853 26.900306 1.563588 11.896200 5002
