Car -1 -1 1.473700 679.195800 172.773300 709.926900 196.535100 1.503503 1.623776 4.038534 5.517155 1.516658 47.907892 1.586416 0.450300 5063
Car -1 -1 -0.579000 1023.151400 153.830500 1139.458700 186.029200 1.465914 1.666281 4.330454 21.937279 0.599603 33.670186 0.004118 5.242300 5062
Car -1 -1 -0.178900 717.300000 172.809800 783.185400 196.199200 1.448163 1.599441 3.893139 8.922023 1.447624 44.953715 -0.001008 4.189400 5061
Car -1 -1 -0.615800 1058.339700 150.396700 1186.810900 185.069300 1.467733 1.657873 4.344331 22.038564 0.542651 31.222669 -0.014675 7.418300 5054
Car -1 -1 -2.295000 434.268600 188.251700 513.767400 222.038800 1.511584 1.619282 4.047685 -6.448585 2.189112 35.880883 -2.136244 -0.022400 5052
Car -1 -1 -2.071400 939.546200 159.064400 1000.796700 184.655000 1.488946 1.613250 3.800405 21.392315 0.725987 43.049269 -1.602927 5.719900 5051
Car -1 -1 -0.352600 764.671300 157.650000 881.601800 195.674800 1.688143 1.760147 4.817456 9.741172 1.061832 33.288388 -0.062362 6.187600 5050
Car -1 -1 -2.028800 904.711300 153.800000 961.690500 183.007500 1.654015 1.653657 3.682230 19.023759 0.601055 42.756292 -1.608234 8.273400 5049
Car -1 -1 1.725000 451.574600 183.664900 503.789800 221.614600 1.475104 1.617692 3.967318 -5.581986 1.942844 30.525397 1.548758 6.798400 5037
Car -1 -1 -1.505800 593.596100 178.846900 618.784900 200.505400 1.524436 1.628129 3.785810 -0.217919 1.972389 53.684174 -1.501832 6.222500 5027
Car -1 -1 1.670100 510.957600 177.453700 562.375200 217.835700 1.552715 1.716923 4.342010 -3.060888 1.786669 30.324093 1.570087 6.449600 5023
Car -1 -1 -0.706800 1095.141700 149.115300 1223.194000 186.449900 1.441803 1.602559 4.063161 21.890261 0.526931 28.841980 -0.047359 10.726400 5009
Car -1 -1 1.498100 645.347200 173.781300 679.567300 200.691600 1.499339 1.676199 4.469466 3.000768 1.563829 42.339996 1.552387 10.593900 5002
Car -1 -1 1.686600 416.589200 181.131900 480.236700 233.579300 1.551202 1.623464 3.867591 -5.328894 1.874898 24.082434 1.479751 13.635800 4998
Car -1 -1 2.712200 778.168500 163.346300 1001.404600 244.045200 1.537429 1.637410 4.092253 5.552681 1.395618 14.705714 3.074019 12.299500 4995
