Car -1 -1 1.712400 503.903800 183.302700 546.875700 215.896100 1.449489 1.564766 3.665283 -4.110162 1.988132 35.165618 1.597626 5.326200 5105
Car -1 -1 1.643700 517.492600 182.454800 551.447500 211.261300 1.467861 1.605255 3.832142 -4.188854 2.030246 39.883697 1.524562 2.412300 5102
Car -1 -1 1.941700 155.127600 191.048500 388.818400 332.322900 1.508577 1.613669 4.104993 -4.594038 1.852841 10.407363 1.521297 14.679200 5100
Car -1 -1 1.830300 346.243700 184.437400 468.162300 265.374500 1.562723 1.668232 4.294401 -4.557284 1.895051 16.695146 1.561601 13.973100 5096
Car -1 -1 1.779800 426.977600 184.921000 504.458200 239.151100 1.487401 1.609425 3.850868 -4.472535 1.942591 22.626624 1.580327 11.475000 5093
Car -1 -1 1.743200 471.242000 181.035800 528.527100 223.783300 1.583101 1.622558 3.829640 -4.383938 1.939485 28.846674 1.591474 8.107300 5092
Car -1 -1 -2.303600 1143.420700 145.751200 1241.000000 187.730500 1.543302 1.613234 3.764993 22.926879 0.566573 27.981778 -1.615988 3.048900 5087
Car -1 -1 -0.990600 664.762200 176.371800 714.454500 200.643400 1.521068 1.561792 3.550822 5.230584 1.830475 47.911185 -0.898965 0.997300 5083
Car -1 -1 -0.142700 687.119500 173.776400 784.443600 207.006600 1.485966 1.612406 4.181667 5.781669 1.616122 32.441347 0.030427 5.408900 5081
Car -1 -1 -0.476400 924.376500 138.976300 1150.450100 208.984700 1.715091 1.759417 4.798311 10.846860 0.893695 18.663303 0.039159 11.099300 5050
Car -1 -1 -2.219500 1091.838700 138.723100 1207.184900 188.380900 1.774873 1.672756 3.637955 20.549247 0.554175 27.784540 -1.580480 9.675000 5049
Car -1 -1 -1.487000 628.141900 177.921600 662.435400 207.602100 1.514639 1.586205 3.482157 1.899597 1.880201 39.599857 -1.437964 9.432500 5027
Car -1 -1 1.402300 694.744700 169.807900 758.329100 214.446400 1.594354 1.695834 4.546267 4.421833 1.542749 28.266180 1.556469 10.748600 5002
