Car -1 -1 -0.609500 1022.236400 150.980800 1129.382400 182.329700 1.468654 1.647443 4.160674 22.477722 0.444314 34.952515 -0.049743 6.471300 5054
Car -1 -1 1.709300 498.859900 183.958400 537.049000 213.598600 1.508999 1.599389 4.022785 -5.188799 2.175758 40.427083 1.577125 2.072200 5052
Car -1 -1 -2.060600 926.799200 159.318300 981.334500 182.462500 1.443189 1.601379 3.850990 22.189886 0.636177 46.751937 -1.605684 4.877000 5051
Car -1 -1 -0.250100 764.293100 162.799100 859.273200 194.880300 1.593756 1.693209 4.385420 10.196888 1.122400 36.952939 0.009092 4.587600 5050
Car -1 -1 -2.010200 890.463300 156.900700 942.258500 184.993200 1.670790 1.631540 3.659798 19.580002 0.708565 46.351920 -1.601205 10.124600 5049
Car -1 -1 1.713000 479.655200 184.826100 525.028800 219.184700 1.490991 1.610348 3.956925 -5.111795 2.108774 34.491582 1.561033 6.206800 5037
Car -1 -1 -1.505400 605.425000 179.075600 628.755100 199.990200 1.525251 1.607825 3.689170 0.641627 2.019393 57.553996 -1.482065 5.819300 5027
Car -1 -1 1.690700 539.880400 178.375700 579.555700 210.727100 1.607917 1.680730 4.231861 -2.657431 1.935206 38.953522 1.608813 4.445600 5023
Car -1 -1 -0.612800 1050.372600 150.107400 1165.662500 184.144500 1.488198 1.605069 4.147342 22.401425 0.459342 32.406537 -0.015644 10.603000 5009
Car -1 -1 1.430400 647.846700 174.294300 683.641500 200.234900 1.570599 1.681316 4.392055 3.620286 1.665848 46.276878 1.525454 9.292700 5002
Car -1 -1 1.689500 452.703800 184.522800 507.682200 227.795200 1.502382 1.626661 4.065553 -4.934525 1.972519 28.039097 1.511994 9.534200 4998
Car -1 -1 2.806800 737.463100 166.567700 937.691200 231.389700 1.590012 1.701094 4.525173 5.748972 1.437390 18.542652 3.097855 12.643100 4995
