Car -1 -1 2.243200 889.671900 162.187400 961.185100 190.953700 1.548810 1.621213 3.973457 18.127145 0.993085 41.513273 2.669079 6.854200 5140
Car -1 -1 3.045000 363.737200 173.069600 419.117100 192.773900 1.498846 1.635556 4.185836 -17.324895 1.565290 56.924572 2.766954 3.260900 5138
Car -1 -1 -0.460700 863.513700 169.323700 1185.856800 260.079700 1.413358 1.638401 4.389768 6.644386 1.333395 12.032506 0.055597 9.887900 5134
Car -1 -1 -1.272000 700.662600 175.504800 782.050900 226.368100 1.508167 1.588929 3.607025 4.336471 1.605976 23.782078 -1.083666 7.843500 5124
Car -1 -1 1.828600 389.989200 190.450100 510.730200 273.807700 1.436571 1.554486 3.612947 -3.225339 1.831584 14.983967 1.612493 12.142100 5105
Car -1 -1 1.724100 457.747900 182.843700 536.782000 245.030100 1.486765 1.587548 3.877579 -3.065541 1.789397 19.918318 1.568893 10.097900 5102
Car -1 -1 2.486300 0.000000 218.409400 160.812900 374.000000 1.454686 1.525416 3.606228 -3.780669 1.752365 2.883893 1.581704 7.577000 5093
Car -1 -1 2.023500 145.918500 182.695000 427.070800 358.856500 1.614084 1.595664 3.668046 -3.630830 1.779274 8.770966 1.629784 11.723000 5092
Car -1 -1 -1.053600 742.889500 171.855900 822.122000 213.992300 1.526597 1.532857 3.242014 6.587557 1.479169 27.537080 -0.824910 8.035300 5083
Car -1 -1 -1.574400 689.459800 177.596700 756.546300 242.161800 1.517620 1.616202 3.602971 2.970403 1.670339 19.450312 -1.419023 11.731500 5027
Car -1 -1 1.017500 931.231200 141.185900 1241.000000 344.528900 1.619729 1.684678 4.399712 5.214296 1.386159 7.925369 1.596651 10.268000 5002
