Car -1 -1 -0.586200 432.634700 172.206300 498.363300 196.805500 1.457873 1.585182 3.697991 -8.924254 1.399123 44.430158 -0.908977 1.358300 5125
Car -1 -1 -1.227000 671.704400 178.832200 731.448400 213.083600 1.470857 1.584860 3.613670 4.244316 1.755144 33.134919 -1.093382 5.662600 5124
Car -1 -1 1.744600 480.501200 185.230700 544.796000 234.246600 1.455648 1.564683 3.535600 -3.231452 1.948187 24.479937 1.609661 9.218700 5105
Car -1 -1 1.664000 507.742600 182.652300 558.233500 223.732300 1.480640 1.637610 4.153015 -3.033665 1.927347 29.334902 1.559641 8.159800 5102
Car -1 -1 2.169100 0.000000 193.772800 337.326300 374.000000 1.530564 1.677183 4.444494 -4.104389 1.791259 6.289099 1.590755 11.042300 5096
Car -1 -1 1.909100 279.620900 191.626300 454.213300 306.068100 1.508382 1.584359 3.766540 -3.858525 1.892516 12.034763 1.601178 12.811500 5093
Car -1 -1 1.803300 413.052500 182.043800 509.880500 255.320700 1.623074 1.608087 3.629306 -3.643644 1.873266 18.217807 1.606181 10.401800 5092
Car -1 -1 -1.007600 706.954800 176.176100 766.198900 209.228600 1.602877 1.535555 3.241132 6.518256 1.787191 36.958855 -0.847014 4.188500 5083
Car -1 -1 -0.281500 755.195500 174.103100 918.931500 228.424300 1.545738 1.650360 4.339448 6.652558 1.562761 21.489489 0.026102 6.196100 5081
Car -1 -1 -1.498100 662.210800 180.411900 706.692800 221.264600 1.517304 1.546628 3.349038 3.007352 1.828370 28.808318 -1.393582 11.050500 5027
Car -1 -1 1.289300 774.543800 166.271600 899.369100 244.911300 1.633695 1.679551 4.287756 5.238272 1.517982 17.397966 1.579554 12.784800 5002
