Car -1 -1 -1.997100 1037.495600 146.896900 1110.445800 180.792300 1.801490 1.747081 4.453458 25.575305 0.431340 40.019769 -1.439230 -0.284200 5065
Car -1 -1 -0.626400 1069.320800 149.475300 1201.181900 186.444900 1.509850 1.677000 4.348299 21.985812 0.563106 30.482877 -0.012626 7.505000 5062
Car -1 -1 -0.663700 1107.551000 147.229400 1241.000000 185.844900 1.462530 1.660048 4.346294 21.989751 0.511093 28.024442 -0.000397 5.301300 5054
Car -1 -1 -2.102800 960.355500 155.299500 1024.807300 183.952400 1.533084 1.616749 3.623507 21.208281 0.647215 39.929556 -1.628661 5.305900 5051
Car -1 -1 -0.343000 781.799100 156.163700 916.905900 196.124500 1.632982 1.761776 4.892261 9.754025 0.967804 29.974916 -0.026441 10.456200 5050
Car -1 -1 -2.089100 925.507200 152.356800 995.118100 182.109200 1.508193 1.636662 3.905737 18.995972 0.418721 39.591001 -1.621800 1.181400 5049
Car -1 -1 1.723300 433.314800 180.931000 495.117200 230.974600 1.640930 1.641809 4.162161 -5.503427 2.017379 27.225755 1.529920 4.024400 5037
Car -1 -1 -1.475300 594.305000 178.500400 621.560600 200.932100 1.490405 1.593749 3.621636 -0.232528 1.922711 50.530724 -1.479810 7.904200 5027
Car -1 -1 1.664200 484.218400 178.944900 548.425600 235.824300 1.607866 1.669394 4.137607 -3.009513 1.855778 23.202270 1.537597 10.274400 5023
Car -1 -1 -0.680100 1151.702200 144.272800 1241.000000 186.907500 1.466586 1.627299 4.142867 21.896759 0.494572 25.649607 0.010430 8.983200 5009
Car -1 -1 1.465400 647.466800 173.814200 686.671300 205.179800 1.592861 1.674907 4.250911 2.934903 1.663025 39.060522 1.539917 9.443500 5002
Car -1 -1 1.724200 383.379000 185.865900 462.941100 245.918400 1.498692 1.622954 4.072927 -5.392038 1.911189 20.955194 1.476043 14.220600 4998
Car -1 -1 2.632100 798.264000 163.443500 1129.474700 275.128200 1.600932 1.688345 4.463286 5.416908 1.484237 11.508695 3.076615 13.323500 4995
