Car -1 -1 1.636500 552.723200 184.191200 579.690500 207.823800 1.479794 1.596989 3.934511 -2.974354 2.283412 49.033933 1.566209 1.075100 5119
Car -1 -1 2.001200 442.362100 183.082500 477.704400 200.671300 1.483606 1.579931 4.058751 -13.442651 2.483321 65.312632 1.746117 -0.209400 5116
Car -1 -1 1.721800 501.239600 186.710500 551.172700 225.960900 1.422819 1.515180 3.423755 -3.329618 1.987431 28.924726 1.603889 6.532100 5105
Car -1 -1 1.641300 519.643500 184.394500 560.442200 218.825500 1.471501 1.631971 4.052901 -3.241916 2.011905 33.862116 1.513919 5.201300 5102
Car -1 -1 2.317100 0.000000 207.109900 217.933500 374.000000 1.510344 1.667013 4.333491 -4.387216 1.813922 4.426269 1.521481 9.787100 5100
Car -1 -1 1.981400 185.215400 190.117000 425.265200 327.802800 1.512044 1.653182 4.311935 -4.191999 1.824787 10.685413 1.600729 13.765000 5096
Car -1 -1 1.834400 370.342200 190.276600 489.978800 269.401700 1.478988 1.622135 4.013157 -3.979130 1.918619 16.502915 1.597897 13.259600 5093
Car -1 -1 1.773100 449.866700 182.704100 525.770400 238.690400 1.585245 1.620213 3.750943 -3.774484 1.894566 22.743069 1.611298 8.533200 5092
Car -1 -1 -0.995900 690.530600 176.351600 746.420000 207.290000 1.645257 1.584458 3.423521 6.251505 1.885479 41.497200 -0.865840 4.110600 5083
Car -1 -1 -0.106600 723.657500 170.039400 855.520000 217.747700 1.616777 1.679855 4.376689 6.376407 1.540459 26.042893 0.106753 4.156200 5081
Car -1 -1 -0.658600 1103.772700 115.818600 1241.000000 235.519500 1.817635 1.782333 4.678477 11.304278 0.931456 12.215942 0.081686 11.860000 5050
Car -1 -1 -1.477000 649.704900 179.645100 691.826000 215.399900 1.533782 1.610839 3.533740 2.840785 1.846373 33.399055 -1.397089 9.295400 5027
Car -1 -1 1.351400 739.195800 172.558900 826.858600 228.080900 1.531496 1.669418 4.420432 5.104855 1.503529 21.936084 1.582209 12.839700 5002
