Car -1 -1 -2.050300 1053.604500 143.845800 1137.679400 178.161800 1.728882 1.746255 4.546171 25.775888 0.292360 38.599267 -1.453542 3.945200 5065
Car -1 -1 -0.633800 1094.553500 144.844700 1232.753900 185.385700 1.543739 1.687082 4.298443 22.094655 0.499527 29.059791 0.002460 6.623300 5062
Car -1 -1 -0.725800 1133.957700 144.677200 1241.000000 185.171100 1.461152 1.669106 4.408120 22.105112 0.466091 26.729096 -0.023070 8.424800 5054
Car -1 -1 -2.164000 973.957300 149.155200 1054.743600 178.365500 1.482177 1.629003 4.070282 21.514804 0.338681 38.696436 -1.626651 4.186900 5051
Car -1 -1 -3.495700 798.450300 155.166900 933.821800 194.120200 1.555212 1.724873 4.798988 9.943983 0.857135 28.647829 3.120634 8.920500 5050
Car -1 -1 -2.080800 940.116800 150.198800 1014.954500 185.276100 1.666402 1.676400 4.005563 19.114508 0.577935 38.004850 -1.622063 3.035400 5049
Car -1 -1 1.695100 428.613600 181.872200 486.304000 231.862800 1.644187 1.615166 4.001744 -5.606529 2.021280 25.844512 1.504074 5.370200 5037
Car -1 -1 -1.476500 597.489500 177.851000 626.043200 200.959800 1.495496 1.612218 3.640402 0.016805 1.862646 49.225466 -1.484063 7.896400 5027
Car -1 -1 1.697600 468.982600 177.006600 547.733300 240.920300 1.611648 1.681995 4.265485 -2.875173 1.769994 20.519792 1.556202 11.983900 5023
Car -1 -1 -0.738700 1187.611200 141.805600 1241.000000 187.460300 1.471523 1.637622 4.191295 22.063463 0.482751 24.255618 0.007196 7.392900 5009
Car -1 -1 1.439700 648.621100 171.281200 691.386600 202.716100 1.564242 1.674379 4.298360 3.035048 1.534681 37.847334 1.523959 8.954600 5002
Car -1 -1 1.754000 372.472200 183.657200 460.366100 247.897900 1.524826 1.618474 4.083630 -5.271570 1.873660 19.736929 1.488120 12.780000 4998
Car -1 -1 2.572500 824.972600 156.015300 1203.129500 283.980700 1.618650 1.705623 4.433264 5.468824 1.423234 10.208756 3.068444 12.112200 4995
