Car -1 -1 2.001200 442.362100 183.082500 477.704400 200.671300 1.483606 1.579931 4.058751 -13.635634 2.446563 65.709194 1.746117 -0.209400 5116
Car -1 -1 1.727300 500.906400 185.655900 551.944500 224.435200 1.436603 1.534078 3.595678 -3.401291 1.967499 29.705717 1.599503 6.838700 5105
Car -1 -1 1.530800 523.350700 182.918500 561.710000 218.000900 1.502527 1.642263 4.086513 -3.299492 1.989751 34.545949 1.460003 3.783600 5102
Car -1 -1 2.207300 0.000000 203.726300 252.944600 374.000000 1.526110 1.643574 4.189310 -4.372408 1.817683 5.149556 1.508667 10.261000 5100
Car -1 -1 1.951800 210.908400 191.038900 436.244800 319.068600 1.494478 1.669818 4.447098 -4.210131 1.825956 11.398864 1.593334 13.701400 5096
Car -1 -1 1.834000 379.555200 189.733200 492.518500 263.706300 1.470232 1.611513 3.918594 -4.013625 1.893898 17.182526 1.599673 12.204400 5093
Car -1 -1 1.779000 453.257300 181.465600 526.300600 237.183200 1.620106 1.604376 3.729493 -3.812840 1.886045 23.426250 1.617444 7.944400 5092
Car -1 -1 -1.035800 686.993800 177.694800 741.520900 206.664300 1.586129 1.596687 3.454945 6.169289 1.858065 42.327377 -0.896646 2.021800 5083
Car -1 -1 -0.151900 721.992800 172.142800 847.381900 215.524000 1.571919 1.657453 4.259849 6.383649 1.515131 26.803327 0.065742 4.492500 5081
Car -1 -1 -0.645100 1078.295100 116.712600 1241.000000 226.258500 1.783388 1.754233 4.617764 11.235414 0.870256 12.958961 0.068718 12.272500 5050
Car -1 -1 -1.478200 648.658400 178.314500 689.348900 213.876600 1.547991 1.600222 3.498855 2.779856 1.825005 34.096791 -1.404191 9.980800 5027
Car -1 -1 1.374700 735.257600 169.928000 820.827400 224.849900 1.554465 1.695821 4.585199 5.094542 1.493126 22.710293 1.587240 12.341600 5002
