Car -1 -1 -0.704100 1184.307500 146.217800 1241.000000 187.365600 1.479500 1.631844 4.126214 23.585239 0.509711 26.255026 0.015966 5.232800 5030
Car -1 -1 -1.423500 615.776500 174.830900 637.522600 190.497500 1.442920 1.581244 3.607661 1.615669 1.583671 68.194483 -1.426671 2.417000 5027
Car -1 -1 -0.676900 1127.904800 147.801700 1241.000000 185.659800 1.480612 1.673134 4.383504 23.546747 0.494609 28.944016 -0.001830 8.734300 5026
Car -1 -1 -0.581700 1062.898100 149.336000 1189.037400 185.060500 1.558814 1.678010 4.444147 23.476107 0.534728 32.948083 0.034929 5.272800 5025
Car -1 -1 1.612400 579.682000 172.617400 599.572000 189.899400 1.466439 1.597081 3.765642 -1.769375 1.601121 62.968499 1.596468 3.144000 5023
Car -1 -1 -0.485900 939.101800 155.356400 1017.508600 178.888900 1.455915 1.615206 4.009538 22.970692 0.372333 45.229202 -0.025368 5.665500 5022
Car -1 -1 -0.475300 954.804100 155.027000 1028.815800 179.308500 1.432650 1.537008 3.718084 22.754933 0.362881 42.806788 0.010451 9.619000 5009
Car -1 -1 -1.938700 850.857800 157.478300 888.396400 178.088400 1.580137 1.605793 3.564515 20.496239 0.428690 56.730528 -1.593368 3.682100 5004
Car -1 -1 1.471100 650.924300 172.316900 677.249500 192.260600 1.521244 1.639928 4.097539 4.401515 1.518941 56.768040 1.589497 6.910300 5002
Car -1 -1 1.599800 506.403200 179.445100 539.115400 209.699600 1.536069 1.643849 4.169651 -4.580390 1.918195 39.076822 1.506611 6.313400 4998
Car -1 -1 2.890800 697.722400 169.545700 820.207100 210.630700 1.576422 1.697998 4.485731 5.968893 1.469380 29.268063 3.092489 8.632600 4995
