Car -1 -1 -0.767600 432.294000 171.190100 492.060500 195.438700 1.466633 1.579281 3.666553 -9.249477 1.368594 45.210383 -1.124931 0.082000 5125
Car -1 -1 -1.198200 671.913100 178.826900 730.657900 214.102900 1.513200 1.577348 3.589177 4.304400 1.836654 33.973725 -1.082021 4.062500 5124
Car -1 -1 1.811800 434.061500 184.695800 464.190400 203.538500 1.486510 1.585203 4.035027 -13.627113 2.607204 60.799494 1.603000 1.318600 5116
Car -1 -1 1.735100 485.097100 188.092100 546.564100 234.011300 1.419968 1.548637 3.598056 -3.225745 1.990421 25.286673 1.606362 7.640000 5105
Car -1 -1 1.655400 513.258000 183.580600 560.197700 222.557200 1.467095 1.616403 4.068952 -2.998886 1.960458 30.166879 1.561003 5.517700 5102
Car -1 -1 2.128700 0.000000 195.316900 361.481600 374.000000 1.499924 1.677478 4.474094 -4.094114 1.790526 7.023232 1.597641 14.086100 5096
Car -1 -1 1.909600 297.392300 193.360100 463.997500 301.745400 1.503500 1.591736 3.863363 -3.865028 1.928102 12.772171 1.608263 13.616300 5093
Car -1 -1 1.800100 420.152100 179.328200 514.616100 250.903000 1.636300 1.624086 3.717174 -3.649499 1.883299 19.012786 1.609873 10.711300 5092
Car -1 -1 -1.035800 704.132500 175.366900 762.950400 208.119400 1.610930 1.558459 3.332764 6.518616 1.806293 37.774266 -0.867747 3.406600 5083
Car -1 -1 -0.262500 752.102300 172.301000 905.341000 224.333500 1.547902 1.642850 4.331919 6.689003 1.517979 22.339334 0.040347 3.710800 5081
Car -1 -1 -1.490500 659.549500 179.054100 704.671400 220.506300 1.556467 1.572077 3.451036 3.001227 1.856435 29.592248 -1.391127 11.210800 5027
Car -1 -1 1.285400 765.559800 168.311500 883.385900 239.593800 1.599060 1.666689 4.273932 5.221724 1.520623 18.210811 1.576081 11.956100 5002
