Car -1 -1 -0.607200 1028.001900 150.807000 1135.484700 182.804300 1.476790 1.644235 4.102254 22.339332 0.469614 34.312978 -0.037492 6.757500 5054
Car -1 -1 1.737100 495.650700 183.975300 535.498500 214.472700 1.528618 1.584605 3.867706 -5.212634 2.201069 39.755701 1.595861 3.472200 5052
Car -1 -1 -2.050000 928.334000 158.539400 983.846600 181.928100 1.437509 1.611715 3.830659 22.061316 0.607036 46.197663 -1.605014 5.973200 5051
Car -1 -1 -0.267800 764.814800 162.558400 863.507600 193.380900 1.544278 1.696046 4.447273 10.145130 1.074550 36.301607 0.006872 5.118700 5050
Car -1 -1 -1.991900 893.327800 154.415700 945.069900 180.864500 1.630933 1.626447 3.701455 19.469226 0.585827 45.711925 -1.593600 9.933800 5049
Car -1 -1 1.708500 475.497700 184.778600 521.962400 219.756400 1.479996 1.612976 3.990407 -5.193438 2.093263 33.789649 1.558046 7.128300 5037
Car -1 -1 -1.502800 602.564100 178.013700 626.263700 197.386300 1.478682 1.612321 3.821572 0.433724 1.933199 57.004820 -1.491048 5.768700 5027
Car -1 -1 1.714900 533.517500 177.086400 578.087300 211.932800 1.653765 1.695915 4.323849 -2.755849 1.929100 37.561510 1.628520 4.139000 5023
Car -1 -1 -0.623600 1056.405700 148.041100 1172.791100 182.326600 1.479765 1.587723 4.089453 22.262896 0.431431 31.809012 -0.015493 10.971500 5009
Car -1 -1 1.474100 648.598000 172.832800 683.129700 200.100900 1.612935 1.716472 4.479102 3.516373 1.654115 45.642378 1.540315 7.046300 5002
Car -1 -1 1.678800 448.330300 185.300400 503.015300 230.504000 1.511293 1.623595 3.975349 -5.007492 2.009888 27.339563 1.502047 10.919800 4998
Car -1 -1 2.777500 740.482700 165.938500 945.070500 232.611900 1.573132 1.700294 4.521543 5.676567 1.415908 17.884144 3.088056 12.229400 4995
