Car -1 -1 0.026800 298.629700 177.529200 360.407100 196.937600 1.481909 1.662691 4.350086 -22.394482 1.862830 57.509222 -0.399743 5.198100 5138
Car -1 -1 -0.376400 823.864000 167.773900 1082.427700 245.358700 1.473780 1.647744 4.423160 6.637769 1.364102 14.442784 0.042770 8.246500 5134
Car -1 -1 1.262200 834.945800 155.795300 866.918300 173.324200 1.550114 1.658139 4.143690 23.738282 0.110551 67.486188 2.024817 1.963500 5130
Car -1 -1 -1.230300 687.320600 176.509700 765.126000 221.943200 1.485193 1.579661 3.791338 4.215062 1.635071 26.124014 -1.072531 6.415500 5124
Car -1 -1 1.790900 422.804300 187.970700 517.924100 257.990500 1.424397 1.528394 3.517851 -3.281029 1.839502 17.325544 1.604570 11.804700 5105
Car -1 -1 1.698200 470.551400 182.888300 539.953300 235.676900 1.432968 1.601401 3.966483 -3.162497 1.775712 22.257162 1.559034 9.524400 5102
Car -1 -1 2.231200 0.000000 211.897500 292.711700 374.000000 1.441003 1.557031 3.719701 -3.859100 1.792111 5.033217 1.582774 10.057000 5093
Car -1 -1 1.940600 256.270500 185.985700 455.488800 315.720900 1.596128 1.587801 3.711250 -3.680641 1.825379 11.074383 1.612960 13.502400 5092
Car -1 -1 -1.039800 729.294000 171.627500 802.777800 211.804300 1.561301 1.541352 3.289259 6.478050 1.556098 29.955771 -0.831798 6.265500 5083
Car -1 -1 -1.554300 675.643400 177.437500 734.206500 232.149100 1.486413 1.596917 3.451598 2.849945 1.639732 21.716352 -1.418766 11.386300 5027
Car -1 -1 1.127500 867.432200 161.568100 1146.192200 298.031800 1.555415 1.670910 4.387143 5.178668 1.410724 10.282654 1.593891 13.017200 5002
