Car -1 -1 -0.736500 1168.305200 146.039000 1241.000000 187.760200 1.530374 1.668706 4.306203 23.650846 0.539063 27.028716 -0.001491 5.275900 5030
Car -1 -1 -1.501700 613.602900 175.351500 632.780800 191.130200 1.463573 1.607943 3.849361 1.303173 1.643716 69.100527 -1.469489 1.719800 5027
Car -1 -1 -0.680000 1111.567100 149.086100 1241.000000 185.857300 1.491185 1.679684 4.425239 23.459491 0.513583 29.758388 -0.013731 9.675800 5026
Car -1 -1 -0.581700 1050.354100 151.276300 1169.960600 184.145400 1.514480 1.665560 4.348063 23.302673 0.520472 33.774871 0.032062 6.250200 5025
Car -1 -1 1.655800 574.408800 178.570700 596.186900 195.913700 1.473093 1.620616 3.877491 -2.194842 2.011189 64.572924 1.617728 1.212400 5023
Car -1 -1 -0.505400 927.221100 155.758400 998.646700 179.185700 1.469370 1.605506 3.872867 22.587900 0.396099 46.112721 -0.041822 2.727300 5022
Car -1 -1 -0.461400 943.833900 153.128100 1020.454400 177.654400 1.458942 1.576338 3.922738 22.595346 0.338763 43.595833 0.011018 4.626500 5009
Car -1 -1 -1.914400 844.410400 158.649000 880.597200 179.296300 1.596863 1.604163 3.602239 20.220140 0.490665 57.552450 -1.591698 6.292000 5004
Car -1 -1 1.617900 651.635800 173.364700 673.815600 193.133400 1.533773 1.627352 3.834996 4.264254 1.623261 57.241849 1.661818 6.270300 5002
Car -1 -1 1.688500 504.799400 178.647800 543.761200 210.208200 1.585854 1.656387 4.024273 -4.665698 1.990842 39.770138 1.549993 5.158700 4998
Car -1 -1 2.903000 693.342400 170.632600 807.059400 208.351500 1.519502 1.671784 4.329803 5.763802 1.454081 29.987624 3.094898 8.833900 4995
