Car -1 -1 -2.054600 1084.212800 141.582100 1169.226100 174.140300 1.576716 1.680763 4.446299 26.020900 0.060491 36.535220 -1.440053 -0.380700 5065
Car -1 -1 -0.833500 1134.798600 139.490400 1241.000000 180.559700 1.480307 1.636247 4.104583 22.183699 0.294132 27.057948 -0.085357 3.874200 5062
Car -1 -1 -0.743700 1185.339400 137.962500 1241.000000 183.780600 1.491410 1.651614 4.240435 22.277728 0.341508 24.580268 -0.008519 6.843800 5054
Car -1 -1 -2.124400 998.913700 151.040600 1076.056600 180.688500 1.450710 1.605067 3.879580 21.792033 0.315014 36.523372 -1.603907 5.700800 5051
Car -1 -1 -0.359700 812.978400 145.450100 962.638400 193.563800 1.694440 1.765324 4.832242 10.083477 0.751635 26.653404 0.000505 10.562400 5050
Car -1 -1 -2.078200 966.286200 148.598300 1038.619300 180.648900 1.541980 1.580493 3.655823 19.367103 0.384084 35.978428 -1.587268 10.415800 5049
Car -1 -1 -1.465100 600.669600 173.545400 630.930700 196.456800 1.445852 1.601567 3.718831 0.322630 1.498203 47.405707 -1.473389 7.871300 5027
Car -1 -1 1.736100 429.942400 174.261900 538.355200 256.970700 1.633732 1.686624 4.227888 -2.744550 1.663262 16.318528 1.569735 12.324400 5023
Car -1 -1 1.471300 657.852700 166.514100 701.298100 199.118400 1.533733 1.687510 4.429884 3.323332 1.254326 35.929534 1.555450 9.613400 5002
Car -1 -1 1.765400 347.742400 178.282700 448.862900 251.819700 1.554104 1.626541 4.089956 -5.163603 1.732170 17.849656 1.483772 13.354400 4998
Car -1 -1 2.507700 892.126900 147.752500 1241.000000 303.589600 1.577796 1.647985 4.094116 5.462611 1.340693 8.235071 3.092136 13.449700 4995
