Car -1 -1 -1.171600 653.567600 177.412900 706.708300 209.116600 1.600109 1.599963 3.651968 4.048947 1.848774 39.164125 -1.099789 2.344400 5106
Car -1 -1 1.681300 505.273600 184.839500 549.936100 222.809200 1.446639 1.525628 3.558104 -3.466199 1.936265 30.445115 1.578149 6.032200 5105
Car -1 -1 1.644700 520.654500 182.067300 559.169000 214.462100 1.465943 1.611531 4.022137 -3.329141 1.871335 35.152251 1.525469 3.491700 5102
Car -1 -1 2.171100 0.000000 196.355800 274.119100 374.000000 1.518198 1.614568 3.923645 -4.403132 1.775796 5.845617 1.521073 10.413000 5100
Car -1 -1 1.926700 242.628700 190.301200 441.312800 303.992000 1.478748 1.654313 4.374446 -4.232649 1.796736 12.079944 1.588373 14.652100 5096
Car -1 -1 1.822100 390.041900 187.783000 494.455700 258.274300 1.487758 1.605225 3.810499 -4.039662 1.870762 17.868161 1.594128 11.963500 5093
Car -1 -1 1.789100 457.504300 179.276500 529.220200 232.570700 1.628530 1.614693 3.753915 -3.832293 1.835403 24.159675 1.620105 8.028000 5092
Car -1 -1 -1.087800 687.081700 176.676100 737.118300 204.698600 1.570157 1.581456 3.401461 6.149984 1.783803 43.182126 -0.903678 3.041100 5083
Car -1 -1 -0.188100 719.739200 169.572600 838.773800 213.571400 1.606738 1.631004 4.168187 6.339951 1.486068 27.500915 0.041053 3.858900 5081
Car -1 -1 -0.613800 1050.688700 122.126800 1241.000000 221.807300 1.745831 1.753800 4.687443 11.189470 0.849852 13.696498 0.066320 11.993600 5050
Car -1 -1 -1.487300 645.537200 179.019300 684.596600 213.083200 1.529046 1.600744 3.496841 2.656668 1.812413 34.801480 -1.416798 9.724500 5027
Car -1 -1 1.358000 728.354900 173.619000 810.215400 226.316000 1.564117 1.672878 4.458505 5.008051 1.539898 23.409788 1.573389 12.677500 5002
