Car -1 -1 2.355500 881.320900 164.327000 954.271000 190.713800 1.483369 1.607646 3.920689 18.034020 1.017449 42.422806 2.692575 3.314600 5140
Car -1 -1 -0.012800 341.667300 175.741100 400.641700 194.968000 1.476903 1.636295 4.416256 -19.017375 1.702550 57.191512 -0.347841 5.614300 5138
Car -1 -1 -0.380500 848.152900 167.556300 1145.812900 254.491900 1.439826 1.633872 4.383729 6.624370 1.336055 12.850321 0.073229 8.866400 5134
Car -1 -1 1.247500 859.311800 155.777800 891.939800 173.650000 1.597283 1.673307 4.004186 25.359677 -0.014729 66.868063 1.716982 1.129100 5130
Car -1 -1 -1.243300 698.783900 176.422500 774.003500 224.431800 1.485138 1.537523 3.432803 4.277392 1.604180 24.483153 -1.072123 9.205700 5124
Car -1 -1 1.810800 400.698000 187.904600 512.558000 268.207800 1.451087 1.541520 3.636807 -3.263312 1.829918 15.789083 1.605200 11.930400 5105
Car -1 -1 1.711700 462.290400 182.750400 537.691600 241.927100 1.469073 1.598304 3.956343 -3.110015 1.782920 20.706367 1.564027 10.743600 5102
Car -1 -1 2.422400 0.000000 212.044400 201.632000 374.000000 1.458547 1.537900 3.774388 -3.851951 1.765908 3.521503 1.583652 9.809100 5093
Car -1 -1 2.003200 193.582800 186.965700 438.737400 341.660600 1.590921 1.588486 3.663429 -3.644903 1.797113 9.555079 1.629273 12.307200 5092
Car -1 -1 -1.061400 740.211700 171.690400 816.292600 213.980700 1.558629 1.527449 3.238314 6.579873 1.511883 28.354573 -0.834310 6.956800 5083
Car -1 -1 -1.554700 684.161200 179.234800 747.810400 238.292600 1.472348 1.605203 3.661174 2.936104 1.652086 20.240135 -1.413560 11.208400 5027
Car -1 -1 1.053900 898.846800 147.173000 1241.000000 335.268500 1.617997 1.715546 4.594706 5.216016 1.424328 8.715240 1.592366 13.408900 5002
