Car -1 -1 1.563300 518.232800 184.158200 548.613100 212.844300 1.469951 1.614626 3.953017 -4.341645 2.127826 40.554817 1.499477 1.523400 5102
Car -1 -1 1.911400 184.118500 195.272000 396.415600 324.535100 1.470819 1.602609 4.132665 -4.621373 1.885777 11.005564 1.513684 14.113100 5100
Car -1 -1 1.819700 353.601600 187.214300 472.028400 266.389600 1.553698 1.671034 4.414795 -4.610438 1.962565 17.328793 1.558690 12.801200 5096
Car -1 -1 1.767500 430.342100 187.414900 503.802000 239.818800 1.479637 1.598462 3.857936 -4.553883 2.017501 23.225742 1.573089 10.361800 5093
Car -1 -1 1.747800 470.823000 181.314100 526.855800 224.535200 1.639734 1.622814 3.778575 -4.528974 2.022552 29.520706 1.589329 7.535100 5092
Car -1 -1 -2.292200 1129.258900 145.329500 1241.000000 188.673800 1.593303 1.605522 3.616447 22.849662 0.618155 28.731757 -1.614512 7.030100 5087
Car -1 -1 -1.040800 660.542600 178.093600 706.537100 201.169900 1.505645 1.565500 3.457174 4.959241 1.911648 48.543543 -0.928518 0.732300 5083
Car -1 -1 -0.142700 687.119500 173.776400 784.443600 207.006600 1.485966 1.612406 4.181667 5.671429 1.587369 33.092347 0.030427 5.408900 5081
Car -1 -1 -2.152600 1211.108900 142.016700 1241.000000 186.158200 1.716649 1.671068 3.979007 27.047384 0.533986 29.068795 -1.418617 1.816800 5065
Car -1 -1 -0.490000 909.775500 140.014100 1133.728600 208.513600 1.718151 1.767212 4.864182 10.809716 0.907226 19.348294 0.021131 11.021300 5050
Car -1 -1 -2.197500 1077.953800 139.579900 1187.117800 186.806200 1.758326 1.654887 3.622348 20.436849 0.542336 28.490696 -1.578345 9.819000 5049
Car -1 -1 -1.474000 625.019500 180.791700 658.528500 209.380000 1.493020 1.574888 3.400376 1.733702 1.983257 40.189286 -1.437907 9.061100 5027
Car -1 -1 2.355200 0.000000 187.252300 330.164900 374.000000 1.507081 1.603520 4.038883 -2.780986 1.624295 1.402436 1.601199 5.270400 5023
Car -1 -1 1.404100 691.936900 173.477000 754.190300 216.096000 1.572113 1.700095 4.484890 4.343833 1.618312 28.860192 1.554802 10.986600 5002
