Car -1 -1 -2.052500 1075.646100 141.384600 1162.078900 173.968700 1.619458 1.721316 4.573151 25.899183 0.101653 37.041609 -1.446288 2.965700 5065
Car -1 -1 -0.638300 1122.823800 141.402600 1241.000000 180.968400 1.481450 1.616907 3.913303 22.035273 0.354435 27.618067 0.012927 3.033700 5062
Car -1 -1 -0.735300 1169.449300 137.853600 1241.000000 180.490600 1.465701 1.662639 4.270587 22.220166 0.319721 25.250560 -0.011785 7.924000 5054
Car -1 -1 -2.124400 998.913700 151.040600 1076.056600 180.688500 1.450710 1.605067 3.879580 21.796943 0.327618 37.154918 -1.603907 5.700800 5051
Car -1 -1 -0.352800 806.574300 147.979500 952.408200 193.301700 1.657129 1.760832 4.811276 10.017759 0.782108 27.313808 -0.004180 10.696600 5050
Car -1 -1 -2.068400 958.576500 147.899400 1027.180700 179.826200 1.584501 1.578865 3.657155 19.268377 0.411604 36.669411 -1.594497 7.098300 5049
Car -1 -1 -1.521700 600.396100 173.458000 627.089300 196.027200 1.452732 1.593100 3.687653 0.205629 1.543395 47.951369 -1.500068 7.003200 5027
Car -1 -1 1.726500 449.312800 173.584500 541.766600 249.501900 1.665658 1.662715 4.047135 -2.770228 1.696542 17.738557 1.569144 11.410200 5023
Car -1 -1 -0.730700 1203.124200 136.102500 1241.000000 184.164100 1.495365 1.623332 4.220655 22.098516 0.397578 22.896548 0.017272 4.633500 5009
Car -1 -1 1.460800 655.993900 166.921300 698.223300 199.445800 1.551584 1.666977 4.301386 3.240165 1.327163 36.530501 1.540808 10.422900 5002
Car -1 -1 1.751800 355.484100 179.865800 451.172500 248.876300 1.518514 1.621267 4.108817 -5.200686 1.754366 18.451739 1.481623 13.519800 4998
Car -1 -1 -3.736300 861.677400 153.859900 1241.000000 296.675300 1.572451 1.659288 4.259180 5.431919 1.370424 8.895970 3.087178 11.090800 4995
