Car -1 -1 -0.233100 763.421300 161.219500 850.085400 190.326800 1.546147 1.670383 4.289739 10.439117 0.887995 38.680873 0.018704 1.713300 5050
Car -1 -1 -1.975700 887.715300 153.909100 934.225200 176.351900 1.445128 1.588558 3.649682 19.984641 0.213858 48.099474 -1.578213 8.574600 5049
Car -1 -1 -0.300100 825.886400 132.018500 958.531800 177.328400 1.593818 1.660351 4.174819 10.023256 0.162142 25.654994 0.062362 0.429200 5045
Car -1 -1 1.786000 392.581900 173.804700 454.071100 216.865700 1.641904 1.653628 3.877537 -7.778228 1.742016 28.967035 1.547523 -0.051900 5041
Car -1 -1 1.700600 494.900300 182.120000 535.947900 213.048100 1.467889 1.611193 3.959599 -4.775769 1.891237 36.597333 1.562780 4.313200 5037
Car -1 -1 -1.460400 611.245000 173.728900 636.062100 191.968200 1.454595 1.613564 3.803535 1.228721 1.509646 59.636297 -1.460838 4.989900 5027
Car -1 -1 -0.752800 1212.927100 135.094600 1241.000000 180.570600 1.493074 1.619566 4.320974 23.279772 0.273953 24.376476 0.007971 5.160300 5025
Car -1 -1 1.623100 551.799400 175.775400 583.732300 202.565600 1.566547 1.693107 4.238619 -2.394295 1.671911 43.393479 1.555803 5.335600 5023
Car -1 -1 -0.619700 1036.780200 145.841700 1146.458200 177.286900 1.469022 1.606869 4.238446 22.845272 0.211530 34.150791 -0.027121 7.200900 5009
Car -1 -1 1.495000 656.542200 169.577100 686.940200 194.057100 1.576935 1.689755 4.390244 4.149835 1.337433 48.103099 1.567452 7.934400 5002
Car -1 -1 1.658900 472.619500 179.702200 521.954400 218.867800 1.504236 1.654035 4.220366 -4.591845 1.770791 30.292064 1.515133 9.217800 4998
Car -1 -1 2.819600 731.150000 162.996200 906.633400 221.200900 1.580371 1.699606 4.493554 5.886449 1.281953 20.463433 3.096354 12.295400 4995
