Car -1 -1 1.175500 860.189200 154.220700 907.573800 177.761300 1.513957 1.598160 3.926377 18.556699 0.334639 49.109770 1.552749 -0.335300 5058
Car -1 -1 -0.589200 1039.144000 151.587800 1155.420000 184.140500 1.457758 1.627580 4.210791 22.165265 0.487126 33.013258 -0.014412 8.449000 5054
Car -1 -1 1.690200 487.155400 183.312400 525.841300 214.333700 1.546924 1.615355 3.859704 -5.484722 2.103487 38.500601 1.553625 3.956500 5052
Car -1 -1 -2.076500 929.756100 158.324900 988.227300 183.148000 1.459659 1.609417 3.790206 21.682948 0.613548 45.005678 -1.628810 5.032600 5051
Car -1 -1 -0.313000 762.368700 160.744300 869.773000 195.444100 1.636460 1.739843 4.641139 9.915874 1.095839 35.031511 -0.017414 5.284000 5050
Car -1 -1 -2.005600 897.522600 154.688600 951.111100 181.985200 1.617129 1.626340 3.660966 19.264731 0.559018 44.499306 -1.596115 7.254400 5049
Car -1 -1 1.702600 465.437500 182.376800 514.372900 219.247200 1.503874 1.634737 4.064289 -5.366865 1.991677 32.491332 1.536418 6.605800 5037
Car -1 -1 -1.534800 601.001800 178.504000 623.288900 198.226700 1.452041 1.599533 3.622890 0.192273 1.904214 55.673651 -1.516530 6.260700 5027
Car -1 -1 1.641700 528.673000 179.010400 568.225600 212.526700 1.509430 1.629291 3.981808 -2.912089 1.809308 34.397640 1.575367 6.414300 5023
Car -1 -1 -0.637200 1070.232500 148.805300 1191.386800 183.885900 1.457382 1.601970 4.035587 22.102428 0.450284 30.644712 -0.011389 11.847600 5009
Car -1 -1 1.456900 645.692900 173.900200 681.346500 200.985700 1.557906 1.679969 4.356198 3.248983 1.632155 44.219098 1.535104 9.731200 5002
Car -1 -1 1.698000 434.766800 181.621800 495.182100 229.645300 1.541093 1.633916 3.959542 -5.152287 1.925780 26.057950 1.500530 11.166000 4998
Car -1 -1 2.758400 748.485900 163.598400 968.708300 234.630800 1.567106 1.684641 4.480521 5.606459 1.359675 16.616395 3.085625 12.941000 4995
