Car -1 -1 -2.016500 1029.153400 146.157500 1104.502800 180.769400 1.845164 1.772942 4.533813 25.488707 0.464744 40.555565 -1.456918 2.264200 5065
Car -1 -1 -0.656200 1054.554300 151.065200 1183.804900 187.121000 1.501194 1.677809 4.368846 21.927837 0.582829 31.254914 -0.033704 7.259500 5062
Car -1 -1 -0.663300 1097.058200 148.295100 1235.272000 186.097000 1.477625 1.649123 4.286740 21.958349 0.541353 28.707391 -0.006056 7.633900 5054
Car -1 -1 -2.102800 960.355500 155.299500 1024.807300 183.952400 1.533084 1.616749 3.623507 21.288670 0.630701 40.528925 -1.628661 5.305900 5051
Car -1 -1 -0.337600 780.399500 155.734800 904.168200 197.220900 1.676479 1.741513 4.688650 9.693555 1.011567 30.653593 -0.026831 8.474800 5050
Car -1 -1 -2.055900 919.667700 151.386400 983.125000 178.587200 1.445726 1.616537 3.716650 18.908200 0.303987 40.236249 -1.592676 6.698000 5049
Car -1 -1 1.733200 439.180300 183.472800 497.641300 229.018800 1.563476 1.619170 4.052234 -5.556439 2.005758 27.951773 1.536911 5.404900 5037
Car -1 -1 -1.474200 592.289300 178.965900 620.047000 201.567800 1.499150 1.617775 3.724762 -0.330048 1.964895 51.172391 -1.482577 7.808300 5027
Car -1 -1 1.650500 491.780400 182.205900 550.085000 233.323500 1.570757 1.671973 4.191176 -3.064170 1.869885 24.643294 1.538562 10.684100 5023
Car -1 -1 -0.697400 1140.359900 145.119100 1241.000000 186.523300 1.473520 1.614190 4.046702 21.852104 0.509180 26.341166 -0.017674 9.959800 5009
Car -1 -1 1.462500 644.825400 174.440200 683.799200 205.119300 1.582443 1.683171 4.320019 2.850387 1.668859 39.743212 1.536546 9.084400 5002
Car -1 -1 1.724200 388.872900 185.297100 465.210600 242.976500 1.505961 1.618511 4.060513 -5.428199 1.909684 21.579472 1.479511 13.008600 4998
Car -1 -1 2.665900 786.538700 167.813600 1097.188600 267.579000 1.554546 1.674665 4.393850 5.380265 1.462660 12.131878 3.081978 12.638900 4995
