Car -1 -1 1.725000 502.318500 178.867400 555.401100 221.685000 1.566845 1.569211 3.586568 -3.190185 1.798082 28.401766 1.606424 6.474500 5142
Car -1 -1 2.375200 901.369300 161.437300 980.553700 190.432500 1.561850 1.612796 3.982429 18.250698 0.933752 39.763849 2.778387 7.294700 5140
Car -1 -1 -0.140900 412.799700 174.413200 470.209900 194.437900 1.521721 1.650828 4.200900 -13.528286 1.610732 56.847399 -0.354443 2.882400 5138
Car -1 -1 -0.510800 901.725300 166.136800 1241.000000 271.612400 1.404193 1.635019 4.330244 6.687227 1.297587 10.489441 0.064689 10.274100 5134
Car -1 -1 -1.268800 711.562600 174.499500 797.894500 227.592100 1.490764 1.586228 3.618996 4.443576 1.524933 22.191335 -1.075113 6.731900 5124
Car -1 -1 1.842900 373.353100 190.334600 502.357600 282.231300 1.426045 1.500465 3.420767 -3.128449 1.781403 13.438102 1.616000 11.480700 5105
Car -1 -1 1.735300 445.052800 182.435700 533.454000 249.289400 1.479314 1.594709 3.940537 -3.002798 1.746021 18.400090 1.572430 10.790600 5102
Car -1 -1 2.090100 18.069200 184.527100 402.467100 374.000000 1.605570 1.595529 3.706901 -3.581864 1.744365 7.235180 1.632546 12.846800 5092
Car -1 -1 -1.090200 756.428600 169.427500 839.070000 214.729800 1.530487 1.551117 3.279182 6.722163 1.410046 25.950843 -0.830080 8.983900 5083
Car -1 -1 -1.584600 701.095100 174.892500 774.523900 244.869000 1.526945 1.613011 3.580637 3.055704 1.603843 17.872201 -1.416249 10.840800 5027
Car -1 -1 0.919400 997.294100 138.037300 1241.000000 374.000000 1.669121 1.663967 4.104276 5.213948 1.448694 6.340002 1.602950 10.090000 5002
