Car -1 -1 1.794300 374.480600 188.707100 475.493400 257.251700 1.541366 1.666714 4.295009 -4.836401 1.996710 19.232828 1.549549 12.486000 5096
Car -1 -1 1.753600 436.584600 188.721700 503.814400 237.895300 1.492135 1.612689 3.941690 -4.818557 2.084094 25.132734 1.564561 10.155300 5093
Car -1 -1 1.719700 473.186900 182.022300 522.908300 224.939800 1.664825 1.622738 3.650632 -4.828296 2.119740 31.396201 1.565592 4.760400 5092
Car -1 -1 1.940000 441.302500 176.878500 476.984100 196.155600 1.491868 1.583641 3.729264 -12.043743 1.786362 57.638559 1.688837 -0.611900 5088
Car -1 -1 -2.255100 1086.866300 149.679700 1194.078200 189.036000 1.538421 1.627403 3.692924 22.561741 0.611978 30.870603 -1.613538 7.430900 5087
Car -1 -1 -1.079900 650.193100 178.632500 695.166800 202.709000 1.572068 1.604096 3.682870 4.411583 2.025308 50.640835 -0.990805 3.050500 5083
Car -1 -1 -0.129500 672.895000 175.963200 760.419400 209.064900 1.553194 1.608630 4.071518 5.152902 1.702534 34.951770 0.028018 4.640200 5081
Car -1 -1 -2.135800 1179.849800 143.013000 1241.000000 187.303000 1.762337 1.738798 4.349783 26.744139 0.529919 30.935066 -1.423897 3.265300 5065
Car -1 -1 -0.442700 880.421800 146.716800 1067.912200 206.000800 1.660438 1.726411 4.655820 10.615332 0.922959 21.375539 0.012461 9.328400 5050
Car -1 -1 -2.152000 1042.286700 143.992200 1138.223800 188.728700 1.783033 1.656172 3.559922 20.145290 0.623477 30.581579 -1.575055 10.022700 5049
Car -1 -1 -1.466600 616.683500 181.871700 649.630400 209.726900 1.500511 1.587324 3.502716 1.319175 2.042633 42.222522 -1.445376 9.829400 5027
Car -1 -1 2.095000 0.000000 188.180300 431.624500 374.000000 1.586285 1.665913 4.232416 -2.789438 1.729083 5.289643 1.617861 10.820500 5023
Car -1 -1 1.416900 679.496200 175.963700 735.730200 215.066500 1.530273 1.686788 4.548169 4.013700 1.645016 30.867446 1.547270 11.159200 5002
