Car -1 -1 -0.546000 1021.413200 154.103100 1134.823700 185.947300 1.463451 1.668071 4.298229 22.042020 0.612055 34.161782 0.015251 6.198600 5062
Car -1 -1 -0.178900 717.300000 172.809800 783.185400 196.199200 1.448163 1.599441 3.893139 8.783883 1.455128 45.607947 -0.001008 4.189400 5061
Car -1 -1 -0.643700 1051.600500 151.520200 1173.657000 185.966000 1.479922 1.660904 4.284676 22.068095 0.570720 31.850593 -0.037611 7.958400 5054
Car -1 -1 1.712100 476.926300 180.498100 520.534000 212.933400 1.537933 1.639156 4.167880 -5.704127 1.980459 37.370739 1.566737 2.008500 5052
Car -1 -1 -2.044100 939.528200 158.887600 997.084700 186.487900 1.538857 1.612198 3.719996 21.522259 0.777014 43.598223 -1.590675 5.548300 5051
Car -1 -1 -0.342600 764.752900 159.017900 878.286600 196.512100 1.671063 1.747440 4.748457 9.846836 1.101185 33.923699 -0.053079 6.269800 5050
Car -1 -1 -2.026200 900.783400 154.593300 958.643300 183.521500 1.648538 1.650837 3.818192 19.079174 0.612167 43.329526 -1.606025 8.864900 5049
Car -1 -1 1.729600 455.790000 182.262900 509.124700 220.764600 1.526888 1.653276 4.134167 -5.523074 1.957228 31.240682 1.555649 6.436400 5037
Car -1 -1 -1.490600 596.547600 177.641600 621.917300 199.450200 1.530967 1.622837 3.720620 -0.018302 1.939587 54.338325 -1.486998 5.776500 5027
Car -1 -1 1.666400 515.136300 178.338700 564.342500 217.723900 1.559373 1.705311 4.268081 -3.041363 1.838849 31.726876 1.570228 7.750200 5023
Car -1 -1 -0.666300 1083.558100 149.497900 1214.219900 185.619300 1.434850 1.621101 4.159048 21.956912 0.511415 29.458184 -0.029331 10.311500 5009
Car -1 -1 1.454100 643.445000 173.804100 680.793400 200.922100 1.514934 1.684934 4.475722 3.048055 1.589189 43.014668 1.526154 9.904200 5002
Car -1 -1 1.706300 423.505700 182.449700 485.870600 232.820300 1.540040 1.610462 3.836673 -5.273572 1.904855 24.751020 1.498765 12.691100 4998
Car -1 -1 2.723900 760.659900 171.834700 996.120100 247.146500 1.534240 1.669625 4.361418 5.558312 1.458417 15.369727 3.075669 11.177400 4995
