Car -1 -1 1.786700 425.079600 176.878800 480.143300 215.258700 1.627042 1.645603 3.831239 -7.127309 1.780622 32.573804 1.571563 -0.378300 5041
Car -1 -1 -1.996100 917.063100 156.358900 964.308700 177.923900 1.470389 1.579211 3.850700 23.489851 0.357861 51.423788 -1.568137 2.731100 5039
Car -1 -1 1.667000 518.453900 179.170700 554.621400 207.972200 1.477138 1.609209 3.979662 -4.030932 1.817330 40.012198 1.567672 2.601600 5037
Car -1 -1 -1.403400 622.621300 174.968100 646.826200 191.936400 1.429854 1.564564 3.476318 2.336325 1.559326 62.639562 -1.393684 4.125800 5027
Car -1 -1 -0.691500 1163.019900 145.415000 1241.000000 184.776100 1.473083 1.654669 4.318674 23.842748 0.383062 27.233457 0.031037 6.834200 5025
Car -1 -1 1.689900 574.200400 174.208200 604.915900 197.597000 1.536521 1.653796 4.085156 -1.220679 1.636788 50.729125 1.625834 4.463500 5023
Car -1 -1 -0.551100 989.475400 152.172000 1085.573600 180.463100 1.513928 1.666959 4.234447 23.548413 0.355149 39.579663 -0.012172 5.828900 5022
Car -1 -1 -0.562400 1012.459600 150.397600 1112.467100 179.137900 1.450694 1.592745 4.082267 23.414556 0.271382 37.073815 0.001877 11.034600 5009
Car -1 -1 -1.957000 885.162800 156.929800 932.246800 178.725200 1.479791 1.622843 3.974049 21.230614 0.322442 51.051375 -1.564173 3.224300 5004
Car -1 -1 1.523800 665.763300 171.355600 693.555700 194.150200 1.562406 1.719466 4.489503 5.086343 1.366610 51.394587 1.613339 6.933300 5002
Car -1 -1 1.684300 499.833300 177.167200 544.470600 213.643900 1.565067 1.632835 3.994217 -3.954391 1.759978 33.605230 1.566568 8.808800 4998
Car -1 -1 -3.429300 725.719300 164.278000 879.407100 216.582200 1.607105 1.703006 4.507906 6.299171 1.344832 23.683944 3.116329 12.177900 4995
