Car -1 -1 -0.498100 968.650200 152.160800 1054.128800 178.473600 1.512751 1.650754 4.149309 23.091725 0.323923 41.558554 0.017100 -0.623600 5046
Car -1 -1 1.786700 425.079600 176.878800 480.143300 215.258700 1.627042 1.645603 3.831239 -7.082737 1.860352 32.074592 1.571563 -0.378300 5041
Car -1 -1 -1.996100 917.063100 156.358900 964.308700 177.923900 1.470389 1.579211 3.850700 23.486132 0.462580 50.848118 -1.568137 2.731100 5039
Car -1 -1 1.700800 518.402700 177.932300 557.076700 207.794100 1.500575 1.602545 3.944240 -3.947143 1.818208 39.270522 1.589059 0.118500 5037
Car -1 -1 -1.533800 623.665200 174.056400 644.181300 191.660300 1.449412 1.601174 3.797005 2.208081 1.555861 62.121070 -1.459762 4.245500 5027
Car -1 -1 -0.723000 1176.356700 143.076400 1241.000000 183.611300 1.461103 1.644552 4.230552 23.743878 0.381962 26.625808 0.013028 6.079700 5025
Car -1 -1 1.628300 573.261700 174.934800 601.805300 200.007000 1.594917 1.689956 4.233337 -1.365851 1.726964 49.387167 1.608321 3.746000 5023
Car -1 -1 -0.554700 993.788900 150.911900 1092.305500 179.248300 1.503590 1.677738 4.292389 23.439914 0.343257 38.938190 -0.014476 5.733300 5022
Car -1 -1 -0.576500 1017.147800 149.780600 1117.792500 179.322200 1.458609 1.613792 4.083276 23.284613 0.303684 36.481737 -0.007441 10.135500 5009
Car -1 -1 -1.957000 885.162800 156.929800 932.246800 178.725200 1.479791 1.622843 3.974049 21.513400 0.320073 50.283978 -1.564173 3.224300 5004
Car -1 -1 1.553500 667.018600 171.757800 692.590800 194.239600 1.526433 1.706756 4.292905 4.994700 1.404261 50.520054 1.635193 6.865000 5002
Car -1 -1 1.636900 495.311200 178.288200 537.575100 214.121400 1.527882 1.642764 4.119235 -4.099200 1.763031 33.041858 1.530742 8.685200 4998
Car -1 -1 2.855700 728.562100 164.805100 880.601600 214.508700 1.556670 1.672348 4.438312 6.205947 1.299406 23.010184 3.114890 11.228500 4995
