Car -1 -1 1.751700 438.799200 186.449700 505.164100 234.173600 1.495763 1.625497 3.962295 -4.895799 2.031150 25.855850 1.565473 9.580500 5093
Car -1 -1 1.716600 475.102500 181.940800 524.814100 221.400300 1.586119 1.618416 3.810453 -4.904463 2.026973 32.131010 1.564280 3.974500 5092
Car -1 -1 1.835800 442.721400 174.074700 475.105800 194.077400 1.534460 1.599079 3.833491 -12.226904 1.651917 58.222725 1.610686 1.095700 5088
Car -1 -1 -2.222700 1083.133800 150.136800 1177.891700 186.353100 1.470977 1.580805 3.501859 22.496800 0.520676 31.469887 -1.595314 7.864400 5087
Car -1 -1 -1.044600 648.850500 178.327300 693.920300 201.091700 1.541232 1.599716 3.717008 4.285504 1.982649 51.380320 -0.986925 -0.041300 5083
Car -1 -1 -0.099500 674.309500 173.980200 762.744900 206.699500 1.545904 1.635537 4.160538 5.212029 1.622419 35.652575 0.049568 3.608100 5081
Car -1 -1 -2.123300 1167.888300 139.455600 1241.000000 183.704400 1.771631 1.724051 4.240880 26.651565 0.440791 31.635456 -1.425998 4.245200 5065
Car -1 -1 -0.449000 871.214400 146.997300 1052.509100 203.507700 1.627654 1.695685 4.647602 10.573067 0.887062 22.042036 0.002689 8.255300 5050
Car -1 -1 -2.152100 1032.178900 143.445800 1121.075600 186.875300 1.781953 1.639624 3.479217 20.021582 0.592704 31.265419 -1.585823 9.592900 5049
Car -1 -1 -1.486100 615.144000 181.934200 646.713800 208.263300 1.478523 1.603542 3.567788 1.183793 1.982704 42.869317 -1.462973 7.658200 5027
Car -1 -1 2.030800 12.631800 182.424500 464.938600 374.000000 1.655028 1.697970 4.350235 -2.789323 1.777005 6.616371 1.625727 13.654800 5023
Car -1 -1 1.417000 674.992200 174.742500 729.796000 212.189200 1.532333 1.686445 4.547309 3.901663 1.584856 31.502989 1.547222 10.153300 5002
Car -1 -1 -3.998000 1054.609800 155.236400 1241.000000 374.000000 1.564514 1.673288 4.543687 5.529290 1.489754 3.761203 -3.126834 5.455300 4995
