Car -1 -1 -2.009900 1012.186500 148.992200 1079.857100 180.984200 1.775146 1.733780 4.263494 25.523781 0.454950 42.476697 -1.471377 3.174000 5065
Car -1 -1 1.475600 678.062400 171.500800 708.836400 195.963100 1.520904 1.619737 4.019613 5.418480 1.454523 47.213214 1.588152 2.478200 5063
Car -1 -1 -0.639300 1029.782400 152.206800 1145.307900 186.017700 1.492702 1.663879 4.300901 21.855168 0.587027 33.131516 -0.033519 4.356700 5062
Car -1 -1 -0.665800 1065.120600 149.375600 1194.312200 184.903100 1.465859 1.664194 4.353953 21.981882 0.519112 30.653662 -0.032675 8.433600 5054
Car -1 -1 1.671100 468.980400 182.003200 510.522000 216.753900 1.544844 1.624114 4.061723 -6.161662 2.100181 35.499733 1.315139 1.810800 5052
Car -1 -1 -2.086500 943.718400 157.526400 1005.309400 185.562200 1.543737 1.630339 3.709056 21.320680 0.733351 42.465239 -1.613911 9.177700 5051
Car -1 -1 -0.345100 768.088600 156.693100 884.439000 195.848900 1.704062 1.752207 4.757287 9.661887 1.037001 32.614789 -0.058801 5.446300 5050
Car -1 -1 -2.018500 908.523100 154.266000 965.068100 179.925200 1.517729 1.608938 3.656810 18.960748 0.475564 42.151011 -1.600240 6.282300 5049
Car -1 -1 1.739100 444.654600 184.064700 501.197400 223.660700 1.463792 1.617821 4.097094 -5.643006 1.952604 29.842999 1.551194 6.215100 5037
Car -1 -1 -1.491800 593.123500 178.708900 618.784400 200.141900 1.504513 1.616060 3.703729 -0.301066 1.955634 53.096067 -1.499093 7.245700 5027
Car -1 -1 1.635900 507.334600 176.785600 556.228000 221.041500 1.600356 1.699975 4.227420 -3.113616 1.795208 28.986815 1.544632 7.909600 5023
Car -1 -1 -0.693300 1101.619600 149.246900 1237.472200 187.437700 1.447858 1.595106 4.120230 21.845521 0.550408 28.260524 -0.040400 11.761100 5009
Car -1 -1 1.462000 641.361200 173.514400 679.583300 201.882400 1.528919 1.700612 4.483331 2.876741 1.580500 41.717977 1.538304 8.729300 5002
Car -1 -1 1.706900 408.200000 182.390900 476.250800 234.690700 1.516529 1.621261 3.953936 -5.381901 1.846986 23.433253 1.480276 11.778000 4998
Car -1 -1 2.721600 770.286800 165.029100 1025.713600 252.036600 1.566644 1.652298 4.239869 5.481917 1.426614 14.068238 3.084143 13.210600 4995
