Car -1 -1 1.629400 547.113500 182.832200 574.913300 207.733400 1.514382 1.604658 4.010000 -3.200954 2.198001 47.709008 1.567020 2.119000 5119
Car -1 -1 1.818300 440.558300 185.988600 469.909900 204.368300 1.483640 1.574150 3.984804 -13.508513 2.694269 63.041566 1.630122 0.442800 5116
Car -1 -1 1.734700 494.376500 185.955000 551.421700 229.361200 1.457264 1.565364 3.764741 -3.280686 2.004870 27.611053 1.615001 7.658200 5105
Car -1 -1 1.648100 519.603900 184.032100 562.205500 220.433700 1.493207 1.634594 4.140160 -3.056833 2.033362 32.566009 1.538343 5.262600 5102
Car -1 -1 2.500100 0.000000 184.347700 114.718100 374.000000 1.556615 1.658853 4.413185 -4.356479 1.700150 2.982398 1.526733 3.560300 5100
Car -1 -1 2.034400 100.774400 191.694800 411.002700 361.476500 1.522725 1.656223 4.379890 -4.130114 1.834022 9.285686 1.612081 12.588500 5096
Car -1 -1 1.872300 347.989300 192.503800 483.010500 279.611200 1.463930 1.600155 3.970468 -3.907139 1.921637 15.055034 1.610380 11.818600 5093
Car -1 -1 1.784800 441.629300 184.056000 522.926400 245.480500 1.605079 1.602210 3.689252 -3.679548 1.940926 21.249985 1.610803 9.363000 5092
Car -1 -1 -1.038000 699.205900 180.746000 753.826400 210.146600 1.547479 1.559126 3.299063 6.494158 1.968812 40.129881 -0.872732 5.713800 5083
Car -1 -1 -0.171000 736.800000 172.794800 879.099500 219.930500 1.562812 1.646095 4.440447 6.594305 1.546473 24.632274 0.095571 7.778800 5081
Car -1 -1 -0.726800 1162.519700 120.275800 1241.000000 244.061100 1.726345 1.718192 4.598710 11.262821 0.970127 10.791923 0.078910 8.055500 5050
Car -1 -1 -1.483300 654.781100 182.643900 696.497600 218.781400 1.491360 1.568527 3.416810 2.923949 1.910321 31.876292 -1.395011 9.573200 5027
Car -1 -1 1.356100 751.837900 171.668700 844.202800 235.295600 1.578901 1.663822 4.249991 5.162072 1.579739 20.444946 1.594304 12.479100 5002
