Car -1 -1 1.712400 503.903800 183.302700 546.875700 215.896100 1.449489 1.564766 3.665283 -3.996498 1.874749 34.651741 1.597626 5.326200 5105
Car -1 -1 1.672500 518.690800 180.076900 555.118000 209.524100 1.476116 1.590925 3.876364 -3.987638 1.906276 39.192161 1.553857 -0.212300 5102
Car -1 -1 1.947000 115.880800 192.633700 380.370200 344.913200 1.488381 1.632539 4.208583 -4.540085 1.810878 9.743000 1.514809 14.526900 5100
Car -1 -1 1.861800 331.471800 183.068100 467.551100 266.473800 1.547938 1.678286 4.367143 -4.519340 1.821329 16.066155 1.577237 13.612900 5096
Car -1 -1 1.775600 423.701300 183.440900 502.826900 239.977300 1.500256 1.600201 3.863372 -4.395674 1.884461 21.938910 1.578642 11.019700 5093
Car -1 -1 1.730200 468.117100 176.084400 525.482700 222.217900 1.630998 1.621348 3.841296 -4.349555 1.840001 28.184160 1.581725 7.486700 5092
Car -1 -1 -2.303600 1143.420700 145.751200 1241.000000 187.730500 1.543302 1.613234 3.764993 23.015081 0.568805 27.279045 -1.615988 3.048900 5087
Car -1 -1 -1.012900 665.398800 174.138700 714.514800 198.768200 1.535982 1.574467 3.528992 5.297118 1.706004 47.298793 -0.901150 0.762100 5083
Car -1 -1 -0.147400 694.816200 171.226400 795.911700 206.095100 1.487076 1.627815 4.167580 5.850302 1.468114 31.693920 0.033664 4.160000 5081
Car -1 -1 -0.508200 938.568300 130.230500 1174.201000 206.932600 1.774737 1.772633 4.763941 10.921596 0.836669 18.011796 0.038133 9.526000 5050
Car -1 -1 -2.219500 1091.838700 138.723100 1207.184900 188.380900 1.774873 1.672756 3.637955 20.614468 0.558608 27.107219 -1.580480 9.675000 5049
Car -1 -1 -1.489600 630.523000 175.991800 665.406800 206.117200 1.523144 1.591764 3.522479 2.029141 1.766440 38.890101 -1.437307 8.405600 5027
Car -1 -1 1.394200 699.515500 168.669100 764.586500 213.323400 1.578252 1.681104 4.491839 4.511510 1.463653 27.594870 1.556612 11.988200 5002
