Car -1 -1 1.692900 498.691900 182.802500 535.978300 211.369300 1.495237 1.618768 4.066529 -5.195679 2.105276 41.063331 1.567550 2.087300 5052
Car -1 -1 -2.018200 924.119000 158.465400 978.985800 181.888400 1.455187 1.608165 4.000674 22.345296 0.612900 47.413308 -1.586662 6.577800 5051
Car -1 -1 -0.279400 762.931000 162.611800 854.162600 192.488300 1.578474 1.689663 4.363282 10.235031 1.059215 37.595058 -0.008882 3.754800 5050
Car -1 -1 -1.989800 889.791800 155.763700 938.814100 181.377400 1.571744 1.606361 3.625814 19.714193 0.524951 46.950343 -1.586327 10.597400 5049
Car -1 -1 1.694800 485.024000 185.789200 528.288800 219.387600 1.503273 1.620296 3.992078 -4.990460 2.104449 35.169701 1.553804 6.392100 5037
Car -1 -1 -1.473300 607.530300 178.736300 631.386500 197.472700 1.436989 1.583272 3.635889 0.823916 1.864718 58.233348 -1.460326 5.322900 5027
Car -1 -1 -0.736400 1205.527300 142.277900 1241.000000 186.777200 1.478504 1.602097 4.066978 23.026890 0.388745 23.708214 0.010955 -0.579500 5025
Car -1 -1 1.644900 544.143800 178.979700 581.291800 210.059800 1.585130 1.709741 4.497641 -2.570474 1.915222 40.449640 1.588122 4.420300 5023
Car -1 -1 -0.618500 1043.369000 149.161200 1159.218000 182.431700 1.480439 1.624837 4.229802 22.552181 0.375897 32.986800 -0.023994 6.732900 5009
Car -1 -1 1.478400 652.554500 174.979700 684.302900 200.116000 1.562184 1.683122 4.345706 3.811405 1.635039 46.824118 1.557417 8.370300 5002
Car -1 -1 1.685600 458.646800 184.208000 511.690500 227.229700 1.529374 1.629509 4.055122 -4.846524 1.961294 28.840038 1.510852 9.571300 4998
Car -1 -1 2.787400 739.184700 168.145300 922.788800 232.181900 1.601357 1.698495 4.394879 5.807836 1.443641 19.197219 3.086618 12.454400 4995
