Car -1 -1 -0.560000 1115.537900 151.143100 1195.536200 174.564800 1.467623 1.603326 3.871586 34.628890 0.108371 46.151431 -0.332085 1.859500 5157
Car -1 -1 -3.076900 1027.086500 150.125600 1095.964800 173.115400 1.547666 1.617187 4.092756 31.731972 0.001611 50.838529 -2.939030 0.398300 5156
Car -1 -1 1.275200 489.426300 182.226500 567.289200 230.184700 1.470328 1.541288 4.009881 -2.946870 1.819807 25.069303 1.166877 6.535800 5155
Car -1 -1 -2.216300 1051.681400 153.781600 1101.505600 171.898600 1.463702 1.595471 3.758295 39.172191 -0.066984 60.006736 -1.170232 0.493600 5154
Car -1 -1 -3.083000 754.760800 166.864500 867.469900 212.736300 1.750306 1.718796 4.261574 8.113820 1.520364 29.079620 -2.817564 9.681000 5152
Car -1 -1 -1.013800 1080.583600 164.526100 1210.574900 217.582700 1.479115 1.574248 3.503556 16.251168 1.237426 21.878065 -0.368471 8.420000 5149
Car -1 -1 1.731600 469.308900 181.869200 544.809700 245.537200 1.577435 1.543317 3.441926 -2.805650 1.829845 20.042463 1.593744 9.682100 5142
Car -1 -1 2.274600 993.074000 162.300000 1098.626500 198.177700 1.513039 1.626132 4.078623 18.820270 1.046885 31.158212 2.811210 11.626000 5140
Car -1 -1 -0.388000 634.316800 167.324700 700.695900 187.714100 1.498100 1.699828 4.592143 4.320703 1.059548 54.080963 -0.308770 8.631700 5138
Car -1 -1 -1.391400 788.799900 177.606500 911.387400 275.794100 1.559014 1.578104 3.607603 4.622203 1.663350 13.694219 -1.055744 7.505000 5124
Car -1 -1 2.131800 0.000000 214.843200 404.506800 374.000000 1.379175 1.536932 3.505851 -2.907397 1.767765 5.240170 1.627452 9.089300 5105
Car -1 -1 1.868700 292.390600 193.551400 502.912300 334.263200 1.451926 1.619428 4.132784 -2.725417 1.784925 10.096813 1.598231 12.300400 5102
Car -1 -1 -1.187000 846.090000 172.124800 962.815000 241.423900 1.510418 1.538408 3.313181 7.195771 1.506477 17.619277 -0.792611 7.725500 5083
Car -1 -1 -1.716100 797.542200 181.370900 975.172400 331.867200 1.522386 1.583341 3.502320 3.329767 1.660419 9.422769 -1.382181 11.945400 5027
