Car -1 -1 -1.585100 777.818400 176.601200 851.808500 245.915000 1.542651 1.616997 3.648791 5.075936 1.643455 18.200568 -1.304306 5.785300 5306
Car -1 -1 0.347900 274.053100 152.104300 343.825100 175.261700 1.561386 1.627997 4.131920 -20.234949 0.164402 48.534636 -0.043457 1.942100 5305
Car -1 -1 -1.239400 331.439600 162.430600 366.320800 180.554000 1.472335 1.593799 3.807816 -21.916247 0.599894 58.856466 -1.577444 1.989100 5299
Car -1 -1 -2.079200 1001.381800 147.691200 1102.024400 195.113800 1.755067 1.656353 3.914252 17.115692 0.834857 28.225429 -1.534149 5.583100 5298
Car -1 -1 -1.477100 796.130700 170.394300 861.606700 226.146600 1.583805 1.613385 3.612309 6.817428 1.520228 22.398728 -1.206688 2.886400 5296
Car -1 -1 -1.709300 769.594100 181.890700 898.919000 284.366600 1.495901 1.623505 4.119361 3.832925 1.677218 13.040904 -1.417695 11.953100 5282
Car -1 -1 1.688800 720.656900 167.481500 751.343300 191.371700 1.532883 1.611073 3.872752 8.485843 1.185794 48.729655 1.854231 3.363800 5281
Car -1 -1 -1.972700 932.079800 158.459100 1015.040200 199.645300 1.633261 1.664681 3.795322 14.515876 0.993098 29.099023 -1.499731 7.634300 5267
Car -1 -1 1.925600 606.783000 173.153200 696.757000 226.097400 1.609349 1.665940 4.131738 1.475508 1.592149 24.234907 1.985627 14.092700 5255
Car -1 -1 -1.939500 822.416100 183.213900 1150.978400 374.000000 1.516052 1.623748 3.823477 3.460948 1.657528 7.601538 -1.513761 13.993800 5251
Car -1 -1 1.972600 362.971000 178.025800 518.362900 278.787600 1.560464 1.546750 3.525108 -3.038243 1.676994 13.449103 1.756720 12.365800 5244
Car -1 -1 2.071800 0.000000 168.575600 326.417000 374.000000 1.714550 1.644196 3.859700 -4.178553 1.686115 6.631544 1.526279 12.285100 5222
