Car -1 -1 1.776000 670.174200 167.679500 716.145200 199.185800 1.495048 1.575319 3.696208 4.157354 1.244360 35.925639 1.910994 3.873700 5308
Car -1 -1 -1.596200 787.959400 175.999000 871.484300 252.892200 1.500120 1.590743 3.687353 4.755619 1.571897 16.045403 -1.307966 6.959500 5306
Car -1 -1 -2.110400 1015.303200 151.021200 1128.400400 197.968800 1.630182 1.651579 3.942945 16.580060 0.841003 26.226527 -1.542553 4.988100 5298
Car -1 -1 -1.523600 805.667900 166.104200 871.700900 228.326100 1.570969 1.598028 3.622546 6.409799 1.407072 20.208614 -1.205140 4.132600 5296
Car -1 -1 -1.780700 780.571700 182.208100 957.041400 306.738400 1.456172 1.602781 4.063937 3.560017 1.621522 10.764568 -1.448661 12.687500 5282
Car -1 -1 1.632100 713.307400 164.872500 741.922500 188.832100 1.502161 1.605835 3.841837 7.625744 1.016746 46.442196 1.828426 2.843200 5281
Car -1 -1 -1.990500 934.550300 144.414300 1028.149700 197.687700 1.856930 1.713155 3.961629 13.941436 0.894164 27.305486 -1.508693 6.249800 5267
Car -1 -1 1.898400 594.528300 169.267900 690.367200 228.297900 1.600357 1.662338 4.122543 1.036363 1.508343 21.948392 1.951329 13.366700 5255
Car -1 -1 -2.091100 869.304400 185.317100 1241.000000 374.000000 1.539828 1.587633 3.756081 3.295793 1.665490 5.347437 -1.535400 11.258600 5251
Car -1 -1 2.016500 294.105400 175.155100 489.436900 294.784000 1.545443 1.549564 3.413466 -3.239702 1.601433 11.173529 1.738759 12.381500 5244
Car -1 -1 2.300600 0.000000 129.301400 202.889800 374.000000 1.801793 1.665818 3.980152 -4.315363 1.687694 4.222139 1.512227 7.590500 5222
