Car -1 -1 -1.617900 807.346000 171.596500 830.061100 190.744600 1.517961 1.620131 4.012237 17.350073 1.450831 59.778082 -1.202122 0.323600 5265
Car -1 -1 -1.172000 315.701700 189.350800 346.052400 205.280600 1.438128 1.562954 3.528294 -27.579650 3.084819 69.862797 -1.542800 0.720800 5257
Car -1 -1 1.991600 652.536300 178.061900 705.285500 207.296800 1.559733 1.624489 3.880580 3.934049 1.897014 42.546497 2.081218 7.991000 5255
Car -1 -1 -1.624500 716.717300 183.532000 768.799600 229.803600 1.506383 1.627788 3.995334 4.558837 1.866599 26.051222 -1.440091 8.739800 5251
Car -1 -1 -1.775800 730.260800 182.986400 828.878600 250.900600 1.491144 1.625783 4.052109 4.011221 1.770916 18.495915 -1.556292 10.777500 5246
Car -1 -1 1.910100 551.332700 181.882000 611.632600 217.416900 1.448900 1.568294 3.686098 -1.452464 1.881545 32.377440 1.866427 7.963400 5244
Car -1 -1 -1.834000 785.597100 183.353100 957.712200 297.849400 1.494247 1.618976 3.752853 3.804699 1.692243 11.750877 -1.512513 12.839500 5228
Car -1 -1 1.734100 488.147700 181.390800 554.602200 231.232400 1.543125 1.646307 4.090641 -3.306047 1.889748 25.487403 1.603766 8.588800 5222
Car -1 -1 -2.095000 887.077400 190.059600 1241.000000 374.000000 1.532848 1.570375 3.262700 3.583412 1.704752 6.325096 -1.560838 10.979300 5199
Car -1 -1 1.821600 427.467600 188.950000 524.985200 256.566400 1.445852 1.539054 3.467461 -3.492685 1.871475 18.012309 1.636547 9.681100 5184
Car -1 -1 1.868600 319.192800 183.623900 480.726400 296.789900 1.584704 1.609897 3.778996 -3.668346 1.802488 12.528075 1.594544 13.128800 5179
