Car -1 -1 -1.601700 808.899700 172.134200 830.862200 190.880100 1.492055 1.604022 4.016298 17.126767 1.427075 58.970189 -1.274761 1.694400 5265
Car -1 -1 1.962000 653.703200 179.013600 706.173500 208.779000 1.583569 1.623878 3.951852 3.918398 1.944233 41.794703 2.067486 9.155100 5255
Car -1 -1 -1.618600 719.197100 182.119700 772.842400 231.714800 1.524069 1.630515 3.911508 4.513448 1.876156 25.197916 -1.438119 6.590500 5251
Car -1 -1 -1.797600 732.383000 183.316400 837.931300 254.343900 1.486358 1.621220 3.998582 3.983269 1.771502 17.694990 -1.564640 12.462200 5246
Car -1 -1 1.890500 548.266000 181.928700 608.112700 220.466800 1.496921 1.565887 3.605693 -1.514824 1.928128 31.497674 1.854482 8.863000 5244
Car -1 -1 -1.864900 795.516800 183.902600 988.883900 310.491100 1.501758 1.609226 3.763759 3.802934 1.699068 10.932860 -1.515348 13.066500 5228
Car -1 -1 1.711700 486.526200 179.688300 551.516300 233.278000 1.603862 1.648836 4.039504 -3.302018 1.895907 24.691607 1.594084 9.396900 5222
Car -1 -1 -2.172300 916.202700 186.490400 1241.000000 374.000000 1.561681 1.555558 3.353180 3.602826 1.711760 5.518296 -1.565388 7.549500 5199
Car -1 -1 1.814200 418.485300 190.235900 520.084800 262.559900 1.446438 1.540751 3.534913 -3.491187 1.896549 17.221329 1.629843 11.171500 5184
Car -1 -1 1.879100 293.249700 185.847000 473.991200 306.755800 1.563503 1.618922 3.872569 -3.654830 1.801177 11.730583 1.591735 14.663000 5179
