Car -1 -1 -1.493500 749.477600 172.571100 780.668400 197.296100 1.482334 1.595872 3.835417 9.496154 1.416081 44.836304 -1.331873 1.947400 5259
Car -1 -1 -1.141900 320.670300 188.225500 356.086500 204.703200 1.471768 1.622613 4.089718 -26.807851 2.970076 70.485653 -1.533967 0.599700 5257
Car -1 -1 1.958000 654.989000 178.507000 700.367900 202.349900 1.461208 1.600329 3.871341 4.240658 1.790199 47.111725 2.066050 4.614100 5255
Car -1 -1 -1.598500 708.956700 178.726100 750.763000 219.937700 1.587295 1.626560 3.785593 4.754651 1.843009 30.505012 -1.446741 5.986200 5251
Car -1 -1 -1.746800 712.332100 180.832900 787.594300 233.829900 1.480056 1.627979 4.118581 4.106995 1.768979 23.051099 -1.560678 6.817300 5246
Car -1 -1 1.869000 565.469400 179.310300 615.855900 210.572200 1.471633 1.576415 3.615944 -1.270443 1.835039 36.917129 1.854913 6.127500 5244
Car -1 -1 -1.761400 746.435300 182.884600 852.950200 260.263000 1.492613 1.592788 3.739982 3.873962 1.743332 16.416915 -1.514854 11.829100 5228
Car -1 -1 1.674800 521.000600 181.320700 567.554800 220.984500 1.496159 1.562244 3.826936 -3.105272 1.878717 30.042731 1.593649 6.095900 5222
Car -1 -1 -1.895800 791.012200 187.109400 975.717900 306.292500 1.464252 1.547607 3.279587 3.620902 1.712137 10.970430 -1.555612 13.764600 5199
Car -1 -1 1.762400 477.317100 182.311200 547.361800 236.196900 1.510085 1.535762 3.517459 -3.389209 1.828100 22.717940 1.636006 9.992900 5184
Car -1 -1 1.794700 415.411300 183.162600 518.867000 258.783400 1.540573 1.605329 3.795989 -3.629743 1.809963 17.287908 1.608668 14.577200 5179
Car -1 -1 2.204200 0.000000 203.785600 319.289400 374.000000 1.444745 1.556835 3.742679 -3.878459 1.756596 5.225470 1.593436 10.176900 5140
