Car -1 -1 1.678500 251.827700 189.764900 284.974700 214.477300 1.496979 1.604274 3.997517 -23.251549 2.705073 49.126790 1.325757 -0.218800 5311
Car -1 -1 1.810200 664.969400 167.472500 716.692000 199.672700 1.478866 1.596410 3.843490 3.716233 1.216286 34.318512 1.917929 6.319300 5308
Car -1 -1 -1.572600 791.444900 177.626800 885.250100 264.428400 1.495219 1.588126 3.579583 4.526838 1.591289 14.515666 -1.271993 5.988600 5306
Car -1 -1 -2.123000 1031.244900 140.010300 1144.917700 199.248200 1.856362 1.665198 3.657318 16.282987 0.830894 24.855431 -1.545659 6.830800 5298
Car -1 -1 -1.513800 809.994500 165.508900 883.222500 235.378000 1.624600 1.617700 3.588994 6.168269 1.460619 18.797192 -1.194383 4.122600 5296
Car -1 -1 -1.798300 795.009800 181.976100 1021.980100 337.852600 1.466796 1.636545 4.201522 3.454867 1.616336 9.336903 -1.442964 12.756500 5282
Car -1 -1 1.665000 705.974100 167.086000 737.667500 192.338700 1.516442 1.611138 3.823279 7.012213 1.140075 45.053829 1.820431 2.998300 5281
Car -1 -1 -2.005200 940.929500 146.565900 1044.000600 201.081000 1.839618 1.723024 3.967933 13.582040 0.929808 25.947865 -1.537794 9.109200 5267
Car -1 -1 1.892100 582.659400 167.461700 684.512500 234.030300 1.631914 1.670233 4.080780 0.740321 1.529472 20.424198 1.936337 13.086000 5255
Car -1 -1 -2.242500 930.558400 181.545300 1241.000000 374.000000 1.552362 1.618236 3.748457 3.213131 1.644311 3.835396 -1.540500 10.545700 5251
Car -1 -1 2.047000 221.062100 178.339200 460.655800 321.890400 1.524057 1.548691 3.453158 -3.381064 1.605084 9.573682 1.717965 11.638200 5244
Car -1 -1 2.353800 0.000000 106.298400 157.880700 374.000000 1.819782 1.676128 4.121032 -4.369468 1.699360 2.682240 1.487860 7.187200 5222
