Car -1 -1 1.792000 747.247200 168.783500 789.610600 196.260300 1.531846 1.625253 3.994568 9.379144 1.359454 43.325126 1.950022 0.669200 5259
Car -1 -1 -1.145500 316.701800 189.855000 348.893900 206.029700 1.451020 1.584008 3.731840 -27.104089 3.088699 70.123257 -1.516973 2.425100 5257
Car -1 -1 1.970200 655.135700 178.239200 702.986000 204.015300 1.506677 1.609259 3.926542 4.155054 1.832823 45.709851 2.076026 7.079000 5255
Car -1 -1 -1.588200 712.764500 179.927600 757.469300 222.923900 1.569277 1.645910 3.948592 4.750967 1.865844 29.148240 -1.418328 7.106300 5251
Car -1 -1 -1.771600 715.300300 179.615600 800.125900 237.328600 1.495541 1.638885 4.133239 4.046838 1.747667 21.607881 -1.572594 9.211700 5246
Car -1 -1 1.892300 558.689100 180.295000 612.974900 213.440600 1.509057 1.575165 3.624289 -1.433811 1.891893 35.383070 1.863042 8.393800 5244
Car -1 -1 -1.781400 754.438900 180.677100 876.431700 267.479200 1.505518 1.607484 3.793398 3.810058 1.717826 14.911345 -1.517572 12.088400 5228
Car -1 -1 1.675300 513.759000 181.522300 563.153600 225.144600 1.520988 1.567630 3.718264 -3.186681 1.917643 28.478420 1.585605 5.096200 5222
Car -1 -1 -1.961400 813.975200 184.735300 1041.154000 330.482100 1.495257 1.538433 3.202832 3.600855 1.702492 9.456619 -1.568712 13.084900 5199
Car -1 -1 1.770200 463.667900 184.031500 539.441600 242.027200 1.476844 1.525940 3.522210 -3.460406 1.850809 21.161062 1.629973 10.720100 5184
Car -1 -1 1.801000 391.460800 183.202400 507.019600 268.360000 1.538281 1.593127 3.785599 -3.659743 1.815292 15.705085 1.597006 13.846700 5179
Car -1 -1 2.340600 0.000000 209.720300 242.112400 374.000000 1.444398 1.545416 3.877653 -3.867294 1.739836 3.758513 1.569359 9.291400 5140
