Car -1 -1 -1.171400 301.984200 187.493600 337.179800 204.475300 1.475684 1.608223 3.953891 -27.808259 2.952290 69.154804 -1.552117 -0.444600 5272
Car -1 -1 -1.472300 771.280600 165.108300 812.659300 196.558000 1.455883 1.595673 3.796189 8.965574 1.112978 35.370002 -1.176235 1.244500 5269
Car -1 -1 -1.839600 880.795900 160.315100 928.753200 189.752100 1.666141 1.650094 3.805340 16.983519 0.942281 41.757928 -1.448299 5.442800 5267
Car -1 -1 1.951200 652.167200 173.986300 708.877400 204.085700 1.518912 1.610717 4.000821 3.643621 1.612515 37.729944 2.052068 11.742700 5255
Car -1 -1 -1.657200 732.531700 176.580000 800.792700 234.406300 1.518903 1.605583 3.827931 4.381739 1.665718 21.119758 -1.449291 11.026300 5251
Car -1 -1 -1.847800 760.088800 179.791900 911.933900 278.505800 1.506411 1.624392 4.031145 3.899068 1.680287 13.557107 -1.560424 13.989400 5246
Car -1 -1 1.904100 530.657200 178.427500 601.173900 221.118000 1.470556 1.552154 3.606240 -1.716975 1.717688 27.348611 1.847697 10.200100 5244
Car -1 -1 -2.025200 878.469100 186.170800 1241.000000 374.000000 1.513846 1.613123 3.772322 3.757707 1.682758 6.743843 -1.507572 12.447300 5228
Car -1 -1 1.735100 453.248900 175.288000 535.385500 241.200400 1.669624 1.660256 4.097382 -3.376534 1.781087 20.553827 1.583832 10.325100 5222
Car -1 -1 1.859700 351.947100 182.310100 486.120200 282.201600 1.533584 1.497904 3.269903 -3.492659 1.752560 13.069285 1.608905 10.463100 5184
Car -1 -1 2.024000 66.003700 185.574300 409.502900 374.000000 1.517088 1.578897 3.807683 -3.632000 1.704453 7.633465 1.592028 14.417900 5179
