Car -1 -1 -1.239400 331.439600 162.430600 366.320800 180.554000 1.472335 1.593799 3.807816 -21.618818 0.580085 59.867310 -1.577444 1.989100 5299
Car -1 -1 -2.076900 997.540800 147.192800 1096.335100 197.051100 1.803418 1.682340 3.890377 17.302943 0.884669 28.868534 -1.533418 5.718600 5298
Car -1 -1 -1.577700 800.382700 169.424800 857.617800 224.824700 1.595465 1.616112 3.604718 6.976238 1.494215 23.150348 -1.246804 3.763300 5296
Car -1 -1 -1.692100 768.930800 180.395000 888.448100 277.097600 1.490888 1.626749 4.174797 3.941786 1.652283 13.758176 -1.405876 12.727300 5282
Car -1 -1 1.651900 720.233600 168.466400 749.128300 191.641500 1.510851 1.624946 3.899210 8.678421 1.152615 49.387113 1.841983 1.910100 5281
Car -1 -1 -1.815800 818.584300 165.477500 861.391900 190.987500 1.492701 1.589224 3.849245 13.718574 1.031841 42.915333 -1.491654 -0.333700 5279
Car -1 -1 -1.930100 927.288000 153.284600 1007.261100 198.856700 1.766849 1.705102 3.882732 14.681104 0.969243 29.874520 -1.482793 7.672900 5267
Car -1 -1 1.916900 614.561300 171.655000 698.732800 222.257700 1.605869 1.660504 4.085686 1.655452 1.544034 25.032542 1.985671 13.143700 5255
Car -1 -1 -1.924400 810.632000 185.534900 1090.508100 363.317700 1.530536 1.610720 3.740920 3.509289 1.682485 8.340489 -1.516933 14.126000 5251
Car -1 -1 1.955200 384.400700 180.231700 528.665400 269.148200 1.512836 1.546022 3.541624 -2.934944 1.638298 14.266154 1.766784 13.754800 5244
Car -1 -1 2.054800 0.000000 170.367900 355.884600 374.000000 1.695214 1.639498 3.822972 -4.131642 1.667039 7.419046 1.548411 13.066400 5222
