Car -1 -1 -1.598200 747.580900 177.965600 809.962600 237.528200 1.503561 1.586435 4.102713 4.710134 1.655471 20.702051 -1.387810 6.920300 5282
Car -1 -1 2.356800 734.738600 168.912500 783.298800 188.272500 1.477807 1.587850 3.765863 11.487535 1.165741 55.360679 2.364309 1.540700 5281
Car -1 -1 -1.519600 828.020700 164.753600 855.314000 187.832300 1.515431 1.606204 3.912620 16.043959 1.024345 49.550178 -1.261175 0.546100 5279
Car -1 -1 -1.116600 275.481500 189.234100 311.523500 206.288800 1.466197 1.605061 3.892377 -29.177336 2.949897 66.754546 -1.554355 1.907400 5272
Car -1 -1 -1.923700 899.838000 156.014400 964.011400 193.255400 1.731226 1.697204 3.985985 16.141218 0.932392 36.389310 -1.487217 5.284700 5267
Car -1 -1 1.937200 641.213500 172.941800 709.421300 211.305800 1.575132 1.649261 4.090990 2.910192 1.568325 32.026131 2.029320 11.505100 5255
Car -1 -1 -1.730900 755.163600 178.262000 864.719700 260.802500 1.516576 1.611715 3.741737 4.026774 1.633140 15.370234 -1.470792 13.908700 5251
Car -1 -1 -1.993300 823.563400 185.037700 1175.112200 374.000000 1.481760 1.639661 4.216471 3.684401 1.632806 7.949941 -1.564331 12.871500 5246
Car -1 -1 1.918400 490.655400 174.788200 582.107000 234.025900 1.577159 1.563259 3.548009 -2.174707 1.652444 21.523668 1.824156 11.400200 5244
Car -1 -1 1.814800 356.211100 167.727000 492.063200 271.860900 1.788198 1.682424 4.096534 -3.701025 1.718050 14.703296 1.572242 12.862500 5222
Car -1 -1 2.058800 50.138000 193.216600 387.418100 374.000000 1.457031 1.494438 3.286824 -3.619486 1.691569 7.176899 1.600803 12.979600 5184
Car -1 -1 2.465600 0.000000 188.165300 197.105400 374.000000 1.527652 1.588773 3.938824 -3.763288 1.639126 2.002522 1.559221 6.362300 5179
