Car -1 -1 1.278200 430.546300 176.784400 530.922300 241.790100 1.499850 1.550217 3.846507 -3.540116 1.590324 19.143487 1.099179 7.791500 5155
Car -1 -1 -3.146800 764.292000 163.576300 912.125400 218.235600 1.702485 1.722655 4.421202 7.434625 1.367575 23.544761 -2.841406 10.071300 5152
Car -1 -1 -1.177500 1207.946100 169.021800 1241.000000 240.105000 1.494285 1.531212 3.365134 15.738278 1.396276 16.672381 -0.425230 2.631800 5149
Car -1 -1 1.797800 382.363800 175.794000 498.313100 269.039100 1.628666 1.529990 3.309039 -3.233137 1.646978 14.260648 1.577624 10.973500 5142
Car -1 -1 2.161600 1047.722800 162.531300 1170.198500 206.611400 1.511226 1.619551 4.063005 18.047815 1.115001 25.937538 2.774688 12.067100 5140
Car -1 -1 -0.605100 782.329200 159.428700 846.733800 180.171900 1.497517 1.666821 4.316081 15.114390 0.473253 52.603698 -0.334272 5.427000 5138
Car -1 -1 -1.589100 916.998700 183.914100 1113.858300 363.529600 1.479125 1.558073 3.348245 4.352796 1.617771 7.980033 -1.090514 8.341900 5124
Car -1 -1 2.145300 0.000000 194.279100 382.118900 374.000000 1.438390 1.605629 4.029468 -2.872634 1.611405 4.404958 1.569219 8.561400 5102
Car -1 -1 -1.295100 920.943700 171.944900 1083.781300 274.867800 1.482279 1.512207 3.366730 6.662531 1.443726 12.008257 -0.800851 7.023600 5083
Car -1 -1 -2.113700 959.288500 191.669400 1241.000000 374.000000 1.490031 1.553843 3.697091 3.111158 1.628898 3.575698 -1.391314 9.370500 5027
