Car -1 -1 -1.632500 741.889400 176.299100 806.738300 233.693900 1.513211 1.609155 4.039598 4.766216 1.642051 21.481146 -1.410004 6.880300 5282
Car -1 -1 2.356800 734.738600 168.912500 783.298800 188.272500 1.477807 1.587850 3.765863 11.612707 1.134907 56.383476 2.364309 1.540700 5281
Car -1 -1 -1.519600 828.020700 164.753600 855.314000 187.832300 1.515431 1.606204 3.912620 16.082935 1.015441 50.303572 -1.261175 0.546100 5279
Car -1 -1 -1.195600 280.426400 186.808400 316.924700 204.446000 1.505323 1.642912 4.223561 -28.997650 2.868413 67.394809 -1.597043 1.214500 5272
Car -1 -1 -1.872100 897.634400 158.255700 958.742100 191.851600 1.662896 1.698182 4.113632 16.318893 0.885652 37.211867 -1.455328 6.501500 5267
Car -1 -1 1.929800 644.057500 173.779400 709.540100 209.801600 1.559488 1.638843 4.081752 3.024903 1.549111 32.827626 2.030970 12.011400 5255
Car -1 -1 -1.721600 751.114500 177.773300 851.035600 256.894200 1.535629 1.592323 3.686621 4.067487 1.641788 16.157172 -1.467867 13.623500 5251
Car -1 -1 -1.989100 807.570800 181.234300 1116.242700 353.076100 1.519071 1.658528 4.197007 3.732683 1.644020 8.767606 -1.577810 13.186000 5246
Car -1 -1 1.924100 500.977000 176.328300 585.173100 231.010200 1.544570 1.547337 3.445439 -2.085480 1.645333 22.323279 1.832338 10.985400 5244
Car -1 -1 1.794900 378.304300 170.985300 498.535700 263.411700 1.735285 1.663371 3.995138 -3.648106 1.700016 15.505223 1.572794 12.345900 5222
Car -1 -1 2.028600 121.757200 190.451600 408.865900 370.763400 1.503356 1.524271 3.235572 -3.613060 1.721495 8.011504 1.605500 13.100100 5184
Car -1 -1 2.465600 0.000000 188.165300 197.105400 374.000000 1.527652 1.588773 3.938824 -3.653747 1.645741 2.764493 1.559221 6.362300 5179
