Car -1 -1 1.586300 754.820700 165.179600 781.896400 191.831900 1.576733 1.613499 3.991386 10.089968 1.168868 46.252596 1.815369 0.601400 5259
Car -1 -1 -1.248500 326.533500 188.710500 355.913400 205.024000 1.461307 1.577393 3.767181 -26.186569 3.008395 70.010204 -1.579693 0.709800 5257
Car -1 -1 1.965200 662.022100 176.563800 706.175800 200.186200 1.498110 1.599305 3.842105 4.828430 1.752674 48.593057 2.073747 6.292500 5255
Car -1 -1 -1.669500 707.042600 177.835000 752.564900 216.277100 1.580230 1.625989 3.830343 5.073580 1.818292 32.029755 -1.465093 4.045000 5251
Car -1 -1 -1.732700 713.358600 180.270900 781.974900 228.245000 1.479411 1.620855 4.195710 4.357805 1.756201 24.629923 -1.541041 7.599300 5246
Car -1 -1 1.882100 574.214300 179.413800 622.183500 208.370400 1.437199 1.547621 3.607570 -0.858317 1.852251 38.413599 1.876837 6.903400 5244
Car -1 -1 -1.751600 742.447100 181.239100 837.610400 251.288600 1.504855 1.595782 3.801261 4.045378 1.754773 17.896644 -1.506743 10.994400 5228
Car -1 -1 1.696300 530.385900 181.009700 577.731200 217.981000 1.486005 1.598763 3.883243 -2.807573 1.892574 31.648606 1.612646 6.019800 5222
Car -1 -1 -1.857800 779.233900 184.392000 931.692600 287.671600 1.478408 1.538419 3.224439 3.710925 1.711759 12.376766 -1.541323 13.106000 5199
Car -1 -1 1.761600 491.206900 179.213800 558.527600 231.858300 1.543134 1.564622 3.575260 -3.164131 1.841593 24.236091 1.653803 9.347300 5184
Car -1 -1 1.779100 440.471100 180.863400 533.803000 249.505900 1.540375 1.615834 3.803099 -3.433430 1.806213 18.794250 1.620403 14.087500 5179
Car -1 -1 2.113700 0.000000 195.442000 374.096500 374.000000 1.442506 1.549378 3.688782 -3.845126 1.726558 6.673292 1.617564 12.971700 5140
