Car -1 -1 -1.761100 793.695400 166.845300 841.760300 198.797900 1.539387 1.613250 3.870853 10.395389 1.265884 36.319070 -1.417097 4.665000 5319
Car -1 -1 1.745200 608.675600 172.679100 669.338400 219.026400 1.563726 1.604417 3.674360 1.089190 1.567512 26.417311 1.770970 2.343500 5318
Car -1 -1 -1.387300 702.646900 161.382100 738.966000 187.100700 1.632461 1.659513 4.165374 6.999628 0.997898 47.929627 -1.223068 1.228300 5317
Car -1 -1 -1.246900 130.527000 190.824500 168.119000 210.381200 1.452153 1.560659 3.527608 -37.588096 2.960729 58.993735 -1.795765 1.139500 5315
Car -1 -1 -3.221200 852.418200 157.576300 912.784500 179.383400 1.581620 1.654654 3.978489 20.249530 0.449520 53.693179 -2.880446 2.142600 5314
Car -1 -1 2.033700 161.107300 188.476500 208.101100 209.197500 1.478514 1.594930 3.927933 -33.659349 2.712405 55.129426 1.502572 0.227200 5313
Car -1 -1 1.766500 637.568600 171.914800 689.865000 207.280300 1.439968 1.571119 3.807310 2.437692 1.428436 31.441829 1.856684 6.355600 5308
Car -1 -1 -1.643600 814.305300 183.646600 936.126600 294.478000 1.467938 1.538699 3.401366 4.026651 1.645613 11.454905 -1.294545 10.174300 5306
Car -1 -1 -2.177300 1038.740000 139.437500 1176.624900 206.309900 1.869229 1.705912 3.767932 15.332676 0.949899 22.442299 -1.572087 8.695600 5298
Car -1 -1 -1.705300 811.308600 171.795100 913.786700 253.609400 1.588282 1.605094 3.621494 5.366546 1.572393 15.800329 -1.368159 3.822200 5296
Car -1 -1 -1.939000 826.856300 191.105800 1241.000000 374.000000 1.446130 1.621438 4.236563 3.126117 1.652507 6.371093 -1.475414 12.860600 5282
Car -1 -1 -3.370300 637.117500 169.555100 707.365400 196.324200 1.507665 1.594317 3.809894 4.231302 1.316984 41.521436 2.573023 -0.042700 5281
Car -1 -1 -1.993100 950.966600 144.647300 1061.958000 207.920800 1.859456 1.721135 3.896603 12.687508 1.035663 23.366629 -1.507537 7.461800 5267
Car -1 -1 1.909700 543.829700 175.332000 665.098600 248.840700 1.569162 1.629442 4.133470 -0.007365 1.595606 17.394587 1.905883 15.643800 5255
Car -1 -1 2.181200 0.000000 179.947100 366.349700 374.000000 1.540595 1.577259 3.599715 -3.736488 1.640277 6.401681 1.668159 9.341900 5244
