Car -1 -1 1.330900 475.883400 178.464400 557.393700 231.938600 1.486038 1.565015 3.971089 -2.997599 1.672119 22.008576 1.171700 6.600400 5155
Car -1 -1 -3.116300 766.552700 162.687000 897.963200 211.491800 1.675220 1.698684 4.431433 8.025966 1.348387 26.198546 -2.813754 9.703000 5152
Car -1 -1 -1.146100 1152.371000 163.353000 1241.000000 225.957000 1.507083 1.570033 3.230501 16.154594 1.331731 19.016108 -0.404011 6.585800 5149
Car -1 -1 1.763900 437.132200 173.998600 529.940600 249.176800 1.597760 1.542771 3.404524 -2.910355 1.645757 17.145359 1.601352 10.792400 5142
Car -1 -1 2.220400 1029.448500 160.391600 1139.669600 201.176500 1.537444 1.605121 3.943885 18.666942 1.102576 28.311681 2.796331 10.196200 5140
Car -1 -1 -0.519600 715.632700 159.369700 776.006000 180.546000 1.498925 1.654089 4.244888 10.134352 0.621802 53.108048 -0.329120 4.582700 5138
Car -1 -1 -1.442200 837.691900 182.205600 980.537200 303.249100 1.473490 1.556202 3.429095 4.548564 1.635036 10.781202 -1.061910 8.400300 5124
Car -1 -1 2.427400 0.000000 231.384000 264.212300 374.000000 1.454415 1.564645 3.651852 -2.876729 1.796664 2.397206 1.576507 2.845500 5105
Car -1 -1 1.950600 107.923500 189.470200 465.885800 374.000000 1.444431 1.638580 4.214175 -2.750578 1.670359 7.224588 1.585643 11.289200 5102
Car -1 -1 -1.252700 889.332200 168.491700 1018.584700 248.562300 1.472669 1.490749 3.251254 7.034001 1.428232 14.665135 -0.806361 7.216700 5083
Car -1 -1 -1.846900 849.809700 186.733300 1185.589900 374.000000 1.490023 1.581368 3.466913 3.231228 1.641777 6.474084 -1.391136 12.182200 5027
