Car -1 -1 1.280500 441.174100 175.983300 536.559800 235.534600 1.473233 1.546686 3.840693 -3.426120 1.539699 19.878165 1.108044 7.862500 5155
Car -1 -1 -3.149100 768.928400 160.115600 910.336500 217.427500 1.745661 1.722743 4.378328 7.653747 1.335484 24.174815 -2.835428 9.680100 5152
Car -1 -1 -1.170100 1195.433600 168.383400 1241.000000 233.609900 1.465783 1.539968 3.427321 15.935620 1.332120 17.266839 -0.425117 7.160900 5149
Car -1 -1 1.795700 397.312000 169.547100 508.734800 259.520500 1.644467 1.549229 3.332887 -3.141625 1.592858 14.972596 1.586400 9.265500 5142
Car -1 -1 2.185200 1044.349300 159.722400 1163.757900 203.344500 1.532465 1.618825 3.980007 18.238695 1.055676 26.491017 2.789554 10.435200 5140
Car -1 -1 -0.616000 768.316800 158.274100 830.274800 180.552500 1.540261 1.669283 4.264758 14.019101 0.450212 52.707167 -0.342156 3.144900 5138
Car -1 -1 -1.551400 891.601200 182.692500 1066.301500 341.132000 1.477546 1.565471 3.376796 4.406827 1.597380 8.677036 -1.086007 9.315000 5124
Car -1 -1 2.081200 0.000000 189.658500 407.330400 374.000000 1.441933 1.600983 4.003203 -2.838825 1.594668 5.092721 1.572970 11.271200 5102
Car -1 -1 -1.304800 918.442300 170.024700 1069.320200 269.604000 1.508458 1.531311 3.242190 6.839766 1.432163 12.694819 -0.809994 8.610500 5083
Car -1 -1 -1.997500 930.315000 189.322300 1241.000000 374.000000 1.483447 1.533041 3.552100 3.148943 1.613852 4.327986 -1.377097 9.979500 5027
