Car -1 -1 -1.172700 304.684100 189.331600 336.795900 205.712700 1.444171 1.560534 3.576049 -27.608339 3.047503 68.913980 -1.549494 1.694400 5272
Car -1 -1 -1.280400 764.577500 170.084100 816.549600 200.493900 1.465546 1.583795 3.699086 9.267873 1.302847 36.074698 -1.048031 0.983300 5269
Car -1 -1 -1.807300 876.764800 158.891300 924.157900 190.806400 1.735302 1.678888 3.958968 17.105725 1.028773 42.598837 -1.439561 5.665200 5267
Car -1 -1 1.954000 652.251500 175.177800 710.359400 206.989500 1.588182 1.646503 4.060076 3.731139 1.770339 38.595614 2.056871 9.368000 5255
Car -1 -1 -1.660600 729.234500 178.161500 795.899000 235.063700 1.529101 1.604908 3.931212 4.424538 1.744051 21.913872 -1.448628 10.473700 5251
Car -1 -1 -1.832000 752.478300 182.135100 893.757300 269.697100 1.462094 1.629234 4.121018 3.921915 1.679199 14.431094 -1.558035 13.277900 5246
Car -1 -1 1.915000 536.531900 178.500600 604.151000 220.223100 1.471942 1.546740 3.537539 -1.642024 1.762112 28.169075 1.853354 9.603100 5244
Car -1 -1 -1.979300 856.841300 186.368800 1202.183900 374.000000 1.476219 1.605393 3.772518 3.775803 1.659656 7.606267 -1.513352 14.489100 5228
Car -1 -1 1.742100 457.323500 177.173500 539.077700 241.380400 1.663190 1.668921 4.172269 -3.386567 1.838768 21.387401 1.591165 10.135400 5222
Car -1 -1 -2.397900 1053.503500 189.089800 1241.000000 374.000000 1.512529 1.582695 3.857002 3.375919 1.666194 2.286807 -1.522124 4.401300 5199
Car -1 -1 1.850600 363.373200 183.985100 494.833500 278.118400 1.528865 1.529300 3.400807 -3.494511 1.797665 13.865056 1.610855 10.254300 5184
Car -1 -1 1.997400 133.231800 189.341600 424.983300 361.528400 1.503153 1.571287 3.792121 -3.644685 1.726589 8.462990 1.595796 15.587800 5179
