Car -1 -1 -1.250500 803.617400 172.841700 839.259600 191.247600 1.495691 1.620514 4.162766 17.751507 1.501775 60.487309 -0.978277 1.994300 5265
Car -1 -1 1.588100 752.264300 166.831300 781.867800 193.408400 1.485068 1.610091 3.936413 8.844042 1.139478 41.201989 1.843129 0.787300 5259
Car -1 -1 -1.172000 315.701700 189.350800 346.052400 205.280600 1.438128 1.562954 3.528294 -27.242830 3.082449 69.928613 -1.542800 0.720800 5257
Car -1 -1 1.981500 653.891700 178.774400 704.258500 205.620100 1.482768 1.595671 3.836052 3.989682 1.849637 43.302951 2.071700 6.703500 5255
Car -1 -1 -1.592900 717.237800 179.713200 766.366900 226.853400 1.559589 1.647833 3.991506 4.606929 1.831346 26.782178 -1.429074 5.642300 5251
Car -1 -1 -1.767500 725.972500 180.952300 819.349000 246.694700 1.498497 1.624460 4.065715 4.006650 1.757845 19.287727 -1.559030 11.256300 5246
Car -1 -1 1.891800 554.114000 181.610600 612.133100 216.426100 1.456666 1.583493 3.672504 -1.443730 1.882473 33.171580 1.858543 6.121100 5244
Car -1 -1 -1.825700 775.395100 182.549900 931.552900 288.584000 1.501280 1.608097 3.757631 3.804147 1.699014 12.556793 -1.520462 13.378500 5228
Car -1 -1 1.709900 496.951700 181.279100 557.205600 228.447600 1.516952 1.619781 3.959000 -3.256045 1.887653 26.288192 1.587530 9.165000 5222
Car -1 -1 -2.062800 858.525900 183.672300 1224.809500 374.000000 1.531146 1.584896 3.282278 3.598874 1.674903 7.156064 -1.569314 12.480000 5199
Car -1 -1 1.793800 441.095500 186.680200 527.144100 252.031700 1.469237 1.509694 3.440538 -3.479091 1.860588 18.807440 1.628047 9.351600 5184
Car -1 -1 1.845900 340.786700 181.662600 487.205000 284.806700 1.567075 1.618952 3.788860 -3.674025 1.781605 13.334405 1.590731 12.738700 5179
Car -1 -1 2.478400 0.000000 202.583700 126.032700 374.000000 1.468571 1.598239 3.811846 -4.010618 1.673087 1.702256 1.525610 3.625300 5140
