Car -1 -1 -3.224800 886.720700 158.292400 933.921000 176.371000 1.580043 1.621871 3.819543 26.437591 0.306163 63.657836 -2.801174 1.913800 5292
Car -1 -1 1.969000 313.428500 184.570100 347.605800 201.303100 1.484719 1.610359 4.041930 -26.707046 2.712280 69.089853 1.594919 1.846100 5289
Car -1 -1 -1.619600 753.774600 180.988100 829.345700 249.874300 1.483376 1.615590 4.226036 4.441982 1.704197 18.310302 -1.385391 9.177200 5282
Car -1 -1 2.041100 732.384500 168.801300 775.436100 190.580900 1.531728 1.599075 3.879290 10.573116 1.255108 53.653494 2.075371 1.083200 5281
Car -1 -1 -1.708100 823.100300 170.017100 856.847700 193.762300 1.478938 1.592877 3.814194 14.927831 1.253780 47.155042 -1.390085 3.620000 5279
Car -1 -1 2.048100 257.093500 186.919200 296.119000 204.601800 1.472865 1.602937 3.938642 -30.219175 2.853642 65.738920 1.602779 0.466600 5272
Car -1 -1 -1.881200 910.346700 156.206200 977.692800 197.115200 1.826853 1.729419 4.030536 15.737390 1.048189 34.213948 -1.461239 6.208200 5267
Car -1 -1 1.923900 634.237800 174.076900 706.802900 216.719200 1.605423 1.648912 4.074595 2.505589 1.639074 29.623958 2.011375 11.369800 5255
Car -1 -1 -1.771500 767.563100 180.493100 906.979600 284.922000 1.553423 1.616007 3.822481 3.840408 1.702868 13.009527 -1.481342 14.042900 5251
Car -1 -1 -2.158200 876.309500 185.658800 1241.000000 374.000000 1.499654 1.637958 4.178605 3.586117 1.642096 5.559402 -1.578509 9.173100 5246
Car -1 -1 1.936600 465.772400 178.712500 568.725700 244.769100 1.558420 1.563329 3.463929 -2.423760 1.695578 19.071219 1.810292 10.814900 5244
Car -1 -1 1.881100 283.870300 169.474700 462.186900 293.659800 1.760207 1.671215 4.044559 -3.878138 1.719883 12.290137 1.578281 12.927100 5222
Car -1 -1 2.228800 0.000000 198.497200 294.295100 374.000000 1.470865 1.548015 3.390411 -3.686659 1.685148 4.717827 1.568932 10.155500 5184
