Car -1 -1 1.931200 337.207600 187.353900 367.998500 203.677200 1.471206 1.595762 3.843155 -25.022235 2.927013 70.185890 1.630809 3.407300 5257
Car -1 -1 2.000100 674.588700 178.157600 719.450900 201.705900 1.505989 1.598983 3.847399 5.943775 1.932352 49.966142 2.108741 5.040600 5255
Car -1 -1 -1.645200 718.302000 180.284000 760.981100 218.498200 1.583362 1.635135 3.882921 5.818468 1.991940 33.180842 -1.302194 2.563600 5251
Car -1 -1 -1.711400 721.936400 181.618800 783.267100 227.813600 1.503836 1.606517 3.951328 4.843203 1.874544 25.900714 -1.519116 7.329100 5246
Car -1 -1 1.866300 587.784200 181.061100 636.201100 209.658500 1.457025 1.594831 3.812497 -0.079910 2.035969 39.930298 1.862997 5.496800 5244
Car -1 -1 -1.730900 746.930600 182.382700 831.800400 247.637000 1.511803 1.594555 3.837304 4.418376 1.826979 19.294617 -1.485805 9.880200 5228
Car -1 -1 1.684900 546.266600 183.140000 590.669300 219.540600 1.514503 1.589865 3.902229 -2.179921 2.072941 33.143178 1.625492 4.364600 5222
Car -1 -1 -1.844600 777.521600 186.292500 908.509500 278.628200 1.498532 1.530072 3.110696 3.977132 1.792116 13.742036 -1.538523 11.216400 5199
Car -1 -1 -2.463200 1105.101300 184.269500 1241.000000 374.000000 1.519155 1.607187 3.967746 3.494690 1.623056 2.380021 -1.511564 3.280900 5191
Car -1 -1 1.756700 513.799100 183.577900 574.577000 230.662400 1.504246 1.547878 3.490291 -2.657065 1.955547 25.753743 1.672375 9.290300 5184
Car -1 -1 1.773700 465.200000 182.192800 550.911600 247.897900 1.571269 1.616365 3.791980 -3.067334 1.921222 20.254603 1.646785 12.405400 5179
Car -1 -1 2.043000 96.532400 195.960700 426.012400 374.000000 1.457894 1.596390 3.903938 -3.715750 1.812340 8.152651 1.642347 13.859100 5140
