Car -1 -1 1.832200 671.680400 168.262200 721.585000 199.458400 1.517997 1.605180 3.727871 4.408363 1.267406 36.679303 1.944126 3.345800 5308
Car -1 -1 -1.589900 783.323200 175.888000 864.245200 251.109700 1.525892 1.602468 3.733738 4.847661 1.600875 16.764112 -1.308397 5.825200 5306
Car -1 -1 -1.178300 312.413900 162.344800 351.162200 181.100000 1.468505 1.590507 3.809341 -22.788422 0.666452 57.376759 -1.554438 1.286900 5299
Car -1 -1 -2.091100 1010.249600 148.534600 1118.334800 196.631200 1.718173 1.670475 3.902082 16.748235 0.835407 26.910686 -1.536166 6.290800 5298
Car -1 -1 -1.489700 800.027800 165.264500 868.433800 224.410700 1.568652 1.606488 3.669544 6.531578 1.398928 20.958373 -1.187891 3.861100 5296
Car -1 -1 -1.734400 777.945900 181.715600 935.766900 298.639000 1.478942 1.633169 4.207032 3.676935 1.647367 11.596180 -1.427562 13.583500 5282
Car -1 -1 1.689400 716.172800 163.981200 748.208500 189.200300 1.549184 1.633235 3.952085 8.002995 1.083701 47.310116 1.884614 4.490200 5281
Car -1 -1 -1.955300 933.724000 146.722500 1025.365900 198.752900 1.834973 1.743017 4.068305 14.185395 0.942832 27.991767 -1.490236 7.060900 5267
Car -1 -1 1.900700 598.840000 170.194600 690.950900 224.726100 1.577312 1.658192 4.102064 1.160282 1.503799 22.701195 1.959628 14.739700 5255
Car -1 -1 -2.036600 856.627900 184.065300 1241.000000 374.000000 1.540358 1.590760 3.702980 3.351560 1.667130 6.063267 -1.527309 12.659800 5251
Car -1 -1 1.991000 325.326100 177.174800 500.304000 288.169300 1.546484 1.549667 3.398525 -3.158141 1.633435 11.920503 1.743709 12.119400 5244
Car -1 -1 2.223000 0.000000 144.758300 256.935300 374.000000 1.772494 1.655815 3.834289 -4.277799 1.680088 5.086427 1.527805 8.256600 5222
