Car -1 -1 -1.387300 702.646900 161.382100 738.966000 187.100700 1.632461 1.659513 4.165374 7.517323 0.928599 48.529346 -1.223068 1.228300 5317
Car -1 -1 -1.275200 159.279300 190.386400 194.753400 209.516600 1.449670 1.566323 3.607649 -36.722319 2.926424 59.740666 -1.745560 1.869100 5315
Car -1 -1 -3.318100 859.868900 155.627200 916.222400 176.799200 1.580195 1.628030 3.811407 20.834355 0.386823 54.200890 -2.911440 0.359300 5314
Car -1 -1 2.033700 161.107300 188.476500 208.101100 209.197500 1.478514 1.594930 3.927933 -32.963188 2.759624 56.040977 1.502572 0.227200 5313
Car -1 -1 1.795000 646.616100 173.403400 700.364100 207.661400 1.437810 1.577306 3.854150 2.858250 1.451148 32.195830 1.881446 6.236900 5308
Car -1 -1 -1.607100 809.920300 179.357900 922.894300 290.242900 1.529970 1.559246 3.537549 4.181286 1.672593 12.212676 -1.274070 9.912500 5306
Car -1 -1 -2.146800 1038.068200 142.799700 1172.333500 205.309000 1.802613 1.687971 3.879144 15.625359 0.927682 23.045460 -1.559122 7.953400 5298
Car -1 -1 -1.693200 812.358600 171.686200 906.513100 250.664800 1.610581 1.602981 3.527638 5.540871 1.581992 16.457123 -1.350132 4.729900 5296
Car -1 -1 -1.887200 815.359000 187.777400 1172.488100 374.000000 1.455077 1.634930 4.284074 3.205697 1.644061 7.135878 -1.464433 14.632800 5282
Car -1 -1 1.809900 687.501400 169.695000 729.706100 196.815500 1.544015 1.608746 3.953890 5.938960 1.324942 43.073714 1.886227 1.962900 5281
Car -1 -1 -2.014600 946.344300 147.838700 1058.167700 206.657100 1.832039 1.727178 4.031552 12.950477 1.023871 24.066464 -1.524263 7.968300 5267
Car -1 -1 1.883400 557.378500 171.346000 670.098600 245.259400 1.636088 1.663651 4.064655 0.206906 1.595317 18.187621 1.903267 14.471200 5255
Car -1 -1 2.158200 14.806300 183.342200 400.016600 374.000000 1.519390 1.569913 3.546507 -3.639364 1.649869 7.211152 1.694465 12.167600 5244
