Car -1 -1 -1.469500 748.297500 171.918300 781.869700 197.262900 1.477554 1.608189 3.913775 9.382626 1.418830 44.119695 -1.286030 1.180200 5259
Car -1 -1 -1.154900 317.830200 188.410700 350.904600 204.749100 1.465295 1.602631 3.939380 -26.998869 2.997522 70.305117 -1.525021 0.840500 5257
Car -1 -1 2.012700 654.803300 177.272700 703.736500 201.903400 1.476221 1.602721 3.907842 4.198156 1.770913 46.395726 2.092409 6.818300 5255
Car -1 -1 -1.562800 709.608300 179.987000 752.382900 221.651100 1.567459 1.624731 3.838068 4.726366 1.855196 29.751656 -1.416432 5.212800 5251
Car -1 -1 -1.755800 713.443300 181.558200 791.033900 234.822600 1.459688 1.615075 4.077803 4.050096 1.754410 22.342517 -1.565141 9.399900 5246
Car -1 -1 1.907300 561.915300 179.381600 614.611500 213.413300 1.538113 1.569607 3.552754 -1.363289 1.899801 36.166014 1.868934 8.631500 5244
Car -1 -1 -1.774700 749.790700 183.564300 865.674200 266.619400 1.498105 1.605032 3.803589 3.832469 1.757938 15.632018 -1.517849 12.053500 5228
Car -1 -1 1.699900 513.492800 183.352100 564.837100 222.695100 1.457866 1.578842 3.859299 -3.212115 1.891670 29.353620 1.599367 7.250600 5222
Car -1 -1 -1.923000 800.550900 188.184900 1004.117100 319.867000 1.464282 1.532337 3.290905 3.589848 1.714426 10.208526 -1.559993 12.066400 5199
Car -1 -1 1.785000 468.458100 186.042700 544.454400 239.671400 1.448600 1.531830 3.580153 -3.435430 1.842127 21.906772 1.641255 10.302000 5184
Car -1 -1 1.815600 403.101100 185.559900 513.779100 262.770500 1.501036 1.582815 3.791422 -3.650369 1.807707 16.488886 1.611902 14.370700 5179
Car -1 -1 2.280500 0.000000 205.195500 287.211000 374.000000 1.442616 1.554341 3.839229 -3.866025 1.739404 4.453235 1.586121 8.490100 5140
