Car -1 -1 1.294000 499.758500 181.782000 569.318600 226.786500 1.498597 1.571134 3.999929 -2.959010 1.858901 27.142308 1.156157 5.953900 5155
Car -1 -1 -0.947700 1028.632700 154.450700 1082.467700 172.526200 1.482649 1.647634 4.226424 37.529520 -0.069929 60.890172 -0.382749 1.303900 5154
Car -1 -1 -3.081700 747.358600 168.557900 848.639500 210.125700 1.720178 1.701880 4.190266 8.101995 1.546972 31.295281 -2.835545 6.256900 5152
Car -1 -1 -0.914900 1039.240800 163.425300 1155.695500 210.525600 1.483163 1.567148 3.347341 16.247483 1.212161 24.161625 -0.345358 9.052700 5149
Car -1 -1 1.742600 480.864000 178.802000 550.051200 235.727500 1.583866 1.563171 3.415201 -2.892237 1.822798 22.281771 1.611773 6.727500 5142
Car -1 -1 2.310000 966.922200 160.091000 1063.212000 193.847300 1.532998 1.621105 4.010289 18.751503 0.991405 33.423744 2.806168 9.935900 5140
Car -1 -1 -0.296800 571.383400 167.196400 635.806800 189.036700 1.571889 1.704185 4.502490 -0.527997 1.205436 54.847510 -0.311566 6.720600 5138
Car -1 -1 -1.383900 764.278100 176.165800 867.677500 254.805400 1.525185 1.576884 3.533619 4.623449 1.599752 15.947663 -1.077275 7.407700 5124
Car -1 -1 2.002900 134.829500 202.926200 448.064600 374.000000 1.398375 1.520501 3.609456 -2.967652 1.793833 7.463170 1.617199 12.525600 5105
Car -1 -1 1.810200 364.112100 188.848300 515.617700 298.241500 1.462001 1.586769 4.007904 -2.748804 1.798418 12.292858 1.590003 12.502200 5102
Car -1 -1 -1.138500 809.252800 171.731400 924.631700 231.330800 1.509190 1.574210 3.591574 7.068543 1.485785 19.821998 -0.799716 11.005800 5083
Car -1 -1 -1.621300 768.362200 180.620400 892.617500 296.917300 1.516614 1.622450 3.710805 3.334791 1.666053 11.651336 -1.363299 9.990900 5027
