Car -1 -1 -1.237600 349.321400 159.526900 383.394900 177.317800 1.514411 1.597783 3.986417 -21.090040 0.193646 60.900746 -1.553912 1.524100 5299
Car -1 -1 -2.059700 993.902100 149.450800 1088.283400 194.896700 1.713984 1.662922 3.891801 17.464035 0.824165 29.559535 -1.527763 5.018800 5298
Car -1 -1 -1.491300 795.691600 167.129900 855.014500 217.702200 1.534799 1.591174 3.617062 7.111431 1.364747 23.724821 -1.183447 3.319900 5296
Car -1 -1 -1.668900 766.487100 179.666300 874.453000 267.027600 1.466759 1.630227 4.153596 4.024352 1.615887 14.505858 -1.393703 11.753400 5282
Car -1 -1 1.779900 725.676700 165.333700 760.578900 187.953700 1.496370 1.601881 3.849068 9.175182 1.006590 50.082512 1.872536 2.745800 5281
Car -1 -1 -1.815800 818.584300 165.477500 861.391900 190.987500 1.492701 1.589224 3.849245 13.913524 1.032876 43.651156 -1.491654 -0.333700 5279
Car -1 -1 -1.942000 924.988700 152.289600 1003.281900 196.569100 1.775988 1.699119 3.933428 14.882610 0.913762 30.604670 -1.496372 4.726600 5267
Car -1 -1 1.922600 615.687100 171.087600 701.204900 219.596000 1.605494 1.676852 4.197630 1.781851 1.511893 25.748305 1.989669 13.694000 5255
Car -1 -1 -1.885900 801.716900 179.888200 1044.093400 339.360800 1.543377 1.613987 3.723800 3.562263 1.648636 9.087799 -1.502749 13.637800 5251
Car -1 -1 -2.335400 1032.046200 180.912900 1241.000000 374.000000 1.527392 1.591898 4.049169 3.236717 1.608220 1.840848 -1.496459 5.113400 5246
Car -1 -1 1.963500 402.043400 176.167000 537.939700 261.668000 1.555771 1.549941 3.477427 -2.841951 1.619269 15.054044 1.789086 12.262000 5244
Car -1 -1 2.002200 58.941800 170.310500 381.389100 366.069100 1.702841 1.661824 3.971785 -4.096138 1.664621 8.244577 1.546973 11.721500 5222
