Car -1 -1 1.224000 447.663500 174.391600 545.808300 233.466000 1.503219 1.541646 3.926924 -3.291139 1.552899 20.613571 1.108924 7.301000 5155
Car -1 -1 -3.125600 767.823300 160.201600 907.698100 210.019100 1.644957 1.697896 4.392935 7.798748 1.226872 24.805208 -2.819293 10.241200 5152
Car -1 -1 -1.148700 1180.229600 165.344500 1241.000000 231.576700 1.507986 1.562407 3.369592 16.040230 1.318105 17.842189 -0.420129 6.175100 5149
Car -1 -1 1.777400 411.689500 171.916200 515.962100 254.898500 1.615774 1.546039 3.362960 -3.054691 1.594435 15.673908 1.586400 9.751700 5142
Car -1 -1 2.200800 1039.095500 158.390500 1157.229900 202.348900 1.555384 1.611908 3.950246 18.417796 1.047785 27.081229 2.797892 9.804800 5140
Car -1 -1 -0.549300 751.286800 156.656400 817.261400 177.246000 1.471756 1.666989 4.387984 12.861637 0.347976 52.806774 -0.313283 6.936100 5138
Car -1 -1 -1.558300 873.979600 176.726300 1035.283300 325.353700 1.509497 1.576913 3.446366 4.470612 1.594902 9.378509 -1.086827 9.521100 5124
Car -1 -1 2.023500 0.000000 183.887200 426.086700 374.000000 1.453313 1.605648 3.960331 -2.797827 1.597683 5.763701 1.574539 13.223100 5102
Car -1 -1 -1.279000 907.385600 163.788300 1052.233800 257.204200 1.483148 1.503336 3.196384 6.898161 1.355217 13.308312 -0.802378 8.365800 5083
Car -1 -1 -1.935900 903.343800 185.822300 1241.000000 374.000000 1.513618 1.548155 3.474921 3.183383 1.628481 5.011133 -1.380004 11.011200 5027
