Car -1 -1 1.792000 747.247200 168.783500 789.610600 196.260300 1.531846 1.625253 3.994568 9.122206 1.347927 42.609063 1.950022 0.669200 5259
Car -1 -1 -1.161300 316.363500 188.436600 349.320000 204.875700 1.464172 1.590060 3.811172 -27.177904 3.052925 70.221816 -1.523665 -0.148900 5257
Car -1 -1 1.972800 655.229400 178.351100 702.997800 204.117600 1.498780 1.581720 3.889125 4.101888 1.836295 44.872434 2.071436 6.878500 5255
Car -1 -1 -1.645200 709.967000 179.295100 758.641400 222.040200 1.540676 1.609131 3.832901 4.635428 1.813969 28.335989 -1.455393 6.356300 5251
Car -1 -1 -1.758700 718.848100 181.894500 804.570500 240.888300 1.481486 1.637720 4.119989 4.020588 1.757308 20.798645 -1.564378 10.595300 5246
Car -1 -1 1.870800 559.290100 179.729500 611.119500 212.837800 1.480840 1.536251 3.554581 -1.445130 1.845184 34.611235 1.846885 8.376000 5244
Car -1 -1 -1.814400 759.383900 184.779300 897.647100 276.487200 1.479055 1.611882 3.877143 3.810643 1.725645 14.121979 -1.529023 12.373500 5228
Car -1 -1 1.681000 508.171900 181.097500 560.259800 225.845400 1.544975 1.580281 3.725950 -3.215643 1.910797 27.751099 1.580410 5.841500 5222
Car -1 -1 -1.960500 826.865900 185.774900 1088.997800 350.545300 1.511909 1.566657 3.289028 3.610605 1.706300 8.724749 -1.554490 12.429100 5199
Car -1 -1 1.785600 456.038700 184.893600 536.719500 244.445000 1.468906 1.522207 3.514973 -3.462561 1.843294 20.377857 1.631040 10.463200 5184
Car -1 -1 1.814200 378.020600 181.262900 500.821000 271.674600 1.564003 1.590205 3.740360 -3.662123 1.793081 14.924089 1.591934 13.139600 5179
Car -1 -1 2.492800 0.000000 206.275300 188.421600 374.000000 1.470789 1.569015 3.997024 -3.899196 1.727419 2.990698 1.577728 9.060900 5140
