Car -1 -1 -1.280400 764.577500 170.084100 816.549600 200.493900 1.465546 1.583795 3.699086 9.298556 1.348184 36.936875 -1.048031 0.983300 5269
Car -1 -1 -1.790900 876.523700 163.664000 920.770200 192.467000 1.642220 1.653615 3.865348 17.231076 1.131281 43.279131 -1.460380 6.201800 5267
Car -1 -1 -1.482000 812.590100 171.592100 838.232200 191.188500 1.489894 1.600858 3.920142 16.803226 1.384403 56.401161 -1.239268 0.242200 5265
Car -1 -1 1.966300 652.172500 177.461800 707.448000 208.986300 1.585889 1.628062 3.894188 3.741344 1.872345 39.323093 2.062973 9.768800 5255
Car -1 -1 -1.633400 728.841600 180.920300 789.093900 235.554800 1.525219 1.610423 3.880912 4.480282 1.820909 22.744656 -1.432817 8.463000 5251
Car -1 -1 -1.808100 748.673200 181.570700 876.468100 266.647500 1.497681 1.631554 4.099203 3.942633 1.729756 15.256213 -1.553075 13.671900 5246
Car -1 -1 1.884300 539.896300 180.990000 604.568900 220.803700 1.447740 1.544054 3.641157 -1.624711 1.834934 29.036973 1.840984 8.797700 5244
Car -1 -1 -1.959700 835.171800 185.619900 1129.339400 354.744500 1.454731 1.595673 3.780962 3.770045 1.648821 8.438701 -1.526379 13.632100 5228
Car -1 -1 1.735400 466.216800 179.459400 541.793700 238.351500 1.631783 1.656658 4.012034 -3.360545 1.863680 22.187108 1.590301 9.392900 5222
Car -1 -1 -2.397900 1053.503500 189.089800 1241.000000 374.000000 1.512529 1.582695 3.857002 3.539230 1.668795 2.970528 -1.522124 4.401300 5199
Car -1 -1 1.826900 384.391800 184.928000 501.665900 276.014700 1.550976 1.538039 3.317005 -3.476805 1.870585 14.714736 1.609164 9.865900 5184
Car -1 -1 1.946500 193.282400 185.492400 438.623000 349.151900 1.582523 1.601362 3.728244 -3.637823 1.789554 9.287956 1.588832 13.354700 5179
