Car -1 -1 -1.575300 757.118500 170.518000 783.291200 194.315600 1.488794 1.596097 3.913477 10.389635 1.334544 46.872530 -1.304401 -0.653000 5259
Car -1 -1 1.931200 337.207600 187.353900 367.998500 203.677200 1.471206 1.595762 3.843155 -26.069752 2.841999 69.941675 1.630809 3.407300 5257
Car -1 -1 1.960100 666.240100 177.098800 709.358100 200.206900 1.493756 1.592194 3.841465 5.247548 1.809565 49.272619 2.083371 6.491000 5255
Car -1 -1 -1.623200 714.925300 177.476400 756.850800 215.712800 1.597109 1.650567 3.989478 5.473267 1.876621 32.857853 -1.395663 4.638600 5251
Car -1 -1 -1.716400 715.916400 178.175000 782.367300 227.478800 1.527484 1.635183 4.146053 4.551785 1.798726 25.254839 -1.526708 8.001600 5246
Car -1 -1 1.918900 581.001300 179.879000 630.680700 208.831600 1.453054 1.567557 3.689881 -0.480243 1.931473 39.149203 1.894210 5.245200 5244
Car -1 -1 -1.729300 744.335100 181.357200 834.365700 250.268800 1.520639 1.608860 3.817215 4.199524 1.795275 18.565166 -1.491117 11.900600 5228
Car -1 -1 1.652500 540.257300 180.089700 583.619400 216.916500 1.510607 1.610838 3.893991 -2.523888 1.943915 32.391634 1.601394 6.090200 5222
Car -1 -1 -1.832100 777.539100 183.631800 915.984100 283.216500 1.508030 1.541523 3.158164 3.822596 1.757698 13.086396 -1.532947 11.852100 5199
Car -1 -1 1.766600 502.302100 182.395600 567.126200 229.462800 1.471832 1.556729 3.504326 -2.931358 1.868105 24.998386 1.667075 8.447000 5184
Car -1 -1 1.773000 452.417000 182.251000 540.941200 246.360000 1.526419 1.609094 3.816528 -3.291162 1.838072 19.530498 1.630602 14.666400 5179
Car -1 -1 2.077300 22.865800 194.640100 398.438700 374.000000 1.477304 1.588176 3.844892 -3.822724 1.790470 7.411973 1.627052 13.326000 5140
