Car -1 -1 -0.872500 1013.122000 154.605400 1065.686800 172.411500 1.479417 1.628634 4.072846 36.407187 -0.014333 61.227131 -0.362946 1.194000 5154
Car -1 -1 -3.078600 740.061900 167.581200 842.375500 209.031600 1.722577 1.695514 4.262465 8.031772 1.551408 32.111288 -2.847958 5.870100 5152
Car -1 -1 -0.966700 1023.150900 167.384500 1137.517000 211.591700 1.467723 1.572243 3.485335 16.259699 1.297484 25.009225 -0.382523 9.273600 5149
Car -1 -1 1.742400 482.584500 180.791000 550.040100 235.037000 1.565527 1.564581 3.463421 -2.940353 1.876040 23.016675 1.608492 7.639800 5142
Car -1 -1 2.292800 958.183800 160.800400 1051.222900 195.938700 1.588330 1.628556 4.019009 18.735919 1.103344 34.219301 2.782979 9.531400 5140
Car -1 -1 -0.280600 551.113000 168.694900 611.839500 188.952200 1.501811 1.673096 4.351027 -2.199186 1.266160 55.034143 -0.320249 7.807100 5138
Car -1 -1 -0.762200 1097.552200 171.969000 1241.000000 374.000000 1.441705 1.638875 4.274218 6.726760 1.424321 5.146023 0.070603 5.808900 5134
Car -1 -1 -1.301200 755.227800 173.239700 866.801800 248.814100 1.550887 1.589802 3.622804 4.680639 1.621976 16.788962 -1.034519 2.879500 5124
Car -1 -1 1.951800 189.051800 201.884800 459.670500 374.000000 1.399629 1.540727 3.627182 -2.975261 1.811969 8.197578 1.606032 12.604900 5105
Car -1 -1 1.793200 377.899800 190.063300 518.716400 290.377200 1.442747 1.604841 4.012764 -2.772440 1.812937 12.996364 1.589038 12.803800 5102
Car -1 -1 -1.129700 801.178100 170.864900 908.405000 230.802400 1.546874 1.540734 3.442674 6.997219 1.541868 20.524734 -0.806052 9.829600 5083
Car -1 -1 -1.659100 750.432500 178.621900 871.035900 286.282700 1.526992 1.624473 3.628941 3.257670 1.684256 12.418912 -1.400188 11.670900 5027
