Car -1 -1 -1.593100 749.614300 179.229200 814.700700 240.490400 1.480903 1.575906 4.056413 4.628150 1.660884 19.872859 -1.373279 7.599500 5282
Car -1 -1 1.412400 736.097100 167.725300 765.933100 187.851700 1.488657 1.616037 3.986826 10.875933 1.124915 55.397214 1.814241 2.767100 5281
Car -1 -1 -1.481400 823.625900 167.654200 853.644700 190.340000 1.478863 1.598168 3.863324 15.513057 1.114718 48.690572 -1.198451 0.382100 5279
Car -1 -1 -1.163200 271.306800 189.140500 307.213400 206.470300 1.461422 1.600929 3.907403 -29.441219 2.980877 66.412683 -1.570946 1.139400 5272
Car -1 -1 -1.949100 899.375400 155.799000 970.136800 194.704400 1.778617 1.722914 4.135137 15.957449 0.979951 35.655583 -1.513351 5.468100 5267
Car -1 -1 1.933000 639.183500 172.781800 707.822100 212.620100 1.594395 1.645762 4.046436 2.774456 1.585642 31.250938 2.024610 12.659600 5255
Car -1 -1 -1.741900 759.681300 178.206300 878.223800 270.387600 1.552808 1.617762 3.771318 3.971235 1.671350 14.544336 -1.472466 13.766800 5251
Car -1 -1 -2.062700 835.991000 189.663200 1241.000000 374.000000 1.456940 1.642713 4.201965 3.649655 1.646838 7.125925 -1.577105 13.864500 5246
Car -1 -1 1.899500 483.503700 175.662800 575.759000 237.075000 1.582685 1.572122 3.520315 -2.275115 1.664402 20.699737 1.803665 10.428700 5244
Car -1 -1 1.842200 334.560800 171.388000 482.203700 277.337700 1.758472 1.681915 4.057886 -3.769269 1.715180 13.887736 1.577037 11.178100 5222
Car -1 -1 2.084600 0.000000 187.916300 360.124000 374.000000 1.483402 1.497999 3.328094 -3.646057 1.673973 6.376759 1.582322 11.436200 5184
