Car -1 -1 -1.211300 296.539800 187.325000 329.080100 204.384700 1.487328 1.586540 3.978744 -28.261340 2.825403 68.319227 -1.597318 1.060100 5272
Car -1 -1 -1.414200 771.926600 166.624300 821.359600 201.458000 1.483360 1.615768 3.757129 8.570753 1.188814 33.082374 -1.168477 2.084900 5269
Car -1 -1 -1.879500 885.717700 159.250700 940.584400 190.109100 1.618362 1.660291 3.933377 16.718782 0.838300 39.289215 -1.475643 2.863700 5267
Car -1 -1 1.941600 647.262900 171.526900 710.043100 206.866800 1.580580 1.654557 4.143869 3.342898 1.529241 35.316768 2.039553 11.015500 5255
Car -1 -1 -1.673600 742.133000 176.149600 822.637900 242.865800 1.528245 1.601968 3.758633 4.230492 1.607669 18.597658 -1.451983 13.331100 5251
Car -1 -1 -1.912100 778.148000 184.464000 985.610900 304.894000 1.466003 1.619149 4.139073 3.806754 1.643497 11.163460 -1.575971 12.551400 5246
Car -1 -1 1.886400 518.277800 176.606400 594.351500 225.381600 1.493217 1.560327 3.601465 -1.880492 1.642614 24.880713 1.818805 10.934400 5244
Car -1 -1 -2.270700 968.293200 184.757500 1241.000000 374.000000 1.561789 1.620492 3.892562 3.739907 1.686572 4.328554 -1.537323 8.826700 5228
Car -1 -1 1.780600 416.647500 171.127500 518.628300 248.593600 1.714863 1.679549 4.020480 -3.526431 1.684986 18.001013 1.587642 10.396300 5222
Car -1 -1 1.918000 266.395900 184.345400 454.043900 312.853400 1.494795 1.516155 3.279798 -3.556444 1.704002 10.545422 1.603530 11.608000 5184
Car -1 -1 2.184300 0.000000 188.743500 331.782600 374.000000 1.531020 1.592669 3.836947 -3.666934 1.689994 5.190448 1.574403 8.424800 5179
