Car -1 -1 -1.673600 746.995800 172.390700 778.511000 196.694900 1.512661 1.583361 3.861993 9.605215 1.353328 45.671466 -1.413096 0.522200 5259
Car -1 -1 1.911300 322.058800 186.542900 353.046200 202.936600 1.473350 1.594201 3.886466 -26.693720 2.891606 70.306266 1.554734 1.226500 5257
Car -1 -1 2.000800 657.363500 177.411400 703.808000 200.839300 1.471899 1.600538 3.840989 4.495948 1.742557 47.780138 2.089107 5.644100 5255
Car -1 -1 -1.621900 707.816900 178.900200 751.228500 218.748700 1.577739 1.634587 3.850465 4.872557 1.834246 31.264573 -1.462502 6.575200 5251
Car -1 -1 -1.753200 711.244600 181.266200 784.611500 231.374500 1.465746 1.622119 4.159487 4.204518 1.762508 23.854607 -1.559186 7.240700 5246
Car -1 -1 1.896500 567.698800 178.982200 618.611900 209.534700 1.462786 1.573689 3.600481 -1.129273 1.835766 37.691842 1.874836 9.132300 5244
Car -1 -1 -1.758100 744.432000 181.456300 842.531100 254.633600 1.499753 1.576263 3.693191 3.938363 1.737308 17.163460 -1.514133 11.137700 5228
Car -1 -1 1.690100 524.137700 180.668600 572.528200 219.448600 1.497065 1.602927 3.863563 -2.997074 1.877557 30.842743 1.608291 5.738300 5222
Car -1 -1 -1.889700 784.473700 186.529000 950.616100 299.630700 1.491196 1.540014 3.183130 3.652772 1.737019 11.669835 -1.555956 12.109100 5199
Car -1 -1 1.766900 484.426900 181.373200 552.754700 233.178000 1.517341 1.542174 3.556064 -3.300017 1.819587 23.482374 1.646694 9.416800 5184
Car -1 -1 1.794400 425.354700 181.233000 524.865800 252.484200 1.534704 1.607964 3.834805 -3.570431 1.783437 18.049978 1.616384 13.295100 5179
Car -1 -1 2.157600 0.000000 203.630300 352.929800 374.000000 1.426372 1.573557 3.777110 -3.871143 1.744469 5.941039 1.606276 12.246600 5140
