Car -1 -1 -3.222800 892.643300 157.943500 945.277500 177.137100 1.627730 1.658310 3.933656 26.334162 0.380710 62.089375 -2.814808 1.170300 5292
Car -1 -1 -1.634900 759.030000 179.813600 844.941700 256.068700 1.498017 1.622095 4.192475 4.286976 1.695418 16.767885 -1.387096 11.043200 5282
Car -1 -1 1.601400 731.461400 167.878800 756.256600 189.832400 1.531462 1.623767 3.940298 9.815821 1.243093 52.297550 1.886586 2.027300 5281
Car -1 -1 -1.614800 825.185800 168.924700 854.452000 193.268000 1.472733 1.589428 3.792961 14.495393 1.247375 45.731332 -1.370040 1.934000 5279
Car -1 -1 -1.164800 249.068100 189.061100 284.567300 206.848900 1.470068 1.570203 3.748302 -30.792595 2.934357 64.915968 -1.589167 0.937900 5272
Car -1 -1 -1.921700 914.268600 153.273800 986.817700 195.230800 1.798530 1.707682 3.956079 15.355661 0.977235 32.756610 -1.475232 4.992600 5267
Car -1 -1 1.926500 627.175700 171.743100 704.060200 216.126900 1.595691 1.645989 4.090916 2.206359 1.583821 28.060955 2.003871 12.129300 5255
Car -1 -1 -1.817300 779.403200 179.754600 952.390300 298.005600 1.527911 1.624148 3.829367 3.746693 1.662391 11.437553 -1.493166 14.091800 5251
Car -1 -1 -2.301900 939.443000 186.871700 1241.000000 374.000000 1.535553 1.611940 3.947621 3.512940 1.680304 4.068726 -1.584960 8.424500 5246
Car -1 -1 1.934600 442.414900 177.024800 557.720700 252.306100 1.583551 1.561504 3.500654 -2.599767 1.711861 17.456536 1.792011 11.975000 5244
Car -1 -1 1.927900 219.180000 172.125600 433.728000 312.476800 1.710681 1.645762 3.966722 -3.969235 1.697609 10.618093 1.571295 13.247400 5222
Car -1 -1 2.489600 0.000000 190.155200 182.622600 374.000000 1.470256 1.534233 3.485577 -3.735274 1.629125 3.044383 1.582993 6.988800 5184
