Car -1 -1 -1.587000 780.128100 175.245400 855.402700 246.924000 1.535946 1.593487 3.622416 4.936977 1.608716 17.472889 -1.309042 7.892000 5306
Car -1 -1 0.347900 274.053100 152.104300 343.825100 175.261700 1.561386 1.627997 4.131920 -20.388162 0.021796 47.599286 -0.043457 1.942100 5305
Car -1 -1 -1.178300 312.413900 162.344800 351.162200 181.100000 1.468505 1.590507 3.809341 -22.441817 0.641866 58.291495 -1.554438 1.286900 5299
Car -1 -1 -2.092000 1004.703600 145.450700 1108.996600 197.333600 1.811330 1.676098 3.873737 16.929172 0.861248 27.600371 -1.539187 4.601800 5298
Car -1 -1 -1.475300 796.983900 165.940800 865.031300 224.568900 1.586212 1.605174 3.630783 6.633747 1.453898 21.574213 -1.188525 3.314600 5296
Car -1 -1 -1.729000 773.861500 180.672100 916.862800 290.046900 1.492440 1.615158 4.119385 3.745087 1.658419 12.283525 -1.427340 12.043300 5282
Car -1 -1 1.805300 713.534800 168.215000 753.156000 191.465700 1.497542 1.641868 4.106584 8.231365 1.186567 48.043138 1.928808 2.648700 5281
Car -1 -1 -1.954600 927.902000 148.224200 1018.851600 198.874300 1.780563 1.725569 4.081582 14.358605 0.971386 28.678512 -1.495633 7.783000 5267
Car -1 -1 1.909300 603.398700 170.249400 693.960000 225.573800 1.621988 1.665297 4.120775 1.318361 1.565331 23.466316 1.972941 13.562000 5255
Car -1 -1 -1.989800 834.730600 183.646900 1221.744100 374.000000 1.501620 1.609627 3.782392 3.387389 1.633982 6.821766 -1.523117 14.674800 5251
Car -1 -1 1.998000 342.999300 177.351900 512.287700 281.686500 1.549856 1.545730 3.528008 -3.102390 1.649071 12.688365 1.758932 13.311700 5244
Car -1 -1 2.151700 0.000000 164.428500 294.364200 374.000000 1.712294 1.640305 3.829417 -4.220360 1.671572 5.836113 1.527652 9.799500 5222
