Car -1 -1 -3.124000 738.873200 170.204800 835.429200 208.998500 1.659403 1.689074 4.179383 8.013157 1.575052 32.884047 -2.872083 6.312800 5152
Car -1 -1 -0.960200 1013.551800 169.379900 1119.722600 213.914300 1.501046 1.571176 3.337314 16.221081 1.397832 25.705673 -0.369896 7.883600 5149
Car -1 -1 1.725100 487.902500 182.897300 550.878900 236.166900 1.572851 1.565522 3.438698 -2.948011 1.944131 23.729441 1.598448 7.296500 5142
Car -1 -1 2.270700 951.882900 164.124700 1042.007300 198.267900 1.575921 1.621365 4.038763 18.763201 1.194993 35.025482 2.767736 9.315000 5140
Car -1 -1 -0.248500 529.648700 171.592800 589.851600 191.600800 1.498917 1.664513 4.381003 -3.840487 1.434206 55.275255 -0.319519 6.719200 5138
Car -1 -1 -0.762200 1097.552200 171.969000 1241.000000 374.000000 1.441705 1.638875 4.274218 6.722541 1.422610 5.920485 0.070603 5.808900 5134
Car -1 -1 -1.295800 742.864100 179.740600 849.764900 253.963900 1.540833 1.577508 3.621192 4.564776 1.721814 17.462659 -1.046038 7.923300 5124
Car -1 -1 1.922200 228.032700 202.196100 466.434100 360.430600 1.399190 1.524430 3.610487 -2.990382 1.825942 8.892782 1.608350 11.731100 5105
Car -1 -1 1.808000 386.617300 191.766900 523.662800 288.215400 1.457709 1.612998 4.025649 -2.798051 1.851445 13.739017 1.598483 11.766200 5102
Car -1 -1 2.414800 0.000000 184.259900 247.862100 374.000000 1.642139 1.609438 3.706352 -3.523857 1.735471 2.672261 1.607429 5.964400 5092
Car -1 -1 -1.138200 795.902500 175.216600 896.049500 232.330300 1.530166 1.548716 3.319338 6.993357 1.607807 21.269916 -0.812123 10.183100 5083
Car -1 -1 -1.637400 743.391200 183.997700 851.784600 285.523500 1.510151 1.613751 3.610399 3.248406 1.740934 13.155076 -1.394506 11.762200 5027
