Car -1 -1 -1.183900 321.260300 187.365100 354.143900 203.906600 1.479117 1.616423 4.023089 -26.359973 2.899333 69.900637 -1.554763 1.370900 5289
Car -1 -1 -1.634500 748.683500 179.357100 824.198800 244.557600 1.481395 1.612985 4.156032 4.513675 1.671097 19.063027 -1.391524 8.821400 5282
Car -1 -1 1.616500 737.032900 169.189600 761.114400 189.683300 1.488178 1.609812 4.022312 10.552312 1.198796 54.556623 1.809659 1.544600 5281
Car -1 -1 -1.775300 817.606500 167.221900 854.744800 190.161900 1.469204 1.596923 3.877864 15.092593 1.114952 48.006197 -1.372262 2.283600 5279
Car -1 -1 -1.128300 264.594100 188.743900 302.437700 206.090800 1.456462 1.605425 3.958293 -29.808668 2.961352 66.134167 -1.559725 3.748700 5272
Car -1 -1 -1.883300 908.663700 154.043400 973.534700 195.060700 1.833736 1.726861 3.978008 15.867605 0.995858 34.883522 -1.477968 5.607100 5267
Car -1 -1 1.924100 636.552700 173.250700 706.542600 214.026600 1.593162 1.637442 4.056302 2.626559 1.597225 30.424459 2.015704 13.612100 5255
Car -1 -1 -1.758000 761.707000 179.658700 891.473000 276.443900 1.547797 1.625078 3.828599 3.898542 1.683626 13.780101 -1.478173 14.669900 5251
Car -1 -1 -2.091100 857.099500 184.396500 1241.000000 374.000000 1.475147 1.628181 4.167933 3.615411 1.629357 6.346998 -1.573023 11.677100 5246
Car -1 -1 1.926700 475.040200 175.716400 572.904000 239.546500 1.582076 1.571305 3.480319 -2.352547 1.665346 19.905606 1.808013 9.514000 5244
Car -1 -1 1.858900 314.400800 172.083700 472.542900 286.040900 1.753421 1.660398 4.007278 -3.813852 1.728950 13.082804 1.578250 12.813100 5222
Car -1 -1 2.138400 0.000000 193.172100 329.124400 374.000000 1.479383 1.525873 3.367775 -3.665420 1.675612 5.535184 1.567043 9.581900 5184
