Car -1 -1 -1.721500 790.214300 167.630100 836.254100 198.755300 1.486562 1.607168 3.955651 9.966915 1.216795 35.777333 -1.437371 4.829100 5319
Car -1 -1 1.745200 608.675600 172.679100 669.338400 219.026400 1.563726 1.604417 3.674360 0.770831 1.561735 25.645879 1.770970 2.343500 5318
Car -1 -1 -1.426500 687.096700 165.420600 720.848000 190.842500 1.588674 1.639376 3.931349 6.123331 1.108833 46.749044 -1.276716 0.812900 5317
Car -1 -1 2.114600 111.277300 188.519500 161.068300 208.627300 1.474144 1.555622 3.796964 -38.335305 2.839892 58.471617 1.464922 0.514300 5315
Car -1 -1 -3.199000 844.887800 157.677800 899.839200 178.894600 1.547491 1.608143 3.818730 19.401973 0.442455 53.174537 -2.862556 1.846400 5314
Car -1 -1 2.141300 119.724500 191.135500 174.023700 213.128900 1.479735 1.587523 3.851812 -34.386282 2.860286 53.718590 1.552334 0.224900 5313
Car -1 -1 1.777000 629.067400 170.143300 683.992700 207.289900 1.463351 1.585817 3.789503 2.054220 1.396793 30.726379 1.847670 7.531300 5308
Car -1 -1 -1.671800 810.135300 178.434600 945.525300 300.470600 1.484972 1.522878 3.361029 3.828516 1.612068 10.767266 -1.319177 11.508200 5306
Car -1 -1 -2.227400 1039.195900 140.030300 1188.067800 207.492800 1.862042 1.707635 3.788926 15.038461 0.956570 21.804795 -1.604975 9.334700 5298
Car -1 -1 -1.695000 807.882500 172.922900 912.194900 258.718500 1.592681 1.618942 3.575639 5.151378 1.596196 15.232926 -1.370718 8.126600 5296
Car -1 -1 -1.986800 833.658300 193.257000 1241.000000 374.000000 1.418238 1.616409 4.165265 3.032254 1.633265 5.674498 -1.489991 12.795800 5282
Car -1 -1 1.788800 670.076500 166.205500 711.241400 194.555200 1.535869 1.594616 3.738824 4.358466 1.239421 41.255004 2.157319 4.470100 5281
Car -1 -1 -2.061900 944.050200 144.265000 1067.996000 209.152900 1.863500 1.724574 3.953460 12.350241 1.042574 22.721935 -1.544411 8.301200 5267
Car -1 -1 1.921900 528.668900 173.155400 659.565100 252.943100 1.578147 1.643816 4.160991 -0.228043 1.593414 16.596436 1.906079 13.753700 5255
Car -1 -1 2.240900 0.000000 181.444000 329.662600 374.000000 1.540907 1.561895 3.583204 -3.813270 1.633070 5.600073 1.653042 9.919300 5244
