Car -1 -1 1.588100 752.264300 166.831300 781.867800 193.408400 1.485068 1.610091 3.936413 9.071378 1.174287 41.914905 1.843129 0.787300 5259
Car -1 -1 -1.189700 314.233900 189.812000 345.755200 206.118700 1.457267 1.584399 3.760634 -27.311067 3.113461 70.098375 -1.545874 3.753900 5257
Car -1 -1 1.962100 654.844700 179.199400 702.574500 204.404600 1.456828 1.576207 3.830149 4.033734 1.828667 44.082778 2.062638 8.611400 5255
Car -1 -1 -1.616700 711.750400 179.769100 760.968600 224.951800 1.547922 1.633648 3.931971 4.570227 1.823823 27.571113 -1.450391 7.676200 5251
Car -1 -1 -1.771400 721.522500 182.290300 810.239700 242.632000 1.464190 1.620835 4.036129 3.999917 1.749469 20.047511 -1.565875 10.187300 5246
Car -1 -1 1.910100 554.380500 181.493800 613.179000 215.269300 1.456774 1.568110 3.703416 -1.453017 1.867519 33.902548 1.863952 9.220300 5244
Car -1 -1 -1.812600 769.273600 181.240600 913.143300 280.415000 1.501085 1.614242 3.778231 3.821870 1.704464 13.333470 -1.522828 11.493300 5228
Car -1 -1 1.676000 503.452000 184.248100 557.623100 227.875300 1.483867 1.592406 3.887968 -3.238785 1.911257 27.003562 1.572370 6.448100 5222
Car -1 -1 -2.014400 842.785700 184.259900 1146.151500 370.940200 1.535265 1.572431 3.247293 3.603642 1.702250 7.929678 -1.560924 12.320300 5199
Car -1 -1 1.800300 445.621500 185.599700 533.792100 247.911600 1.460559 1.534440 3.640265 -3.478471 1.841355 19.625711 1.635403 8.878500 5184
Car -1 -1 1.830600 356.887900 184.920400 497.076100 281.204700 1.548427 1.614182 3.958365 -3.669909 1.807086 14.180537 1.591913 14.060600 5179
Car -1 -1 2.478400 0.000000 202.583700 126.032700 374.000000 1.468571 1.598239 3.811846 -3.793210 1.674632 2.367333 1.525610 3.625300 5140
