Car -1 -1 1.703900 493.830000 182.059100 551.919400 232.091300 1.569554 1.568521 3.554115 -3.042080 1.909356 25.316448 1.585309 6.462600 5142
Car -1 -1 2.303500 936.309700 165.442500 1020.560500 196.808000 1.545948 1.601955 3.984466 18.613680 1.139301 36.567480 2.774416 8.669900 5140
Car -1 -1 -0.200800 487.876500 174.370500 548.996800 194.278000 1.519748 1.703410 4.458831 -7.156177 1.541625 55.782145 -0.323444 7.389000 5138
Car -1 -1 -0.772100 1025.677800 164.122600 1241.000000 320.981800 1.435387 1.643290 4.383654 6.875786 1.350155 7.402810 0.019138 7.275100 5134
Car -1 -1 -1.323600 736.493000 178.836500 831.673200 244.143700 1.503338 1.580745 3.704874 4.618318 1.650899 19.077822 -1.077370 5.369900 5124
Car -1 -1 1.909100 290.529100 197.732800 485.202300 328.823700 1.413233 1.517853 3.561186 -3.017762 1.816420 10.391602 1.619744 12.399700 5105
Car -1 -1 1.769800 413.070700 189.769300 528.197400 273.896600 1.469868 1.613404 3.924501 -2.846628 1.820843 15.306544 1.581949 11.841600 5102
Car -1 -1 2.295400 0.000000 187.586700 301.878200 374.000000 1.636055 1.595100 3.636375 -3.520301 1.768794 4.269662 1.611199 6.148600 5092
Car -1 -1 -1.113800 784.244000 175.490600 875.206900 226.874500 1.525147 1.494188 3.291194 6.942627 1.560648 22.832789 -0.816170 7.479700 5083
Car -1 -1 -1.613200 732.049900 180.787500 822.791500 269.581100 1.535028 1.600680 3.485649 3.234244 1.705934 14.720293 -1.398672 11.038000 5027
Car -1 -1 0.727100 1134.335000 126.574600 1241.000000 374.000000 1.614280 1.674844 4.306195 5.259648 1.485561 3.301822 1.625091 5.036900 5002
