Car -1 -1 -1.090100 165.769100 190.221400 209.150500 209.154100 1.445477 1.561886 3.677497 -35.492105 2.975304 60.667067 -1.629826 3.891800 5315
Car -1 -1 -3.249600 867.321900 158.091200 924.516500 178.929600 1.564889 1.653946 3.928949 21.862178 0.456000 55.387985 -2.845894 1.895500 5314
Car -1 -1 1.678500 251.827700 189.764900 284.974700 214.477300 1.496979 1.604274 3.997517 -23.495966 2.781268 48.223954 1.325757 -0.218800 5311
Car -1 -1 1.801800 656.122700 169.266700 708.651300 204.033400 1.507331 1.612541 3.760492 3.395736 1.339316 33.535232 1.906619 7.112500 5308
Car -1 -1 -1.609600 804.021800 179.504200 903.093800 273.589600 1.492735 1.566231 3.589729 4.436936 1.620404 13.685293 -1.285965 8.461100 5306
Car -1 -1 -2.141000 1028.411100 141.341300 1155.493100 201.857000 1.866892 1.692393 3.804893 16.045433 0.875846 24.255822 -1.553410 4.842900 5298
Car -1 -1 -1.562200 813.621400 165.950900 890.188100 241.199200 1.654945 1.632224 3.641963 6.012317 1.506793 18.060074 -1.223379 1.150400 5296
Car -1 -1 -1.825100 800.974300 185.533000 1058.567800 357.073100 1.459258 1.642079 4.228640 3.381583 1.634671 8.624989 -1.448548 13.144600 5282
Car -1 -1 1.658300 703.383800 167.739500 734.866700 192.790100 1.485144 1.595973 3.793565 6.709362 1.159116 44.263288 1.812996 2.597900 5281
Car -1 -1 -2.001900 946.196400 145.878100 1051.972000 202.933600 1.839916 1.730364 3.987319 13.445556 0.954226 25.289661 -1.522656 7.221700 5267
Car -1 -1 1.903900 576.190300 172.063200 682.118000 238.773200 1.624674 1.654885 4.070409 0.593925 1.574251 19.691838 1.934893 13.765900 5255
Car -1 -1 -2.336700 959.572500 175.660700 1241.000000 374.000000 1.536317 1.571243 3.814304 3.124064 1.578905 3.081835 -1.545074 8.745300 5251
Car -1 -1 2.076600 163.253200 180.847600 443.339700 339.243500 1.501340 1.560254 3.519685 -3.481340 1.603965 8.811105 1.707233 12.007100 5244
