Car -1 -1 -1.237600 349.321400 159.526900 383.394900 177.317800 1.514411 1.597783 3.986417 -20.913864 0.365993 61.899749 -1.553912 1.524100 5299
Car -1 -1 -2.056100 987.790600 151.287800 1077.976500 192.812200 1.679323 1.639426 3.915831 17.624294 0.778796 30.353743 -1.531680 6.114100 5298
Car -1 -1 -1.431900 792.664800 165.340600 856.938600 215.534800 1.550826 1.596529 3.634012 7.278725 1.355208 24.475560 -1.155063 2.977000 5296
Car -1 -1 -1.649800 764.138000 178.097400 862.098600 262.070600 1.488375 1.625579 4.206984 4.113888 1.627992 15.271878 -1.385780 11.934900 5282
Car -1 -1 1.474300 728.564500 165.927900 756.306400 187.611600 1.475125 1.585509 3.717954 9.224449 1.013427 50.520255 1.726972 3.142200 5281
Car -1 -1 1.294200 820.614900 162.532900 865.625600 188.956200 1.517134 1.602368 3.867439 14.208625 1.002879 44.207571 1.678167 -0.555700 5279
Car -1 -1 -1.958200 918.939900 149.478700 999.226700 194.102600 1.807359 1.730055 4.038968 15.021933 0.879605 31.326656 -1.507167 7.432400 5267
Car -1 -1 1.911600 620.721500 168.083300 701.654500 216.781400 1.649010 1.671920 4.109659 1.927407 1.509166 26.508167 1.986545 13.991000 5255
Car -1 -1 -1.836700 797.795300 179.473100 1002.665400 320.989200 1.529586 1.598434 3.735451 3.626724 1.635741 9.866902 -1.488104 13.761900 5251
Car -1 -1 -2.335400 1032.046200 180.912900 1241.000000 374.000000 1.527392 1.591898 4.049169 3.307931 1.613730 2.606520 -1.496459 5.113400 5246
Car -1 -1 1.987100 417.433400 173.467300 546.424800 255.563900 1.574978 1.551303 3.456598 -2.763680 1.621712 15.885625 1.807185 11.995800 5244
Car -1 -1 1.961900 120.955400 163.745500 405.372600 339.723200 1.701451 1.659759 4.075316 -4.036271 1.641581 9.027647 1.552269 12.566900 5222
