Car -1 -1 -1.413900 565.162400 175.983600 587.547200 192.015000 1.467011 1.589154 3.826497 -3.201579 1.612386 67.597662 -1.474637 0.292400 5159
Car -1 -1 1.331500 482.523900 180.078300 561.154300 234.305300 1.529884 1.579232 4.061608 -2.989467 1.821598 23.542878 1.174218 6.314900 5155
Car -1 -1 -3.101600 758.684900 167.946100 883.089100 213.397100 1.671496 1.707765 4.396199 8.031989 1.475552 27.624501 -2.815039 9.130400 5152
Car -1 -1 -1.030500 1121.549900 172.545900 1241.000000 226.101200 1.449087 1.529723 3.275924 16.274101 1.386598 20.399020 -0.365663 9.532800 5149
Car -1 -1 1.769500 455.243000 178.746200 540.056300 246.390100 1.565492 1.542146 3.354796 -2.826088 1.752071 18.578522 1.613949 9.469300 5142
Car -1 -1 2.228400 1011.457500 165.730600 1119.680900 204.120200 1.525474 1.636303 4.051638 18.781540 1.197623 29.711977 2.795693 9.714300 5140
Car -1 -1 -0.456900 676.479600 164.305500 741.404800 184.892700 1.485291 1.699874 4.502864 7.363028 0.915364 53.601230 -0.316955 6.109600 5138
Car -1 -1 -1.414200 810.366500 180.478500 943.512400 290.713900 1.532708 1.562962 3.582443 4.611397 1.679856 12.249448 -1.054275 7.685200 5124
Car -1 -1 2.258300 0.000000 218.819600 350.970500 374.000000 1.385667 1.536319 3.611164 -2.882098 1.758566 3.754370 1.605022 8.010600 5105
Car -1 -1 1.896600 230.086200 186.928800 485.614500 360.716300 1.509297 1.615202 3.990204 -2.722617 1.746073 8.637755 1.591970 13.011600 5102
Car -1 -1 -1.204500 862.370900 175.488000 989.359200 251.799300 1.502720 1.519200 3.346244 7.109625 1.550222 16.114749 -0.791766 6.906200 5083
Car -1 -1 -1.774500 823.397200 184.551400 1062.234500 371.985900 1.511808 1.588955 3.514063 3.312582 1.672521 7.914476 -1.381412 11.974800 5027
