Car -1 -1 1.046100 1073.338100 151.185600 1135.133500 173.943700 1.479643 1.616680 4.054626 33.440633 0.078588 48.921185 1.697797 0.660500 5157
Car -1 -1 -1.496800 1018.740000 147.328600 1048.107100 168.887900 1.518349 1.581546 4.311589 31.627270 -0.307438 53.900369 -0.914846 1.519000 5156
Car -1 -1 1.341600 501.127200 180.105500 566.591100 225.098400 1.489244 1.543485 3.961057 -2.925132 1.784137 26.538703 1.203519 4.481400 5155
Car -1 -1 -0.883100 1040.155600 155.988400 1095.031200 174.148600 1.484414 1.643529 4.159944 38.342798 0.030661 60.453405 -0.342803 0.468200 5154
Car -1 -1 -3.092000 751.945200 166.762600 859.432100 209.695900 1.727548 1.712030 4.248332 8.218876 1.504474 30.564099 -2.831252 6.187400 5152
Car -1 -1 -0.970400 1054.341100 164.114300 1175.976200 212.262800 1.475769 1.574411 3.390085 16.301670 1.192884 23.389072 -0.355149 9.191900 5149
Car -1 -1 1.729800 478.465500 177.954900 548.577700 236.975700 1.592972 1.557318 3.413470 -2.849042 1.782877 21.548192 1.603570 8.846100 5142
Car -1 -1 2.284200 976.311100 160.279500 1073.593800 195.669300 1.532875 1.605589 3.999480 18.765868 0.986412 32.645042 2.805508 9.100700 5140
Car -1 -1 -0.326500 593.728400 166.480900 658.434300 187.151700 1.540932 1.684541 4.564300 1.166014 1.089250 54.608908 -0.307323 5.401300 5138
Car -1 -1 -1.331800 769.095700 175.272600 887.751500 260.997300 1.550843 1.579057 3.593495 4.656979 1.613376 15.227270 -1.051209 6.166900 5124
Car -1 -1 2.038600 66.280000 206.365900 436.802900 374.000000 1.373854 1.536755 3.576418 -2.952088 1.767494 6.721902 1.621897 12.959600 5105
Car -1 -1 1.820300 344.136900 186.926800 511.673400 304.109000 1.473805 1.611633 4.019397 -2.744324 1.764025 11.595987 1.588518 12.909800 5102
Car -1 -1 -1.139600 819.096700 171.341000 933.773000 235.260700 1.522175 1.567838 3.465697 7.056450 1.488276 19.033039 -0.791054 10.386100 5083
Car -1 -1 -1.712300 768.538800 181.901300 916.844900 301.073200 1.470253 1.591394 3.640655 3.303973 1.623200 10.899787 -1.398960 11.559000 5027
