Car -1 -1 -1.889800 863.448100 165.979700 910.734000 193.181100 1.577551 1.621546 3.775640 17.160322 1.214990 44.926032 -1.540774 1.451300 5267
Car -1 -1 -1.621400 806.542600 171.771700 829.570300 190.742300 1.482440 1.593994 3.893349 16.789824 1.399705 58.191324 -1.316078 -0.193800 5265
Car -1 -1 1.979100 653.519600 178.382100 706.279800 207.764100 1.564429 1.600839 3.885319 3.867616 1.902503 41.005901 2.072748 10.073000 5255
Car -1 -1 -1.616700 723.235300 182.067200 778.709100 233.867200 1.537932 1.633967 3.934185 4.516799 1.880249 24.399530 -1.432298 7.601300 5251
Car -1 -1 -1.783200 736.776900 183.152300 846.863700 259.514800 1.499054 1.625719 4.034439 3.947288 1.777136 16.891124 -1.554294 12.534100 5246
Car -1 -1 1.915200 542.562600 183.091700 606.271600 220.211100 1.446971 1.551680 3.659961 -1.605194 1.901308 30.667646 1.862095 9.171400 5244
Car -1 -1 -1.886800 804.218600 187.242400 1023.140200 323.348900 1.470388 1.604451 3.823857 3.782370 1.694566 10.140963 -1.517296 13.359300 5228
Car -1 -1 1.721100 479.192700 179.919000 549.499700 236.618200 1.636950 1.663400 4.164283 -3.306967 1.909116 23.842994 1.592549 8.409900 5222
Car -1 -1 -2.245200 946.425100 196.598000 1241.000000 374.000000 1.549455 1.584384 3.684335 3.594173 1.739762 4.605907 -1.557176 5.371900 5199
Car -1 -1 1.826400 407.584700 188.930000 515.637700 266.233000 1.466315 1.552339 3.479838 -3.482230 1.890811 16.392652 1.628704 11.441300 5184
Car -1 -1 1.899800 267.421600 187.811800 464.420900 317.428200 1.533156 1.593754 3.888286 -3.634267 1.789993 10.920315 1.591281 14.038000 5179
