Car -1 -1 1.238700 472.760700 178.102000 563.327500 234.404000 1.556160 1.580572 4.035954 -3.018715 1.772829 22.732862 1.132057 6.621300 5155
Car -1 -1 -3.088300 764.924400 164.257700 893.889700 212.223000 1.681078 1.722929 4.444592 8.098089 1.412387 26.924077 -2.802840 10.031200 5152
Car -1 -1 -1.010600 1136.169400 169.489900 1241.000000 227.270900 1.465473 1.542255 3.249272 16.254189 1.390087 19.659571 -0.337689 6.493400 5149
Car -1 -1 1.773800 445.940600 174.595900 536.402500 246.573800 1.588797 1.544342 3.409742 -2.859941 1.682954 17.877392 1.613733 11.243100 5142
Car -1 -1 2.211800 1021.638800 161.815100 1130.974900 203.161700 1.559358 1.620850 4.034310 18.754368 1.176530 28.997612 2.788775 11.555000 5140
Car -1 -1 -0.486600 696.572500 163.419000 761.539900 183.767000 1.470649 1.680608 4.487250 8.843763 0.811806 53.341451 -0.321062 6.686800 5138
Car -1 -1 -1.487200 828.420300 182.062400 954.871700 297.287100 1.503408 1.574975 3.541379 4.579648 1.665507 11.516144 -1.089271 9.818700 5124
Car -1 -1 2.358500 0.000000 218.263900 312.081000 374.000000 1.438097 1.565849 3.663101 -2.920398 1.774380 3.084925 1.603216 5.895400 5105
Car -1 -1 1.914500 175.930600 192.327800 479.120400 374.000000 1.478459 1.624471 4.128703 -2.709499 1.733630 7.902525 1.587168 13.214100 5102
Car -1 -1 -1.240300 871.726700 173.514500 1004.863700 254.254800 1.510804 1.536134 3.399553 7.048183 1.538127 15.352575 -0.804518 7.116400 5083
Car -1 -1 -1.825200 837.957900 183.320700 1122.247400 374.000000 1.524040 1.585522 3.442826 3.295043 1.665485 7.176029 -1.391355 11.137800 5027
