Car -1 -1 1.915400 685.599300 180.356200 724.563900 202.735100 1.461159 1.570703 3.783262 6.619132 2.030137 50.442661 2.089810 4.432000 5255
Car -1 -1 -1.631600 726.642000 181.585300 767.316300 217.863100 1.533938 1.625773 3.949204 6.500098 2.014993 33.542114 -1.029231 2.180200 5251
Car -1 -1 -1.723700 728.847700 181.852500 790.169000 228.204000 1.548390 1.623533 3.950402 5.242358 1.942700 26.544678 -1.515906 7.303500 5246
Car -1 -1 1.797900 600.670300 183.890900 642.842600 212.457200 1.469688 1.577892 3.640977 0.515193 2.167183 40.616321 1.852475 5.486000 5244
Car -1 -1 -1.721200 752.222300 183.503400 836.392300 247.895700 1.514882 1.614709 3.959148 4.713718 1.868372 19.912097 -1.470604 10.304300 5228
Car -1 -1 1.624900 563.724900 183.225500 602.023100 219.519800 1.527937 1.591589 3.818300 -1.594526 2.139542 33.891513 1.621434 5.388400 5222
Car -1 -1 -1.842200 778.310400 185.505600 902.614800 275.648500 1.531106 1.533749 3.111985 4.173599 1.830887 14.398895 -1.527720 10.479000 5199
Car -1 -1 -2.463200 1105.101300 184.269500 1241.000000 374.000000 1.519155 1.607187 3.967746 3.764240 1.629094 2.827817 -1.511564 3.280900 5191
Car -1 -1 1.744600 525.083400 185.053600 584.966900 231.261400 1.514028 1.577937 3.518268 -2.278754 2.008670 26.459872 1.681558 7.340300 5184
Car -1 -1 1.766400 481.889300 185.709900 562.035300 246.406400 1.520575 1.595113 3.843400 -2.754604 1.946793 21.025196 1.663751 14.304100 5179
Car -1 -1 2.020800 165.024000 198.245100 446.786400 362.545500 1.426172 1.573397 3.892188 -3.591814 1.816457 8.913379 1.659735 13.967700 5140
