Car -1 -1 -3.205500 886.807300 158.336700 934.517600 178.239600 1.653919 1.627315 3.771869 26.146446 0.426091 62.971613 -2.807676 0.194500 5292
Car -1 -1 1.969000 313.428500 184.570100 347.605800 201.303100 1.484719 1.610359 4.041930 -26.991469 2.711335 68.297071 1.594919 1.846100 5289
Car -1 -1 -1.638400 755.885100 180.408000 838.587300 253.563800 1.497235 1.619984 4.211366 4.368128 1.713211 17.520498 -1.390650 9.270700 5282
Car -1 -1 1.846500 731.030100 170.177100 765.880500 191.970600 1.539007 1.586167 3.755318 10.249528 1.332372 53.013353 2.051150 3.361600 5281
Car -1 -1 -1.825600 818.680700 168.736700 858.703800 192.426600 1.468094 1.580895 3.718292 14.656983 1.235504 46.377294 -1.470603 1.631400 5279
Car -1 -1 2.048100 257.093500 186.919200 296.119000 204.601800 1.472865 1.602937 3.938642 -30.455477 2.834744 65.438548 1.602779 0.466600 5272
Car -1 -1 -1.893400 912.487100 154.728400 980.261900 196.272900 1.819775 1.716552 3.923038 15.545445 1.030425 33.509969 -1.460720 6.534100 5267
Car -1 -1 1.915400 631.613200 174.158300 704.506400 217.754900 1.605223 1.641117 4.054697 2.359212 1.651536 28.858289 2.002367 13.041900 5255
Car -1 -1 -1.787500 773.346400 180.741400 928.017900 292.784100 1.548155 1.620020 3.854878 3.791770 1.700391 12.227681 -1.483726 13.511500 5251
Car -1 -1 -2.215500 906.962600 195.332500 1241.000000 374.000000 1.516060 1.629640 3.952834 3.568757 1.705298 4.881448 -1.582953 8.397900 5246
Car -1 -1 1.927500 457.968700 178.728000 561.164200 248.228000 1.560818 1.546624 3.350749 -2.512123 1.714991 18.279060 1.798987 12.103200 5244
Car -1 -1 1.889700 251.654900 173.034800 450.291200 308.082800 1.753528 1.676768 4.128884 -3.921308 1.740259 11.464606 1.569022 12.350900 5222
Car -1 -1 2.301100 0.000000 206.488400 238.298200 374.000000 1.441221 1.499985 3.243806 -3.687803 1.681386 3.952319 1.562917 8.907900 5184
