Car -1 -1 -1.260400 764.784000 172.212300 816.476200 201.455900 1.454023 1.580637 3.679011 9.461708 1.418914 37.800068 -1.069626 1.589600 5269
Car -1 -1 -1.911400 869.372500 164.880200 920.541400 193.534700 1.634459 1.650392 3.891241 17.252796 1.198392 44.051178 -1.538608 2.240100 5267
Car -1 -1 -1.482000 812.590100 171.592100 838.232200 191.188500 1.489894 1.600858 3.920142 16.928774 1.395280 57.224178 -1.239268 0.242200 5265
Car -1 -1 1.958700 653.302900 178.526000 707.833600 208.964100 1.567748 1.622013 3.946431 3.832769 1.900055 40.196405 2.062768 10.831800 5255
Car -1 -1 -1.620800 726.677400 182.325700 784.675000 235.618400 1.531238 1.632628 3.963613 4.514643 1.868246 23.568384 -1.428962 8.260600 5251
Car -1 -1 -1.810900 740.300900 183.358200 863.789500 263.729600 1.490368 1.631640 4.156971 3.935123 1.761043 16.067024 -1.560478 13.738600 5246
Car -1 -1 1.897700 542.610400 182.842500 605.960500 221.728000 1.446185 1.540259 3.626364 -1.606010 1.894551 29.821742 1.854064 9.590300 5244
Car -1 -1 -1.931200 818.158300 186.864700 1071.492700 340.912900 1.480346 1.601453 3.810349 3.786523 1.700807 9.317588 -1.526507 14.101800 5228
Car -1 -1 1.720700 473.737000 179.442800 544.783000 239.173600 1.679811 1.667108 4.032961 -3.343275 1.929378 23.070268 1.587389 9.466900 5222
Car -1 -1 -2.332700 991.028400 206.513400 1241.000000 374.000000 1.505294 1.565049 3.768984 3.561835 1.741594 3.774850 -1.554039 5.555100 5199
Car -1 -1 1.819600 396.268900 188.076500 508.251400 271.577100 1.495601 1.541499 3.446132 -3.481496 1.885327 15.548526 1.616712 9.067000 5184
Car -1 -1 1.936000 231.384100 184.910200 453.552200 327.547300 1.534666 1.581236 3.849668 -3.632155 1.756489 10.101366 1.597782 14.459300 5179
