Car -1 -1 2.001900 693.986900 181.762700 738.567200 204.049900 1.465069 1.606503 3.976257 7.580147 2.145099 51.310055 2.161414 3.105100 5255
Car -1 -1 -0.210100 733.443700 185.125200 829.890300 218.387800 1.511784 1.625729 4.100742 7.803363 2.071816 33.568826 -0.337111 2.094700 5251
Car -1 -1 -1.723100 736.555800 181.753800 799.005300 229.695300 1.583972 1.642681 4.015294 5.704522 1.990825 27.076792 -1.502809 5.474800 5246
Car -1 -1 1.852500 612.899000 183.062500 656.022300 211.253500 1.469991 1.555387 3.617316 1.286993 2.137511 41.221776 1.914086 4.178300 5244
Car -1 -1 -1.727300 759.989800 183.986600 840.556500 245.976200 1.501746 1.597895 3.862467 5.070786 1.872404 20.479459 -1.456857 9.704400 5228
Car -1 -1 1.687900 573.808300 188.494000 616.041700 223.323000 1.493371 1.592381 3.848071 -1.007621 2.208607 34.537742 1.676178 3.772800 5222
Car -1 -1 -1.813900 785.423100 186.684700 901.193900 273.526600 1.534837 1.537713 3.134774 4.452853 1.852788 15.020113 -1.499923 12.058200 5199
Car -1 -1 -2.407900 1044.689200 198.498300 1241.000000 374.000000 1.577818 1.614771 4.025260 3.889763 1.757407 3.496854 -1.523642 5.569800 5191
Car -1 -1 1.746000 540.339200 185.451300 598.249200 231.768800 1.533650 1.559550 3.556888 -1.765463 2.022734 27.237695 1.701068 9.004500 5184
Car -1 -1 1.782200 496.488400 186.055300 577.361400 245.135100 1.523124 1.615036 3.909415 -2.349272 1.945712 21.773235 1.690045 13.225100 5179
Car -1 -1 1.981900 219.882800 197.796000 468.813200 348.834000 1.445543 1.591515 3.913204 -3.409768 1.833761 9.660048 1.672089 13.335800 5140
