Car -1 -1 -1.601500 740.611100 178.064200 796.408000 230.449000 1.492886 1.592751 3.961120 4.936110 1.667149 23.022506 -1.393029 5.261700 5282
Car -1 -1 1.627200 740.598300 167.410700 764.062300 186.408700 1.494517 1.627646 4.063477 11.590711 1.051663 58.508340 1.875711 0.962100 5281
Car -1 -1 1.428100 815.423700 164.210400 846.273700 185.458300 1.468963 1.583771 3.822116 15.846845 0.895342 51.916163 1.762613 0.795200 5279
Car -1 -1 -1.178400 289.162200 188.367500 323.539300 205.705600 1.493675 1.577032 3.988409 -28.501127 2.960482 67.890403 -1.582181 0.102400 5272
Car -1 -1 -1.414200 771.926600 166.624300 821.359600 201.458000 1.483360 1.615768 3.757129 8.454391 1.156150 32.290118 -1.168477 2.084900 5269
Car -1 -1 -1.841700 893.668900 159.498000 948.345000 190.144400 1.572296 1.659285 4.022397 16.590536 0.858699 38.676105 -1.447825 5.535600 5267
Car -1 -1 1.951900 646.624400 170.315100 709.579200 207.067100 1.621135 1.633694 4.057549 3.242919 1.521325 34.494958 2.043970 11.069900 5255
Car -1 -1 -1.701600 743.757600 176.344400 831.706300 246.872300 1.530504 1.601740 3.735622 4.180371 1.613797 17.805948 -1.462438 13.630700 5251
Car -1 -1 -1.927500 785.995300 179.355400 1029.217500 317.451300 1.498263 1.653481 4.275057 3.788141 1.633620 10.345589 -1.573270 13.498500 5246
Car -1 -1 1.910700 510.237300 175.582800 591.588400 226.516400 1.520586 1.565378 3.616072 -1.965271 1.634294 23.995486 1.826157 10.103200 5244
Car -1 -1 -2.330500 1008.588300 185.409000 1241.000000 374.000000 1.557717 1.609063 3.966564 3.710388 1.665093 3.577461 -1.527544 7.805200 5228
Car -1 -1 1.782500 403.855100 172.927700 513.956700 255.291600 1.718161 1.694042 4.124384 -3.572724 1.705605 17.194195 1.584279 10.911700 5222
Car -1 -1 1.961500 225.756100 185.031700 443.039900 332.477600 1.537628 1.514452 3.311875 -3.574716 1.735304 9.687401 1.610001 12.634100 5184
Car -1 -1 2.256700 0.000000 196.176200 285.004400 374.000000 1.486200 1.550909 3.722829 -3.646353 1.666680 4.334517 1.567294 9.368200 5179
