Car -1 -1 1.238500 416.983400 182.781600 527.379900 248.565800 1.459029 1.548167 3.900519 -3.646639 1.666219 18.430684 1.063840 7.612500 5155
Car -1 -1 -3.148200 760.624000 167.348300 913.208700 224.159400 1.696190 1.731521 4.448642 7.194124 1.470204 22.921319 -2.845728 10.612600 5152
Car -1 -1 -1.177500 1207.946100 169.021800 1241.000000 240.105000 1.494285 1.531212 3.365134 15.693818 1.400950 15.987175 -0.425230 2.631800 5149
Car -1 -1 1.808900 359.626300 178.472900 485.371700 280.918500 1.649515 1.530182 3.316987 -3.367716 1.731480 13.544543 1.567412 10.282000 5142
Car -1 -1 2.162100 1051.130200 165.436600 1172.651000 209.543600 1.485747 1.610002 3.989332 17.807647 1.186855 25.412255 2.770987 11.314700 5140
Car -1 -1 -1.966200 789.405500 162.303500 830.986300 182.653200 1.465925 1.628490 4.010042 15.354837 0.599916 52.974143 -1.176423 4.772100 5138
Car -1 -1 -1.602000 931.977500 185.251400 1159.640700 374.000000 1.529788 1.586148 3.406622 4.298118 1.684879 7.374574 -1.084449 9.221400 5124
Car -1 -1 2.203300 0.000000 202.689100 348.749000 374.000000 1.426035 1.586637 4.000255 -2.889355 1.637732 3.744279 1.556970 8.857800 5102
Car -1 -1 -1.257400 925.829900 175.822500 1107.607500 290.915400 1.518632 1.544031 3.335006 6.528853 1.541102 11.388380 -0.765097 6.826100 5083
Car -1 -1 -2.218000 985.497200 190.081800 1241.000000 374.000000 1.569367 1.584162 3.770952 3.096894 1.699864 2.973696 -1.412566 9.442200 5027
