Car -1 -1 -1.275200 159.279300 190.386400 194.753400 209.516600 1.449670 1.566323 3.607649 -36.107608 2.957440 60.206703 -1.745560 1.869100 5315
Car -1 -1 -3.218100 863.214600 159.068100 920.979000 181.344000 1.619154 1.671754 3.955923 21.387770 0.614411 54.869747 -2.846397 1.235600 5314
Car -1 -1 1.990500 177.778900 189.098800 224.022000 210.297600 1.500753 1.634271 3.987008 -32.203681 2.897115 57.002461 1.504350 2.786200 5313
Car -1 -1 1.767900 652.265100 173.143600 702.964100 206.467000 1.456114 1.597073 3.806062 3.120055 1.417238 32.922768 1.878255 5.593200 5308
Car -1 -1 -1.576700 800.393500 181.105200 905.872300 281.963600 1.504518 1.570971 3.477600 4.296937 1.662715 12.961480 -1.268682 9.337700 5306
Car -1 -1 -2.170200 1031.973300 145.733400 1165.894700 201.960200 1.757814 1.678862 3.910767 15.838968 0.877408 23.654837 -1.570647 6.844300 5298
Car -1 -1 -1.696800 809.064600 171.619700 902.673100 248.336100 1.630938 1.628192 3.653420 5.739469 1.569600 17.214003 -1.318631 5.285800 5296
Car -1 -1 -1.866200 806.750300 185.927000 1115.241600 374.000000 1.459408 1.646789 4.267366 3.301507 1.639716 7.872739 -1.461250 13.079600 5282
Car -1 -1 1.634000 696.768100 167.559600 727.863600 195.075200 1.547600 1.608659 3.936723 6.284945 1.241099 43.654669 1.789513 2.989700 5281
Car -1 -1 -2.017200 943.490800 144.693200 1056.427800 205.699900 1.886629 1.753192 4.092311 13.215510 1.003637 24.705426 -1.526144 8.709000 5267
Car -1 -1 1.889600 567.437700 170.403400 676.993600 240.726400 1.629758 1.661631 4.089501 0.415707 1.574999 18.948191 1.919879 14.472800 5255
Car -1 -1 -2.336700 959.572500 175.660700 1241.000000 374.000000 1.536317 1.571243 3.814304 3.058730 1.569316 2.315838 -1.545074 8.745300 5251
Car -1 -1 2.112100 99.252300 183.267400 423.510000 371.672900 1.532155 1.564918 3.532117 -3.556577 1.660844 8.004293 1.699425 12.224600 5244
