Car -1 -1 1.913600 300.289500 186.987400 333.170000 203.956500 1.482192 1.616068 4.041464 -27.914530 2.875821 68.831254 1.551369 1.198300 5272
Car -1 -1 -1.472300 771.280600 165.108300 812.659300 196.558000 1.455883 1.595673 3.796189 8.861999 1.028854 34.550087 -1.176235 1.244500 5269
Car -1 -1 -1.864400 885.929600 160.975000 937.751000 190.097500 1.602767 1.644906 3.842892 16.934951 0.910818 40.813697 -1.461958 1.084700 5267
Car -1 -1 1.946900 650.573500 171.857900 709.134200 204.117100 1.539423 1.612746 4.014590 3.545213 1.531055 36.906727 2.047020 10.945300 5255
Car -1 -1 -1.669800 734.855300 175.791400 807.793400 237.502500 1.532189 1.596632 3.856342 4.325469 1.636084 20.270746 -1.453932 11.090500 5251
Car -1 -1 -1.852800 765.968100 177.959000 932.681600 283.173500 1.521361 1.639230 4.076234 3.881669 1.650027 12.777185 -1.555959 13.504100 5246
Car -1 -1 1.891600 528.016500 176.157100 598.459900 219.651900 1.467061 1.545631 3.567959 -1.770981 1.635046 26.527321 1.835523 10.260300 5244
Car -1 -1 -2.097600 896.599400 189.141800 1241.000000 374.000000 1.477044 1.586966 3.786647 3.726225 1.649884 5.970347 -1.522113 11.491900 5228
Car -1 -1 1.744500 441.674600 172.590400 531.236600 243.290500 1.702241 1.679998 4.174709 -3.409419 1.737229 19.734314 1.580846 11.390400 5222
Car -1 -1 1.880700 320.769200 184.307700 478.736800 291.908300 1.507636 1.523365 3.395733 -3.516157 1.724995 12.212788 1.607975 11.792400 5184
Car -1 -1 2.052200 0.000000 189.181700 384.052200 374.000000 1.534462 1.579640 3.665978 -3.630447 1.726098 6.818749 1.579588 13.994500 5179
