Car -1 -1 -1.623300 741.706700 177.234300 803.436400 232.282000 1.502187 1.610057 3.968155 4.866771 1.661746 22.195407 -1.402054 7.426000 5282
Car -1 -1 1.946200 739.718900 166.694700 776.621500 186.156900 1.496814 1.604978 3.920051 11.731053 1.028607 57.583405 2.046087 0.415600 5281
Car -1 -1 -1.631500 824.641100 167.125200 851.949900 188.906200 1.475536 1.593707 3.921908 16.004856 1.040337 51.157395 -1.346058 0.511100 5279
Car -1 -1 -1.178400 289.162200 188.367500 323.539300 205.705600 1.493675 1.577032 3.988409 -28.660398 2.943155 67.670646 -1.582181 0.102400 5272
Car -1 -1 -1.857000 895.994100 154.180500 953.294900 190.253000 1.714814 1.691949 3.977341 16.477545 0.850826 37.981249 -1.448189 6.146200 5267
Car -1 -1 1.951400 643.320500 171.526800 709.247500 208.675900 1.619012 1.653475 4.063390 3.104117 1.537249 33.646892 2.043865 12.933900 5255
Car -1 -1 -1.697900 748.658900 176.688800 840.379700 251.716400 1.538103 1.601097 3.690863 4.129307 1.627015 16.973475 -1.459077 13.849900 5251
Car -1 -1 -1.946300 797.212200 180.403000 1061.047400 328.524300 1.494268 1.654853 4.217730 3.759909 1.618945 9.573530 -1.570384 13.084400 5246
Car -1 -1 1.919100 504.220700 174.819200 589.667700 229.086000 1.559407 1.581213 3.610218 -2.030234 1.642150 23.161885 1.830942 10.341900 5244
Car -1 -1 -2.330500 1008.588300 185.409000 1241.000000 374.000000 1.557717 1.609063 3.966564 3.610632 1.663641 2.825443 -1.527544 7.805200 5228
Car -1 -1 1.791500 390.522200 171.080600 505.746500 260.069300 1.745132 1.686785 4.052640 -3.621943 1.716761 16.336845 1.579904 12.230400 5222
Car -1 -1 1.969300 188.255700 186.407000 425.550600 341.700600 1.514125 1.524061 3.221287 -3.592094 1.708385 8.872101 1.598381 13.234900 5184
Car -1 -1 2.371400 0.000000 190.924000 236.798100 374.000000 1.514630 1.563326 3.872684 -3.679869 1.665950 3.485025 1.562168 9.448800 5179
