Car -1 -1 -1.211300 296.539800 187.325000 329.080100 204.384700 1.487328 1.586540 3.978744 -28.120256 2.877157 68.491759 -1.597318 1.060100 5272
Car -1 -1 -1.434500 771.748100 166.423700 817.563800 199.421700 1.453335 1.595107 3.696058 8.661686 1.133935 33.748109 -1.181769 3.432000 5269
Car -1 -1 -1.879500 885.717700 159.250700 940.584400 190.109100 1.618362 1.660291 3.933377 16.787916 0.891818 40.085907 -1.475643 2.863700 5267
Car -1 -1 1.945300 647.897100 173.042500 709.621500 205.102800 1.517283 1.639602 4.123432 3.433323 1.507444 36.119477 2.043361 11.639200 5255
Car -1 -1 -1.682200 737.453600 175.232300 814.739600 240.034600 1.545792 1.594635 3.752054 4.266905 1.621231 19.415989 -1.459722 12.522200 5251
Car -1 -1 -1.893800 769.760300 179.321900 959.176100 290.819200 1.494809 1.631362 4.119290 3.831052 1.617783 11.933910 -1.570261 13.001900 5246
Car -1 -1 1.890100 523.231500 177.742400 596.534900 221.542400 1.433217 1.544190 3.588627 -1.823026 1.606669 25.673731 1.827227 10.566000 5244
Car -1 -1 -2.168100 925.443300 187.852700 1241.000000 374.000000 1.520836 1.612388 3.842179 3.715486 1.678614 5.154577 -1.527976 10.257000 5228
Car -1 -1 1.760100 431.461500 171.830600 525.608200 246.288300 1.721437 1.676229 4.089538 -3.451548 1.716534 18.879323 1.582857 10.777700 5222
Car -1 -1 1.906200 302.596600 187.297300 468.903700 297.847200 1.458542 1.517701 3.268954 -3.520794 1.699099 11.410288 1.612317 11.744100 5184
Car -1 -1 2.108100 0.000000 186.979900 362.332900 374.000000 1.532508 1.578379 3.711788 -3.635044 1.699263 6.019751 1.575702 12.504700 5179
