Car -1 -1 -0.887100 1000.691900 170.399400 1106.038300 213.823700 1.498306 1.567989 3.344131 16.196633 1.427416 26.440015 -0.324317 8.662900 5149
Car -1 -1 1.720100 490.038800 183.622900 552.473100 234.894400 1.563711 1.577531 3.612634 -2.990969 1.946810 24.561878 1.593833 5.912400 5142
Car -1 -1 2.297600 942.860200 165.725200 1030.925500 198.585400 1.558155 1.616939 4.000679 18.692561 1.202169 35.814053 2.776693 8.344700 5140
Car -1 -1 -0.222700 509.406000 173.185500 571.245600 193.292900 1.510757 1.660327 4.476796 -5.428561 1.527405 55.543587 -0.321007 8.221300 5138
Car -1 -1 -0.716200 1054.873100 170.305300 1241.000000 349.789900 1.426990 1.640453 4.278617 6.770923 1.382039 6.659498 0.051191 6.943300 5134
Car -1 -1 -1.284100 737.032500 179.291000 840.158800 248.212800 1.516293 1.569593 3.679427 4.593561 1.685286 18.299523 -1.054027 6.487500 5124
Car -1 -1 1.932000 264.132300 199.186600 477.181400 339.494500 1.398689 1.503605 3.554643 -2.996330 1.809730 9.636596 1.626392 12.676800 5105
Car -1 -1 1.779200 402.993500 188.731800 526.681300 278.257800 1.465005 1.619953 3.951138 -2.804377 1.822753 14.505083 1.585998 12.375400 5102
Car -1 -1 2.414800 0.000000 184.259900 247.862100 374.000000 1.642139 1.609438 3.706352 -3.539107 1.741925 3.433714 1.607429 5.964400 5092
Car -1 -1 -1.092100 789.941600 175.978500 890.129700 230.600600 1.524932 1.536283 3.314869 7.017284 1.603851 22.062785 -0.795979 11.304800 5083
Car -1 -1 -1.615400 738.810900 184.389100 836.390900 276.486100 1.495024 1.599271 3.594702 3.266920 1.718247 13.950758 -1.390469 12.160500 5027
