Car -1 -1 1.046100 1073.338100 151.185600 1135.133500 173.943700 1.479643 1.616680 4.054626 33.393261 0.101842 48.408673 1.697797 0.660500 5157
Car -1 -1 -1.496800 1018.740000 147.328600 1048.107100 168.887900 1.518349 1.581546 4.311589 31.862275 -0.270689 53.009655 -0.914846 1.519000 5156
Car -1 -1 1.281800 495.440800 182.788400 567.943400 229.329800 1.479439 1.530746 3.901550 -2.915152 1.832144 25.807150 1.182219 6.165200 5155
Car -1 -1 2.120800 1057.143200 155.360200 1104.346000 173.434000 1.469693 1.611120 3.861040 39.066290 0.024190 59.873920 2.736857 0.028500 5154
Car -1 -1 -3.088900 753.388000 166.801900 863.387500 211.458000 1.744329 1.702123 4.262342 8.188366 1.511891 29.815764 -2.825596 7.150600 5152
Car -1 -1 -0.981000 1067.571400 166.410400 1199.294800 214.036400 1.428817 1.571252 3.556717 16.323851 1.192644 22.589346 -0.354995 7.011700 5149
Car -1 -1 1.727600 474.439300 180.393700 546.716400 241.610200 1.586067 1.548036 3.434687 -2.821640 1.803991 20.801185 1.596728 8.354400 5142
Car -1 -1 2.267800 985.758900 161.071100 1086.222300 198.633500 1.566821 1.619872 4.014263 18.816089 1.051758 31.903329 2.802166 9.611100 5140
Car -1 -1 -0.358700 614.866100 167.058500 677.983300 187.620300 1.518972 1.673824 4.487849 2.749076 1.065725 54.320926 -0.308236 6.583000 5138
Car -1 -1 -1.337800 775.366000 178.632300 899.300400 268.715000 1.539135 1.575684 3.597577 4.630124 1.644192 14.460928 -1.037854 6.187100 5124
Car -1 -1 2.089800 0.000000 204.484400 420.815000 374.000000 1.384636 1.522259 3.519362 -2.932035 1.742141 5.976211 1.629315 10.998000 5105
Car -1 -1 1.835600 317.403500 190.753600 507.180200 320.312400 1.465397 1.626755 4.143438 -2.738132 1.773539 10.839542 1.587765 12.347300 5102
Car -1 -1 -1.147600 832.807700 174.847000 949.693300 238.023200 1.478248 1.550880 3.390978 7.146565 1.497794 18.352695 -0.781626 11.819400 5083
Car -1 -1 -1.698400 783.858500 181.558200 937.345600 316.773300 1.494694 1.559136 3.488276 3.285133 1.640607 10.108982 -1.390889 12.129500 5027
