Car -1 -1 -1.413900 565.162400 175.983600 587.547200 192.015000 1.467011 1.589154 3.826497 -3.163335 1.766660 68.077802 -1.474637 0.292400 5159
Car -1 -1 -0.560000 1115.537900 151.143100 1195.536200 174.564800 1.467623 1.603326 3.871586 35.022718 0.125873 45.038939 -0.332085 1.859500 5157
Car -1 -1 -3.076900 1027.086500 150.125600 1095.964800 173.115400 1.547666 1.617187 4.092756 31.841353 0.119363 49.507505 -2.939030 0.398300 5156
Car -1 -1 1.220800 483.730800 182.604300 568.751700 232.991500 1.482610 1.557118 3.965022 -2.943590 1.836173 24.286031 1.125544 6.320300 5155
Car -1 -1 -2.216300 1051.681400 153.781600 1101.505600 171.898600 1.463702 1.595471 3.758295 39.857295 -0.129175 59.680674 -1.170232 0.493600 5154
Car -1 -1 -3.078200 756.708200 167.309900 875.123000 212.741400 1.712911 1.715152 4.320798 8.074900 1.495175 28.353024 -2.807821 10.012400 5152
Car -1 -1 -1.041400 1100.300400 168.778000 1234.149300 223.573900 1.494371 1.582995 3.471260 16.291152 1.335645 21.161798 -0.378872 9.008100 5149
Car -1 -1 1.763200 460.692000 180.360300 543.702300 246.650100 1.577290 1.554678 3.450253 -2.814428 1.808219 19.310122 1.608364 9.613900 5142
Car -1 -1 2.247100 1003.224800 162.800800 1108.842800 202.255500 1.558440 1.629511 4.048140 18.812220 1.135553 30.423057 2.804097 10.076000 5140
Car -1 -1 -0.417100 655.044400 167.169300 719.570500 187.502300 1.482525 1.696597 4.521413 5.809363 1.044909 53.787077 -0.310086 6.283400 5138
Car -1 -1 -1.390700 800.349800 180.669400 926.623200 281.477000 1.531750 1.564196 3.467308 4.614915 1.671331 12.959878 -1.052132 7.809800 5124
Car -1 -1 2.168000 0.000000 220.269500 374.476000 374.000000 1.384320 1.519360 3.514348 -2.896432 1.788303 4.510434 1.608941 7.703300 5105
Car -1 -1 1.875400 266.080100 189.812400 493.009700 345.956400 1.481946 1.617309 4.015615 -2.723108 1.772095 9.347326 1.593700 12.813600 5102
Car -1 -1 -1.191400 851.379200 174.043500 976.488600 244.738600 1.485438 1.531172 3.382722 7.143940 1.501148 16.830920 -0.792357 7.567700 5083
Car -1 -1 -1.748600 809.483400 185.226700 1017.838600 352.334200 1.507129 1.588074 3.533580 3.324233 1.671407 8.646252 -1.382564 11.154500 5027
