Car -1 -1 1.340200 466.006300 174.285100 550.326300 230.733600 1.491762 1.559196 4.055272 -3.111413 1.576366 21.366422 1.185173 4.994400 5155
Car -1 -1 -3.111500 770.403000 159.925700 900.159500 211.437000 1.700547 1.688991 4.316458 7.932821 1.299845 25.498870 -2.812485 10.574300 5152
Car -1 -1 -1.147700 1167.951700 162.791000 1241.000000 225.624200 1.494857 1.562905 3.244344 16.086904 1.276017 18.400886 -0.421309 6.688900 5149
Car -1 -1 1.770100 426.977800 171.241400 523.858700 251.732500 1.630293 1.542542 3.335228 -2.970111 1.621766 16.432671 1.593842 10.903200 5142
Car -1 -1 2.219700 1037.552100 158.523800 1147.748300 200.537000 1.536428 1.591697 3.819422 18.565277 1.044033 27.668262 2.803543 9.128800 5140
Car -1 -1 -0.517300 735.021300 158.642700 797.587300 179.216500 1.479936 1.651438 4.229877 11.526576 0.488497 52.894741 -0.313904 5.405500 5138
Car -1 -1 -1.442000 854.351600 179.864400 1011.849700 313.197700 1.475350 1.558488 3.438060 4.561543 1.606414 10.046206 -1.033474 9.005300 5124
Car -1 -1 2.427400 0.000000 231.384000 264.212300 374.000000 1.454415 1.564645 3.651852 -2.859815 1.795433 1.659337 1.576507 2.845500 5105
Car -1 -1 1.986500 31.877300 189.766400 447.796600 374.000000 1.421297 1.625305 4.135453 -2.776034 1.625030 6.483005 1.581723 12.862000 5102
Car -1 -1 -1.253300 898.720100 167.229200 1034.140200 249.805100 1.437275 1.464885 3.177427 6.963772 1.353262 13.962885 -0.798783 8.788200 5083
Car -1 -1 -1.896600 877.997200 180.168400 1241.000000 374.000000 1.554099 1.573971 3.408130 3.206357 1.658856 5.700150 -1.387776 12.394100 5027
