Car -1 -1 1.810200 664.969400 167.472500 716.692000 199.672700 1.478866 1.596410 3.843490 3.940100 1.226848 35.076165 1.917929 6.319300 5308
Car -1 -1 -1.549200 788.190800 176.267600 876.437500 259.121500 1.507710 1.588491 3.594118 4.662992 1.584594 15.267941 -1.273438 7.191400 5306
Car -1 -1 -2.127800 1022.185300 138.991800 1140.316900 197.002100 1.792551 1.682185 3.883710 16.428503 0.805711 25.503388 -1.550122 7.945300 5298
Car -1 -1 -1.494300 803.335200 165.066700 878.066500 232.538600 1.611655 1.625143 3.737843 6.282679 1.440207 19.545625 -1.191766 3.616500 5296
Car -1 -1 -1.775300 790.635000 181.854300 982.992300 315.926500 1.431839 1.599888 4.047845 3.495765 1.585630 10.008229 -1.442257 13.603400 5282
Car -1 -1 1.661300 709.358800 166.117400 740.699700 191.724600 1.534632 1.617185 3.879391 7.334785 1.098623 45.823644 1.822909 0.449900 5281
Car -1 -1 -2.069400 935.641800 144.631400 1038.152700 200.526400 1.892881 1.731477 3.849871 13.752254 0.925792 26.616618 -1.560921 7.800400 5267
Car -1 -1 1.906400 588.609100 172.517200 688.279200 230.262100 1.551683 1.652488 4.145631 0.899150 1.508002 21.221629 1.949828 14.787500 5255
Car -1 -1 -2.154100 888.495000 188.185600 1241.000000 374.000000 1.554891 1.614250 3.790456 3.243807 1.690151 4.630525 -1.541148 10.813900 5251
Car -1 -1 2.037200 253.687900 178.289800 477.573800 310.226500 1.530460 1.569549 3.483510 -3.315689 1.606960 10.351502 1.731986 11.442900 5244
Car -1 -1 2.353800 0.000000 106.298400 157.880700 374.000000 1.819782 1.676128 4.121032 -4.299840 1.700340 3.477145 1.487860 7.187200 5222
