Car -1 -1 -1.477300 790.969800 167.187500 848.526100 215.472300 1.525223 1.588902 3.602453 7.325833 1.368991 25.176500 -1.177853 3.421600 5296
Car -1 -1 -3.222800 892.643300 157.943500 945.277500 177.137100 1.627730 1.658310 3.933656 26.183609 0.382556 61.371496 -2.814808 1.170300 5292
Car -1 -1 -1.637400 762.347800 178.561400 854.236000 257.718500 1.485584 1.634768 4.186248 4.206879 1.648569 15.993429 -1.382834 10.296900 5282
Car -1 -1 1.634700 730.235700 165.167300 756.829100 186.797900 1.500893 1.620635 3.978062 9.553984 1.057937 51.552630 1.844074 0.046000 5281
Car -1 -1 -1.640500 828.051900 165.515900 859.325000 190.183800 1.468325 1.584034 3.819932 14.415288 1.111963 44.936288 -1.344552 0.762000 5279
Car -1 -1 -1.164800 249.068100 189.061100 284.567300 206.848900 1.470068 1.570203 3.748302 -31.039102 2.927455 64.593103 -1.589167 0.937900 5272
Car -1 -1 -1.956600 914.704500 151.225000 993.891500 194.644700 1.800984 1.727717 4.053803 15.171637 0.926171 32.036348 -1.499995 6.453700 5267
Car -1 -1 1.906400 625.342900 169.111600 702.676600 218.205800 1.664237 1.657553 4.079658 2.074712 1.575665 27.276852 1.990663 13.241000 5255
Car -1 -1 -1.831400 785.937000 178.569200 974.023400 308.799000 1.540080 1.613859 3.794592 3.682536 1.650730 10.672379 -1.496524 13.312600 5251
Car -1 -1 -2.377000 973.488900 193.223800 1241.000000 374.000000 1.557151 1.607589 4.127271 3.396318 1.706267 3.191086 -1.566938 6.938100 5246
Car -1 -1 1.951500 429.684400 176.629100 551.991900 251.502300 1.536920 1.558102 3.544130 -2.683656 1.642480 16.641628 1.792437 11.090000 5244
Car -1 -1 1.941600 173.174300 173.205700 419.287900 331.506500 1.703153 1.643190 3.984570 -4.000864 1.700330 9.778956 1.562089 11.189100 5222
Car -1 -1 2.489600 0.000000 190.155200 182.622600 374.000000 1.470256 1.534233 3.485577 -3.825326 1.619876 2.247521 1.582993 6.988800 5184
