Car -1 -1 1.720300 494.750200 181.933100 552.541800 228.216300 1.543265 1.576321 3.542165 -3.112496 1.846600 26.096714 1.586296 5.980000 5142
Car -1 -1 2.317500 923.776100 163.800200 1009.669000 195.816700 1.575474 1.633109 4.070005 18.470299 1.076188 37.363865 2.773795 10.451600 5140
Car -1 -1 -0.150600 464.689300 171.290500 526.374200 192.288200 1.567557 1.691453 4.499331 -8.898868 1.442286 56.043075 -0.316882 5.069200 5138
Car -1 -1 -0.596100 983.982500 165.404700 1241.000000 314.612600 1.440706 1.631140 4.358016 6.791398 1.352449 8.076845 0.091041 9.355400 5134
Car -1 -1 -1.284500 725.621200 177.163200 821.459100 238.311800 1.487057 1.573214 3.697713 4.547644 1.589874 19.823896 -1.065026 6.237800 5124
Car -1 -1 1.881600 318.966200 194.735300 488.441500 309.019100 1.393062 1.513569 3.457770 -3.043009 1.765510 11.143515 1.608489 12.204900 5105
Car -1 -1 1.753200 425.916500 183.134100 529.062700 262.244700 1.488586 1.597068 3.846837 -2.869612 1.748792 16.072965 1.575880 12.484700 5102
Car -1 -1 2.228700 0.000000 186.894000 329.964200 374.000000 1.582263 1.588143 3.622580 -3.531058 1.728017 4.976234 1.615727 7.092300 5092
Car -1 -1 -1.098000 774.306800 172.620000 866.442800 225.049100 1.576190 1.529441 3.359628 6.882455 1.523968 23.608979 -0.812722 8.476100 5083
Car -1 -1 -1.606100 719.901900 179.265100 806.308200 262.274700 1.517921 1.605663 3.607243 3.157576 1.669051 15.524167 -1.404613 12.156500 5027
Car -1 -1 0.727100 1134.335000 126.574600 1241.000000 374.000000 1.614280 1.674844 4.306195 5.247035 1.483568 4.068151 1.625091 5.036900 5002
