Car -1 -1 1.786400 442.558500 182.732600 536.547100 254.937300 1.550394 1.563009 3.521400 -2.892181 1.834032 17.736084 1.624318 6.246800 5334
Car -1 -1 2.164700 847.207600 168.497300 936.670800 210.618200 1.489178 1.526103 3.490057 10.777574 1.390251 27.694392 2.549069 9.068400 5324
Car -1 -1 -1.665600 702.616800 176.776300 752.755600 218.228100 1.538378 1.636368 3.771271 4.613151 1.747319 29.143761 -1.508950 9.830900 5319
Car -1 -1 1.674700 583.016400 168.067200 624.346800 207.389100 2.034653 1.821344 4.620574 -1.041590 1.837911 39.854545 1.668293 4.104500 5317
Car -1 -1 -3.291200 744.858700 168.310800 809.432200 192.779800 1.569294 1.615301 3.933311 11.012780 1.332130 47.946155 -3.052087 3.644600 5314
Car -1 -1 1.778200 493.598900 180.025100 569.173800 234.211000 1.516591 1.605595 3.913225 -2.433824 1.788590 22.890394 1.683466 8.378200 5308
Car -1 -1 -2.145400 889.160200 203.049500 1241.000000 374.000000 1.425935 1.496563 3.417356 2.545621 1.662039 3.441902 -1.485122 9.196200 5306
Car -1 -1 -2.387400 1037.994500 141.582500 1241.000000 238.876900 1.869941 1.697180 3.805993 11.789720 1.298947 16.206975 -1.756581 8.796700 5298
Car -1 -1 -1.902100 794.449600 182.673200 1073.640600 374.000000 1.587754 1.584887 3.572473 3.116602 1.727008 7.920225 -1.510869 12.362500 5296
Car -1 -1 1.757500 553.497000 177.077800 601.965000 212.733100 1.563744 1.592638 3.764186 -1.452245 1.782080 34.073421 1.725886 7.602700 5281
Car -1 -1 -2.229600 917.005800 145.764200 1106.087400 237.383700 1.841680 1.712111 3.966043 8.967496 1.321139 16.609633 -1.721140 7.996100 5267
Car -1 -1 1.994200 238.342300 178.641700 529.152200 369.423200 1.633905 1.654900 4.113802 -2.392316 1.760443 8.628145 1.734127 13.231500 5255
