Car -1 -1 -3.292800 723.982200 158.950700 795.310600 182.932200 1.560884 1.677006 4.294686 9.882906 0.553774 47.666931 -3.087818 1.883600 5342
Car -1 -1 1.824600 358.883600 183.275400 487.415300 272.418800 1.502304 1.576647 3.739791 -3.667274 1.716384 14.346927 1.586301 11.408200 5334
Car -1 -1 2.146000 842.051700 164.659600 934.724100 211.328800 1.517463 1.521663 3.247599 9.465938 1.256837 24.935586 2.524723 11.372600 5324
Car -1 -1 -1.674600 680.114400 173.994800 736.980800 220.430400 1.535174 1.623860 3.799682 3.307230 1.580400 26.039358 -1.540383 12.225100 5319
Car -1 -1 -3.275400 724.173300 164.156000 794.228500 191.096500 1.617128 1.646877 4.066439 9.064372 1.104490 45.219736 -3.073116 5.827700 5314
Car -1 -1 1.815600 433.951100 179.489300 528.223900 240.402900 1.450172 1.586090 3.910676 -3.505865 1.653533 19.614565 1.648075 11.183300 5308
Car -1 -1 -2.513100 1088.777900 128.326800 1241.000000 242.416400 1.856691 1.677527 3.657565 11.086319 1.113095 13.456693 -1.816014 4.996500 5298
Car -1 -1 -2.100400 835.218900 178.977200 1241.000000 374.000000 1.551869 1.552915 3.523408 2.750620 1.607288 4.876705 -1.566277 11.328300 5296
Car -1 -1 1.785500 512.798500 171.951100 568.506200 212.613900 1.585994 1.577325 3.689353 -3.019806 1.570538 30.662650 1.687099 8.561900 5281
Car -1 -1 -2.290700 939.397900 134.517600 1190.834800 242.562800 1.744887 1.712280 4.088769 8.237396 1.104743 13.831560 -1.744708 10.084700 5267
Car -1 -1 2.142100 0.000000 179.866700 447.688500 374.000000 1.554459 1.626558 4.020600 -2.768103 1.651040 5.397540 1.682323 13.043600 5255
