Car -1 -1 -2.411900 1137.032800 134.457700 1241.000000 209.810500 1.848534 1.670043 3.764111 16.672958 0.910549 19.652731 -1.696809 2.604300 5325
Car -1 -1 2.199000 895.470400 158.365900 982.207000 197.888900 1.620526 1.588200 3.632747 14.423438 1.048146 31.725360 2.634427 6.939100 5324
Car -1 -1 -1.631600 770.498700 168.304900 811.719500 202.332800 1.518882 1.628807 3.958668 8.407588 1.295686 33.970714 -1.427079 5.976800 5319
Car -1 -1 1.704700 658.448500 157.740500 695.450400 188.514700 1.794623 1.721849 4.327987 4.148155 1.016097 44.918670 1.809459 1.957900 5317
Car -1 -1 -3.250900 818.453900 158.316800 879.690300 182.214700 1.628318 1.640387 3.947162 17.131191 0.630651 51.666482 -2.911956 3.592800 5314
Car -1 -1 -1.202800 82.020200 192.102300 130.719000 215.101400 1.470288 1.581681 3.833123 -36.599010 2.861423 50.453389 -1.728459 1.921800 5313
Car -1 -1 1.756700 596.976500 172.279400 653.487700 211.628100 1.438976 1.572638 3.773273 0.704018 1.409376 28.449876 1.788738 5.464100 5308
Car -1 -1 -1.753200 814.402100 186.648800 1009.911400 343.540900 1.435571 1.504779 3.282641 3.334194 1.613204 8.589225 -1.372804 10.991900 5306
Car -1 -1 -2.266500 1030.218000 137.016100 1200.132300 208.812400 1.828354 1.712579 3.933848 14.042271 0.915356 20.258325 -1.654324 11.668100 5298
Car -1 -1 -1.746800 802.005300 170.411400 931.719200 271.337000 1.576665 1.579242 3.538571 4.462727 1.562051 13.062427 -1.409823 11.183500 5296
Car -1 -1 -2.206600 886.860500 196.483100 1241.000000 374.000000 1.447675 1.606623 3.915392 2.777709 1.631669 3.482489 -1.527800 12.457200 5282
Car -1 -1 1.808300 651.380200 166.552300 694.178300 195.013600 1.529485 1.584056 3.677713 3.235545 1.193102 39.484411 1.920001 5.166800 5281
Car -1 -1 -2.109500 936.056500 142.481400 1074.736700 213.016200 1.873655 1.724063 4.027416 11.350015 1.065404 20.972931 -1.599798 7.948800 5267
Car -1 -1 1.920600 481.699100 173.401000 629.998200 269.058100 1.591063 1.631798 4.133665 -0.907910 1.613837 14.315614 1.863615 14.046800 5255
Car -1 -1 2.449800 0.000000 194.717700 171.059700 374.000000 1.518916 1.546199 3.708237 -3.954139 1.663834 3.182219 1.584002 5.641200 5244
