Car -1 -1 1.729700 429.492100 160.675400 525.011700 242.973500 1.798536 1.683129 3.991348 -3.184778 1.534062 17.746751 1.564462 7.736700 5395
Car -1 -1 2.145400 892.487200 156.791600 1035.378500 220.579000 1.481682 1.537573 3.687323 9.111900 1.140011 18.558735 2.597352 9.141100 5390
Car -1 -1 1.985700 1030.318300 151.511700 1241.000000 251.391700 1.530885 1.612595 4.033714 9.444265 1.216657 12.805243 2.618544 11.335900 5389
Car -1 -1 1.726100 477.360400 174.010900 546.301800 224.297800 1.501153 1.608009 3.913849 -3.083125 1.539265 23.348866 1.595680 9.884700 5388
Car -1 -1 2.072300 942.441000 150.307200 1112.068100 235.716300 1.633362 1.575498 3.688879 9.090466 1.251146 15.645302 2.598569 11.500100 5383
Car -1 -1 -3.456500 799.296600 148.900600 955.885900 210.486100 1.756300 1.684410 4.002484 7.924999 1.115219 21.523252 -3.106523 7.939100 5374
Car -1 -1 -1.897300 788.139000 185.728300 1057.593100 353.883500 1.375936 1.553945 3.606459 3.130247 1.569197 8.015394 -1.529559 13.799600 5369
Car -1 -1 1.884300 1149.431300 144.467900 1241.000000 282.192100 1.545293 1.529936 3.646914 9.113931 1.215319 9.730624 2.629805 6.989400 5365
Car -1 -1 1.873100 306.297800 142.200500 491.804100 283.898600 2.034087 1.786659 4.411512 -3.360100 1.607766 12.400531 1.609204 8.815900 5353
Car -1 -1 2.107000 0.000000 177.138600 404.718200 374.000000 1.500354 1.578600 3.770032 -3.411331 1.582514 6.827986 1.645238 13.178300 5281
