Car -1 -1 -2.421600 1143.679200 135.186800 1241.000000 210.461400 1.795814 1.696085 3.846177 16.413039 0.891532 18.966832 -1.703476 5.089300 5325
Car -1 -1 2.199300 891.376400 159.318400 974.621400 199.728500 1.644583 1.565241 3.519592 13.927199 1.105576 31.163934 2.625127 7.071500 5324
Car -1 -1 -1.646800 761.152700 168.796400 804.007800 203.598000 1.510797 1.623797 3.883102 7.870064 1.320532 33.277828 -1.419490 7.171400 5319
Car -1 -1 1.704700 658.448500 157.740500 695.450400 188.514700 1.794623 1.721849 4.327987 3.505211 1.039344 44.226723 1.809459 1.957900 5317
Car -1 -1 -3.186900 807.265300 158.992300 869.722000 182.954800 1.646292 1.645463 4.074933 16.247636 0.686735 51.198658 -2.893257 2.730200 5314
Car -1 -1 1.748800 585.483700 171.867700 644.410600 212.358000 1.437013 1.579598 3.881693 0.268330 1.408094 27.683251 1.768999 7.377200 5308
Car -1 -1 -1.777700 818.036200 179.250400 1054.081700 360.026500 1.470446 1.549043 3.354740 3.209305 1.590264 7.877631 -1.383926 10.999100 5306
Car -1 -1 -2.285500 1032.941000 139.762300 1207.027000 214.403500 1.828877 1.713519 3.929307 13.716430 0.984521 19.698662 -1.669884 9.080000 5298
Car -1 -1 -1.743400 800.470800 171.622700 937.928000 279.583500 1.569270 1.572665 3.549095 4.228428 1.556736 12.337569 -1.413146 10.031700 5296
Car -1 -1 -2.338600 906.725800 185.449700 1241.000000 374.000000 1.525192 1.606732 4.060944 2.686484 1.647961 2.710590 -1.544858 8.091100 5282
Car -1 -1 1.686400 630.555300 168.853600 667.918700 198.820800 1.521970 1.574030 3.751584 2.279107 1.288870 38.615967 1.790475 3.657300 5281
Car -1 -1 -2.105400 932.102700 142.420300 1075.972800 217.106900 1.891235 1.737559 4.019804 10.981396 1.107468 20.381313 -1.609008 9.161300 5267
Car -1 -1 1.932000 462.975600 168.465000 618.896700 273.293500 1.634163 1.618079 3.987398 -1.139900 1.599919 13.530814 1.852666 13.594200 5255
Car -1 -1 2.449800 0.000000 194.717700 171.059700 374.000000 1.518916 1.546199 3.708237 -4.033173 1.664883 2.385513 1.584002 5.641200 5244
