Car -1 -1 1.695000 518.427600 182.385800 572.457900 225.213600 1.503283 1.605363 4.000237 -2.473447 1.898708 28.037459 1.595506 8.371300 5388
Car -1 -1 2.136300 891.757200 163.181100 1018.387700 217.963200 1.411168 1.517115 3.566516 9.615555 1.178109 20.147441 2.588657 8.122300 5383
Car -1 -1 -0.173400 725.403200 173.396300 792.642400 195.509100 1.512326 1.642343 4.364896 10.356465 1.534960 50.440390 0.079923 6.103800 5376
Car -1 -1 -3.413500 784.941800 163.110200 908.899300 213.867400 1.725710 1.671056 3.968730 8.444429 1.394857 25.955436 -3.102568 9.119500 5374
Car -1 -1 -1.764100 748.434800 188.468600 888.111600 291.569000 1.452175 1.584645 3.797827 3.408905 1.746289 12.602261 -1.504981 11.936600 5369
Car -1 -1 2.064000 998.284800 159.871600 1193.742900 250.895300 1.612864 1.574249 3.713814 9.548399 1.366566 14.226418 2.649590 7.530600 5365
Car -1 -1 1.927700 1093.318900 153.809800 1241.000000 268.762500 1.565510 1.533767 3.459280 9.346135 1.316614 11.382213 2.616003 10.565500 5355
Car -1 -1 1.813700 415.550300 162.115200 537.715400 263.456200 2.054558 1.800649 4.470757 -3.020401 1.838268 17.026662 1.641626 7.379100 5353
Car -1 -1 -1.951700 807.858700 184.242500 1190.670900 374.000000 1.513188 1.633648 3.961601 3.060697 1.633909 6.790251 -1.523978 13.790100 5319
Car -1 -1 1.932900 301.554700 186.202400 490.938000 306.318300 1.514754 1.593405 3.839885 -3.243185 1.761868 11.485433 1.661435 12.764500 5281
