Car -1 -1 -3.274200 717.819100 164.001300 788.116100 189.609800 1.604028 1.666111 4.296675 9.299604 0.937018 46.912954 -3.083104 1.314400 5342
Car -1 -1 1.842000 332.021800 182.938400 474.693100 281.573100 1.520039 1.571797 3.802403 -3.785851 1.733304 13.512506 1.577771 10.342100 5334
Car -1 -1 2.135100 842.740300 165.511200 941.560300 214.643200 1.529785 1.524158 3.318055 9.299788 1.297097 24.230620 2.513893 11.943400 5324
Car -1 -1 -1.679500 675.422900 174.799800 734.666400 223.469800 1.551877 1.627408 3.815515 3.082454 1.621513 25.272795 -1.548366 11.806000 5319
Car -1 -1 -3.291300 717.462100 166.289500 788.675300 192.260900 1.585158 1.641205 4.085389 8.609010 1.157131 44.477986 -3.088001 5.129000 5314
Car -1 -1 1.816100 421.759600 181.164800 519.994000 248.069500 1.488075 1.591164 3.927254 -3.653329 1.722266 18.815969 1.636842 9.653300 5308
Car -1 -1 -2.513100 1088.777900 128.326800 1241.000000 242.416400 1.856691 1.677527 3.657565 10.841181 1.118469 12.831727 -1.816014 4.996500 5298
Car -1 -1 -2.163700 865.229300 186.783400 1241.000000 374.000000 1.526301 1.571323 3.532921 2.711463 1.618711 4.067344 -1.563016 10.784600 5296
Car -1 -1 1.756600 508.275200 174.658500 560.620900 215.238200 1.575862 1.550054 3.582524 -3.241839 1.626589 29.884283 1.665963 9.815200 5281
Car -1 -1 -2.309700 954.017100 137.466500 1218.293900 253.944800 1.753609 1.701415 4.025934 8.126513 1.181711 13.062315 -1.746186 10.886900 5267
Car -1 -1 2.206400 0.000000 184.968200 424.878800 374.000000 1.565671 1.625348 4.007436 -2.790627 1.672587 4.567200 1.673471 11.110500 5255
