Car -1 -1 2.273400 801.628400 168.427900 897.057600 212.402300 1.608826 1.559766 3.643371 9.161256 1.432453 27.682358 2.607783 7.687100 5355
Car -1 -1 2.357200 778.083000 169.052700 868.445600 209.974100 1.633011 1.566618 3.596237 8.941695 1.504304 30.509045 2.623961 6.346500 5354
Car -1 -1 1.724300 506.198600 168.441500 560.065300 215.490900 2.030029 1.811168 4.562853 -3.510065 1.842682 33.163287 1.623515 5.653200 5353
Car -1 -1 2.221900 812.681200 170.480400 916.497500 216.883100 1.526336 1.525368 3.426388 8.630633 1.426287 24.565382 2.538555 3.907000 5351
Car -1 -1 1.975200 948.756600 160.027600 1062.866300 223.695000 1.629375 1.557235 3.586572 11.188911 1.322865 20.443340 2.470141 8.687100 5349
Car -1 -1 0.259900 337.092600 190.715900 387.488600 207.619200 1.472502 1.629513 4.187733 -22.555156 3.184424 65.718097 -0.083686 1.883400 5347
Car -1 -1 1.902100 252.149400 189.065300 436.041600 311.832700 1.509212 1.542437 3.585323 -3.975312 1.787777 11.044862 1.565930 12.745700 5334
Car -1 -1 2.099100 853.509400 167.592100 960.754900 223.311600 1.551223 1.528234 3.371260 8.862433 1.429270 21.947183 2.490901 12.703000 5324
Car -1 -1 -1.698200 668.809300 178.891900 735.524100 232.542800 1.538551 1.617600 3.715073 2.648328 1.735043 22.885802 -1.570964 12.644000 5319
Car -1 -1 -3.285900 713.096600 167.930700 786.706500 197.429600 1.674566 1.685215 4.030302 7.850745 1.415201 42.234446 -3.100581 4.569100 5314
Car -1 -1 1.839400 374.923600 183.333900 495.351900 263.279300 1.499937 1.603313 4.020037 -3.964646 1.801032 16.335084 1.612366 10.752900 5308
Car -1 -1 1.786600 482.787500 177.822000 546.142100 221.668200 1.528949 1.593617 3.757382 -3.756300 1.750094 27.454534 1.654336 11.644300 5281
Car -1 -1 -2.400800 1003.681500 125.263200 1241.000000 288.235900 1.890914 1.711953 4.045306 7.925326 1.333155 10.758792 -1.760444 9.061300 5267
Car -1 -1 2.512200 0.000000 186.121400 306.148400 374.000000 1.512476 1.605400 4.069570 -2.813140 1.589367 2.225303 1.630110 8.034000 5255
