Car -1 -1 -2.618100 1139.684000 133.713100 1241.000000 215.524000 1.823362 1.712008 3.826960 15.775452 0.966248 18.002310 -1.834961 5.932200 5325
Car -1 -1 2.157300 875.752800 161.571700 952.498200 198.107500 1.495428 1.499692 3.337637 12.694963 1.059444 30.012772 2.590030 5.376800 5324
Car -1 -1 -1.662900 740.476400 170.594100 786.282000 208.185500 1.556078 1.628005 3.828556 6.679868 1.439091 31.804579 -1.450194 5.852300 5319
Car -1 -1 1.675200 620.439500 159.419600 658.318000 193.804000 1.895489 1.764571 4.393996 1.802414 1.225924 42.731345 1.727791 2.647300 5317
Car -1 -1 -3.198300 791.313700 163.620300 851.159100 187.245800 1.609532 1.616536 3.927792 14.575002 0.934026 50.169050 -2.899797 4.280500 5314
Car -1 -1 1.780900 554.067200 174.740800 619.531400 219.019100 1.475060 1.584361 3.930136 -0.755264 1.521774 26.213265 1.752518 8.433300 5308
Car -1 -1 -1.855700 826.030000 189.004700 1158.074600 374.000000 1.422383 1.537736 3.467337 2.924009 1.598768 6.411634 -1.421953 13.777900 5306
Car -1 -1 -2.319700 1033.158000 142.104500 1218.216000 219.002300 1.809678 1.699846 3.807631 13.041149 1.064064 18.537624 -1.707769 8.892200 5298
Car -1 -1 -1.776800 795.989000 172.562200 962.175800 303.496800 1.618425 1.599801 3.432541 3.814911 1.636143 10.886987 -1.435788 10.211500 5296
Car -1 -1 -2.459700 956.144400 185.225600 1241.000000 374.000000 1.553874 1.586008 3.997939 2.584144 1.645325 1.349891 -1.555020 5.898800 5282
Car -1 -1 1.767600 607.638400 171.284000 650.209000 202.849600 1.536274 1.538233 3.637754 1.059499 1.419622 37.220671 1.799147 6.869900 5281
Car -1 -1 -2.158800 925.617400 145.356500 1080.712000 223.815300 1.856346 1.721110 3.946146 10.250149 1.200146 19.132893 -1.653060 9.353700 5267
Car -1 -1 1.936600 410.690200 179.466900 593.449800 298.013000 1.584968 1.625689 4.005053 -1.598767 1.667455 11.961050 1.819637 12.570800 5255
