Car -1 -1 -0.718400 0.000000 201.776200 57.102500 228.693300 1.459983 1.566617 3.649645 -36.938812 3.307964 44.365575 -1.377944 1.932000 5366
Car -1 -1 2.274200 821.558900 166.439600 929.504100 217.354700 1.637698 1.540141 3.574907 9.050939 1.436857 24.756710 2.630399 8.287500 5365
Car -1 -1 2.276500 843.807800 167.953200 969.585900 221.950000 1.543611 1.547372 3.622345 8.951086 1.367587 21.977032 2.625619 8.916200 5355
Car -1 -1 1.738600 485.055200 166.275700 549.369300 220.717100 1.944461 1.754397 4.359832 -3.519496 1.681560 27.565765 1.615086 7.788600 5353
Car -1 -1 2.098900 874.707200 168.259400 1002.253500 229.322400 1.495329 1.532345 3.365470 8.546712 1.348232 18.857876 2.529082 6.801300 5351
Car -1 -1 1.822400 1083.918700 152.946500 1233.476600 242.490400 1.608263 1.594590 3.565462 11.182279 1.251675 14.771494 2.474558 11.653700 5349
Car -1 -1 0.213200 428.638300 185.067500 480.634100 203.103300 1.476873 1.627710 4.116931 -13.080246 2.515763 60.660176 -0.013729 1.945800 5347
Car -1 -1 2.178200 0.000000 190.383900 298.412600 374.000000 1.520124 1.556208 3.589397 -3.987512 1.725495 5.431268 1.549936 8.918900 5334
Car -1 -1 1.976700 939.238800 159.978000 1084.142900 238.995400 1.561681 1.557317 3.495940 8.917907 1.338215 16.287344 2.487423 12.355900 5324
Car -1 -1 -1.718700 687.615100 177.962800 780.215800 251.101300 1.519816 1.614000 3.754675 2.660056 1.650794 17.236961 -1.562063 14.317600 5319
Car -1 -1 1.953900 215.191000 183.002200 445.677600 316.279800 1.501107 1.635619 4.231921 -3.954744 1.714801 10.706277 1.603983 11.994900 5308
Car -1 -1 1.814000 447.011900 177.337700 529.355400 234.408900 1.543866 1.593431 3.770884 -3.749793 1.682308 21.738049 1.649778 11.647100 5281
