Car -1 -1 2.234200 803.912700 168.226900 900.646400 213.725700 1.598519 1.545630 3.606219 9.020093 1.428493 26.882159 2.576424 7.296200 5355
Car -1 -1 2.357200 778.083000 169.052700 868.445600 209.974100 1.633011 1.566618 3.596237 8.808270 1.541572 29.804318 2.623961 6.346500 5354
Car -1 -1 1.720600 501.545400 168.032000 557.655400 215.236300 1.988300 1.820099 4.606511 -3.585868 1.790017 32.342987 1.615832 4.824500 5353
Car -1 -1 2.062700 822.542900 166.948400 921.210700 217.551400 1.538938 1.561158 3.491315 8.609916 1.383170 23.817534 2.459430 6.080100 5351
Car -1 -1 1.963200 963.752000 156.576300 1082.519300 225.876600 1.687064 1.572976 3.542144 11.192307 1.323822 19.648017 2.478028 11.892300 5349
Car -1 -1 0.212400 346.918600 186.697100 401.626300 205.687100 1.577834 1.685819 4.336626 -21.411187 3.004941 65.031566 -0.095687 1.652500 5347
Car -1 -1 1.930300 212.285200 187.378900 422.502100 323.132400 1.505929 1.535369 3.601996 -3.995566 1.760292 10.199202 1.563996 13.338300 5334
Car -1 -1 2.072800 861.266300 167.201800 970.024900 224.592700 1.548737 1.530747 3.321286 8.778483 1.416227 21.144096 2.479776 10.229500 5324
Car -1 -1 -1.709800 669.840600 177.327800 739.521400 233.471000 1.545627 1.607094 3.661815 2.597453 1.718560 22.076417 -1.579762 13.149300 5319
Car -1 -1 -3.311500 714.387500 166.743800 790.804900 195.478000 1.636084 1.676121 4.055826 7.818902 1.335104 41.446125 -3.111470 5.567300 5314
Car -1 -1 1.838500 361.724300 185.460000 486.708700 267.894300 1.485514 1.603367 3.945541 -3.999807 1.795569 15.507213 1.600768 12.781200 5308
Car -1 -1 1.789000 478.785800 177.702500 542.397500 222.936300 1.527992 1.589713 3.639596 -3.807462 1.737445 26.624060 1.653696 11.559400 5281
Car -1 -1 -2.447700 1029.128500 119.564000 1241.000000 294.940100 1.886703 1.742513 4.037330 7.910205 1.324489 9.955652 -1.764867 7.645700 5267
Car -1 -1 2.512200 0.000000 186.121400 306.148400 374.000000 1.512476 1.605400 4.069570 -2.927031 1.583920 1.430122 1.630110 8.034000 5255
