Car -1 -1 -1.786100 677.343900 174.216100 709.614600 194.724800 1.482798 1.610391 3.941744 5.650039 1.559422 53.432983 -2.219427 2.485300 5376
Car -1 -1 -3.358200 770.240600 159.051800 886.303700 204.345100 1.657024 1.659861 4.033931 8.424391 1.098581 28.303759 -3.075945 5.879500 5374
Car -1 -1 -1.737100 726.072400 181.187200 835.626200 263.557300 1.448494 1.561502 3.804376 3.350192 1.620669 14.984725 -1.520212 11.792500 5369
Car -1 -1 2.140700 941.729500 157.829600 1103.033600 234.941600 1.601428 1.542997 3.548366 9.429271 1.259584 16.523376 2.657450 11.120300 5365
Car -1 -1 1.981400 1010.475400 150.899800 1185.490200 247.065500 1.634921 1.556685 3.391865 9.313733 1.244554 13.777353 2.592729 10.146900 5355
Car -1 -1 1.798300 440.917900 159.577000 544.411200 242.825600 1.988043 1.788446 4.474305 -3.077040 1.654400 19.486333 1.642245 8.701300 5353
Car -1 -1 1.856700 1106.645100 155.681100 1241.000000 274.118200 1.501146 1.521172 3.342260 8.907242 1.250803 10.658573 2.545225 9.007900 5351
Car -1 -1 -1.859600 760.264800 177.720400 1000.706700 340.430600 1.566597 1.641997 3.969797 2.994300 1.623433 9.129317 -1.537282 12.697200 5319
Car -1 -1 2.461700 0.000000 212.418300 224.956500 374.000000 1.458702 1.599666 4.119752 -3.649320 1.730699 2.949462 1.597854 8.174700 5308
Car -1 -1 1.896800 355.624300 181.262900 507.239300 276.161200 1.512972 1.595623 3.911328 -3.322998 1.670463 13.828802 1.660530 13.673500 5281
