Car -1 -1 1.797900 420.855400 181.210000 522.782000 257.495000 1.548170 1.563437 3.545598 -3.166408 1.784571 16.858831 1.617252 8.547000 5334
Car -1 -1 2.188700 841.021100 167.163600 935.551900 211.847100 1.539092 1.538530 3.507026 10.342265 1.394377 27.017223 2.553417 10.391400 5324
Car -1 -1 -1.656500 696.420500 176.194700 747.080500 217.696000 1.510704 1.627364 3.803983 4.204314 1.686754 28.324192 -1.507559 8.877500 5319
Car -1 -1 -3.277700 738.270400 167.285600 805.339100 192.201400 1.587221 1.626363 4.036763 10.423784 1.296096 47.314580 -3.056112 4.428700 5314
Car -1 -1 1.798200 477.716500 180.059500 557.185700 232.774300 1.461159 1.590951 3.859132 -2.793555 1.721079 22.076099 1.676998 10.335500 5308
Car -1 -1 -2.145400 889.160200 203.049500 1241.000000 374.000000 1.425935 1.496563 3.417356 2.422072 1.665835 2.702318 -1.485122 9.196200 5306
Car -1 -1 -2.430700 1044.081800 133.922500 1241.000000 236.515900 1.905515 1.708255 3.789805 11.553209 1.241854 15.594706 -1.778409 8.843700 5298
Car -1 -1 -1.948200 796.104900 177.311400 1128.968400 374.000000 1.604902 1.604919 3.610252 3.008501 1.697205 7.209015 -1.534126 14.295200 5296
Car -1 -1 1.757700 542.310100 173.771400 591.699000 210.179500 1.566252 1.594099 3.754487 -1.957041 1.685864 33.197922 1.709137 8.463300 5281
Car -1 -1 -2.225900 914.611400 142.812100 1120.683400 241.795000 1.874634 1.735404 4.112367 8.712776 1.326849 16.003237 -1.724885 9.858000 5267
Car -1 -1 2.024400 172.180300 184.599500 510.425800 374.000000 1.568514 1.650327 4.116706 -2.529602 1.718463 7.793623 1.721193 14.870100 5255
