Car -1 -1 2.155400 882.327400 165.297600 1004.614200 217.790600 1.412576 1.505937 3.575309 9.654811 1.174245 20.947529 2.600115 6.076400 5383
Car -1 -1 -0.122900 694.611500 173.090800 762.772500 195.048300 1.505087 1.640472 4.338030 8.548302 1.525770 51.278922 0.162481 6.375600 5376
Car -1 -1 -3.429800 782.107800 162.381000 905.956600 209.058200 1.667476 1.655613 4.035927 8.504962 1.285135 26.743051 -3.105915 7.715000 5374
Car -1 -1 -1.758200 738.211400 184.945000 867.998800 283.213200 1.472360 1.591190 3.746093 3.381678 1.725322 13.359733 -1.511746 10.669000 5369
Car -1 -1 2.078500 978.027300 159.591200 1154.514100 246.883500 1.637722 1.575622 3.502358 9.454959 1.356670 14.986440 2.639703 9.466000 5365
Car -1 -1 1.975700 1064.876500 161.895700 1241.000000 264.515600 1.554685 1.546010 3.398247 9.351047 1.326639 12.154069 2.619891 10.474500 5355
Car -1 -1 1.820100 419.919200 163.263900 541.596100 258.030800 2.021481 1.797492 4.571007 -3.045866 1.797575 17.826302 1.646846 7.316400 5353
Car -1 -1 1.812600 1151.093000 149.196400 1241.000000 281.788800 1.518237 1.520818 3.452357 9.004673 1.244469 9.093729 2.548053 5.957800 5351
Car -1 -1 -1.900300 792.153900 181.242300 1113.290900 374.000000 1.576433 1.661556 3.985550 3.059970 1.667678 7.569320 -1.520382 13.484400 5319
Car -1 -1 1.919300 324.275500 184.830100 497.071700 296.845000 1.522771 1.589045 3.866397 -3.263059 1.757179 12.283721 1.663756 13.507400 5281
