Car -1 -1 -1.235800 404.123100 152.662700 438.645800 170.479500 1.464766 1.616717 3.968880 -16.143867 -0.206046 61.890571 -1.484514 4.142300 5375
Car -1 -1 -1.696600 701.662700 180.413300 784.494300 245.139000 1.424664 1.551653 3.814477 3.196720 1.634847 18.194615 -1.522065 9.303800 5369
Car -1 -1 2.218000 881.106200 157.250900 1016.996800 221.831800 1.644659 1.549662 3.556633 9.268469 1.292431 19.837968 2.638754 9.737000 5365
Car -1 -1 2.114500 925.769300 156.151600 1079.889200 233.002900 1.638722 1.567311 3.540567 9.232106 1.309061 17.097682 2.603055 10.267800 5355
Car -1 -1 1.785600 460.214500 161.795900 548.193700 233.475600 2.026366 1.782202 4.445389 -3.251645 1.711215 22.625564 1.636800 8.771500 5353
Car -1 -1 1.975500 983.557000 156.040500 1150.887500 247.408600 1.545626 1.529457 3.309312 8.756769 1.282460 13.910742 2.523850 6.916800 5351
Car -1 -1 1.824200 1103.855100 153.765400 1241.000000 266.404400 1.532513 1.528912 3.337272 9.091636 1.280015 11.276410 2.497688 9.305600 5324
Car -1 -1 -1.783600 723.303500 172.908100 876.914700 286.657400 1.602726 1.648506 3.932258 2.903046 1.651482 12.345254 -1.544192 13.858100 5319
Car -1 -1 2.172500 0.000000 196.599300 355.968700 374.000000 1.439175 1.606107 4.190517 -3.798420 1.698940 5.931270 1.607441 10.791400 5308
Car -1 -1 1.880900 405.208100 177.637900 517.085600 252.162600 1.529545 1.570456 3.674576 -3.493014 1.670625 16.940862 1.670435 12.674500 5281
