Car -1 -1 -2.461400 1144.030400 135.100700 1241.000000 217.194400 1.852925 1.696156 3.719079 16.058595 0.993656 18.486650 -1.730968 4.098800 5325
Car -1 -1 2.247200 879.557600 163.207100 972.016200 201.394000 1.577029 1.572819 3.676051 13.379213 1.152751 30.588992 2.646066 5.369300 5324
Car -1 -1 -1.670800 749.165600 168.441300 795.973100 206.228000 1.566236 1.640795 4.032356 7.293928 1.386346 32.689756 -1.439830 6.514400 5319
Car -1 -1 -1.475400 633.719900 163.710600 669.101300 196.362000 1.846141 1.733991 4.201154 2.575449 1.288377 43.434280 -1.394154 0.048600 5317
Car -1 -1 -3.153400 796.085100 161.768000 854.844900 185.207200 1.620587 1.622742 3.964346 15.238243 0.804599 50.692076 -2.875360 3.375100 5314
Car -1 -1 1.762900 567.830900 172.080500 629.510400 215.892100 1.482925 1.593196 3.830524 -0.286814 1.462430 26.912248 1.756268 5.533500 5308
Car -1 -1 -1.833700 817.753100 188.197900 1106.375100 374.000000 1.458922 1.550253 3.458174 3.056311 1.624074 7.124835 -1.411845 13.143500 5306
Car -1 -1 -2.337900 1036.399500 138.004700 1211.325100 218.691400 1.880188 1.712704 3.734869 13.354153 1.054963 19.041005 -1.705616 9.938400 5298
Car -1 -1 -1.770300 800.028600 175.738300 949.979800 292.059600 1.567496 1.567928 3.444094 4.025839 1.602092 11.595026 -1.427518 10.821900 5296
Car -1 -1 -2.459700 956.144400 185.225600 1241.000000 374.000000 1.553874 1.586008 3.997939 2.662295 1.644870 2.082997 -1.555020 5.898800 5282
Car -1 -1 1.776600 617.474800 168.836400 660.746800 199.382400 1.521863 1.560658 3.711156 1.644283 1.314564 37.912430 1.807388 6.979900 5281
Car -1 -1 -2.126700 929.276200 147.494400 1079.708400 221.637100 1.848816 1.734556 4.023077 10.632018 1.170387 19.774750 -1.625814 10.436300 5267
Car -1 -1 1.954700 435.109700 173.629200 608.822300 281.772800 1.606436 1.620008 4.035235 -1.378010 1.603872 12.791749 1.848176 12.649500 5255
