Car -1 -1 -3.290600 732.813000 154.555000 799.630700 178.151200 1.574777 1.662600 4.107571 10.369159 0.367011 48.383817 -3.084369 1.814100 5342
Car -1 -1 1.821800 376.115400 181.641900 500.051100 266.519100 1.527067 1.593874 3.760972 -3.558368 1.719730 15.192932 1.598599 9.883900 5334
Car -1 -1 2.179300 839.564600 163.442300 935.834200 209.144500 1.530025 1.539564 3.399854 9.714236 1.258219 25.657121 2.543045 10.621100 5324
Car -1 -1 -1.681400 684.349800 172.061700 740.028100 216.938000 1.523320 1.625414 3.743344 3.545285 1.554984 26.807340 -1.535501 10.650200 5319
Car -1 -1 -3.285400 728.603200 163.756300 797.326500 188.989800 1.563940 1.620951 4.002914 9.406688 1.053911 45.911754 -3.072980 5.000700 5314
Car -1 -1 1.805300 451.635000 178.282300 537.504600 236.752900 1.460483 1.577661 3.796405 -3.298237 1.658263 20.448836 1.656935 11.080800 5308
Car -1 -1 -2.505800 1076.850600 121.591700 1241.000000 237.527400 1.928195 1.714785 3.716566 11.252179 1.120904 14.146913 -1.808756 6.497300 5298
Car -1 -1 -2.026400 823.806000 176.495200 1241.000000 374.000000 1.559584 1.561031 3.452713 2.829264 1.610088 5.680606 -1.549574 12.328400 5296
Car -1 -1 1.756600 524.215500 171.843400 574.090200 209.244200 1.536958 1.557624 3.574882 -2.723526 1.539665 31.477894 1.681435 8.273400 5281
Car -1 -1 -2.268100 931.162300 132.950400 1155.475100 231.493100 1.757812 1.703024 3.999242 8.348347 1.081211 14.567988 -1.739706 8.010600 5267
Car -1 -1 2.084100 8.939000 186.211300 471.043600 374.000000 1.520899 1.621799 4.056521 -2.701505 1.656547 6.225781 1.694011 12.686800 5255
