Car -1 -1 2.220500 835.400100 163.533700 950.024500 218.879000 1.644144 1.552279 3.618412 9.051441 1.395349 23.158531 2.594927 9.243700 5365
Car -1 -1 2.171200 867.085000 163.547000 992.553300 225.160100 1.599380 1.534151 3.540408 8.997473 1.369573 20.366087 2.592094 9.661800 5355
Car -1 -1 1.762400 475.538700 163.785100 549.659900 224.930700 1.979379 1.782460 4.487367 -3.453328 1.694552 25.912478 1.627964 8.394100 5353
Car -1 -1 2.030100 908.252500 162.416400 1034.414800 234.475600 1.560852 1.489355 3.122393 8.558070 1.346971 17.184680 2.504711 6.225800 5351
Car -1 -1 1.791100 1145.067200 145.351300 1241.000000 254.431000 1.690790 1.592043 3.646245 11.245074 1.288830 13.118320 2.487422 8.166000 5349
Car -1 -1 -1.322500 444.657300 184.750900 473.716800 203.021000 1.449449 1.595875 3.752766 -11.287167 2.417819 59.750271 -0.949847 2.391900 5347
Car -1 -1 2.301800 0.000000 199.338000 211.438500 374.000000 1.506929 1.544174 3.505974 -3.922338 1.729962 3.882931 1.522820 6.224600 5334
Car -1 -1 1.919100 981.519700 159.366500 1132.074800 247.838300 1.570642 1.547009 3.373316 8.936313 1.340270 14.618015 2.478429 10.787800 5324
Car -1 -1 -1.732800 700.199400 177.525200 803.618500 261.632600 1.561549 1.604928 3.665229 2.766650 1.689498 15.607351 -1.553699 13.098000 5319
Car -1 -1 2.004800 130.419700 192.554100 424.119900 355.502100 1.465692 1.619800 4.277023 -3.902260 1.749585 9.086671 1.610540 13.142400 5308
Car -1 -1 1.838900 433.624700 176.089900 524.337900 239.936300 1.570418 1.594029 3.551986 -3.690508 1.694031 20.067062 1.657573 12.196300 5281
