Car -1 -1 -0.017600 683.457300 167.768100 748.165900 190.231600 1.479154 1.618109 4.042606 4.936610 1.228584 47.594531 0.107872 0.547600 5404
Car -1 -1 2.783400 780.645600 152.744700 974.571800 216.766600 1.894429 1.829001 5.202155 8.008282 1.271445 22.084416 3.136198 7.112100 5402
Car -1 -1 1.759100 374.663100 167.841900 490.237000 265.701600 1.780154 1.662898 3.948423 -3.644811 1.651240 15.278179 1.534517 10.204800 5395
Car -1 -1 2.099900 906.852900 167.936000 1059.667600 236.476900 1.415618 1.527358 3.562612 8.550166 1.234659 16.509239 2.583240 11.361400 5390
Car -1 -1 1.910900 1089.731000 158.584800 1241.000000 275.328700 1.513165 1.599798 3.974470 9.084756 1.276590 10.840500 2.602548 10.561300 5389
Car -1 -1 1.736000 439.632900 179.071400 516.745300 238.145200 1.517160 1.591678 3.888515 -3.739801 1.639912 20.951609 1.564670 10.658500 5388
Car -1 -1 2.026500 975.544500 157.970500 1161.712100 252.039100 1.595252 1.571040 3.596768 8.691733 1.306318 13.627014 2.587351 11.917500 5383
Car -1 -1 -3.490900 798.643200 154.697500 964.728500 223.302700 1.772226 1.683831 3.923717 7.269784 1.252496 19.473227 -3.130892 9.812600 5374
Car -1 -1 -2.002100 812.597800 194.908700 1241.000000 374.000000 1.385805 1.571544 3.726760 2.895924 1.593352 5.839447 -1.542460 14.443100 5369
Car -1 -1 1.926500 192.417500 141.291400 449.790000 326.963700 2.029364 1.802781 4.463951 -3.671567 1.652109 10.106350 1.582578 8.576600 5353
Car -1 -1 2.273700 0.000000 190.750800 300.354700 374.000000 1.533262 1.581479 3.818257 -3.594934 1.660067 4.456628 1.603919 9.347200 5281
