Car -1 -1 0.019300 589.633400 173.228700 644.378700 194.072600 1.522960 1.609808 4.111928 0.490225 1.559935 54.435136 0.019867 5.362000 5376
Car -1 -1 1.825400 399.955000 150.631100 431.251300 168.950000 1.474017 1.611717 3.982239 -16.481367 -0.355984 60.420520 1.598094 -0.335800 5375
Car -1 -1 -3.364900 760.406000 153.999800 863.221400 193.002800 1.548408 1.605364 3.871316 8.285861 0.819198 29.937961 -3.093358 5.866600 5374
Car -1 -1 -1.723700 711.504800 177.813100 806.594100 250.279900 1.444893 1.552198 3.798990 3.266058 1.580190 16.611642 -1.525165 9.981600 5369
Car -1 -1 2.187200 906.822200 156.086300 1056.833600 225.740600 1.632714 1.581120 3.610093 9.336984 1.237587 18.181370 2.654640 9.991400 5365
Car -1 -1 2.064500 961.532000 148.313300 1129.084500 235.144900 1.645618 1.565464 3.507657 9.278616 1.211021 15.418313 2.611855 9.770700 5355
Car -1 -1 1.793900 450.778500 158.793900 546.338200 235.202700 1.996835 1.782114 4.407846 -3.160714 1.631187 21.018089 1.643441 7.806900 5353
Car -1 -1 1.909200 1037.533600 156.693800 1225.538800 256.483500 1.504227 1.536814 3.380372 8.827606 1.237956 12.269705 2.525468 9.683000 5351
Car -1 -1 1.766100 1139.924300 143.211700 1241.000000 275.785900 1.587448 1.529090 3.440439 9.047096 1.264662 9.717290 2.489290 8.213600 5324
Car -1 -1 -1.802900 742.879300 171.399600 920.885100 303.129600 1.575624 1.619710 3.844463 2.957410 1.586361 10.733005 -1.538230 13.025400 5319
Car -1 -1 2.291900 0.000000 204.597200 299.170500 374.000000 1.413866 1.602340 4.095525 -3.728450 1.701774 4.381309 1.600374 9.826100 5308
Car -1 -1 1.880600 383.749300 177.434300 513.167700 261.214500 1.531518 1.584380 3.780369 -3.400968 1.637287 15.375333 1.667096 13.549600 5281
