Car -1 -1 2.184100 863.641200 169.478400 985.854800 222.125100 1.475226 1.554134 3.762631 9.612558 1.390317 22.058367 2.588054 8.207300 5390
Car -1 -1 2.082100 959.305800 162.154100 1121.054200 230.592200 1.422279 1.551685 3.735183 9.813541 1.186309 16.480867 2.615966 8.622800 5389
Car -1 -1 1.694100 516.008200 180.778200 570.299800 225.306300 1.511775 1.590044 3.873425 -2.482207 1.842205 27.196561 1.599992 7.074800 5388
Car -1 -1 2.136800 902.098500 161.711500 1034.034000 219.073200 1.411682 1.505732 3.554267 9.563907 1.159310 19.316450 2.593505 9.918600 5383
Car -1 -1 -0.211200 752.168600 167.923800 814.927400 189.772000 1.488825 1.608016 4.103285 11.956912 1.259226 49.564206 0.045114 2.916400 5376
Car -1 -1 -3.407000 788.664700 161.936300 919.199900 214.319600 1.747706 1.672381 3.999428 8.414209 1.413467 25.190107 -3.092081 7.673600 5374
Car -1 -1 -1.779300 755.251300 186.095700 907.693600 293.104700 1.418631 1.581465 3.763942 3.396997 1.684362 11.810326 -1.502706 11.763200 5369
Car -1 -1 2.024200 1027.375600 150.899700 1216.811600 236.747900 1.493729 1.546778 3.541126 9.531928 1.164984 13.426258 2.643663 6.152800 5365
Car -1 -1 1.874100 1135.758100 150.333000 1241.000000 274.713400 1.562723 1.538608 3.554037 9.420707 1.291025 10.618309 2.606298 7.452000 5355
Car -1 -1 1.827700 403.614700 160.109600 534.406900 266.604500 2.062371 1.798950 4.451810 -3.024718 1.830305 16.260737 1.642661 7.860900 5353
Car -1 -1 -1.988300 824.278100 180.279800 1241.000000 374.000000 1.542428 1.642765 3.960364 3.055296 1.640970 6.043735 -1.521457 13.036200 5319
Car -1 -1 1.962900 272.888500 185.959800 483.438500 315.388400 1.503287 1.591239 3.826174 -3.246204 1.742502 10.709511 1.666728 14.442400 5281
