Car -1 -1 -0.017600 683.457300 167.768100 748.165900 190.231600 1.479154 1.618109 4.042606 7.253488 1.147015 48.902212 0.107872 0.547600 5404
Car -1 -1 2.798400 782.129300 146.841400 964.658600 210.465300 1.925963 1.825191 5.114914 8.168661 1.137587 22.791101 -3.140031 5.888700 5402
Car -1 -1 1.758200 391.979000 164.458100 503.184200 253.337800 1.743512 1.674544 4.042632 -3.501197 1.545634 16.097377 1.550725 10.127800 5395
Car -1 -1 2.126300 900.061000 160.439600 1048.722600 225.073200 1.411439 1.533763 3.571529 8.717583 1.098957 17.196289 2.594145 10.794800 5390
Car -1 -1 1.918400 1068.125400 148.093200 1241.000000 264.135800 1.558250 1.615005 3.954033 9.169233 1.222289 11.483221 2.596314 11.272900 5389
Car -1 -1 1.734700 450.445700 174.428600 525.692100 229.865900 1.506577 1.600380 3.975428 -3.552071 1.519862 21.755540 1.575786 9.913800 5388
Car -1 -1 2.031400 964.034100 152.867400 1142.241900 244.423700 1.628667 1.570944 3.643155 8.813107 1.252649 14.280722 2.579992 11.008400 5383
Car -1 -1 -3.471400 794.986400 150.767400 964.190400 216.821100 1.769031 1.687764 4.030859 7.478625 1.147147 20.158890 -3.120524 9.775300 5374
Car -1 -1 -1.959200 802.356100 186.460400 1184.103200 374.000000 1.391314 1.577116 3.760999 2.985666 1.554840 6.578239 -1.533172 14.473300 5369
Car -1 -1 1.901600 239.359800 139.076600 464.703300 307.568000 2.033350 1.802427 4.443000 -3.573687 1.603816 10.873699 1.594353 9.493100 5353
Car -1 -1 2.210300 0.000000 182.446400 346.185600 374.000000 1.545983 1.583388 3.798608 -3.525074 1.618088 5.248560 1.623042 8.226600 5281
