Car -1 -1 1.978700 930.392400 161.025300 1036.145500 219.167800 1.612497 1.563137 3.572426 11.370505 1.299628 21.998489 2.442574 8.660700 5349
Car -1 -1 0.222000 324.980600 189.648400 376.326900 206.320300 1.476406 1.637083 4.190149 -24.136876 3.063341 67.314014 -0.124871 2.166400 5347
Car -1 -1 -3.274200 717.819100 164.001300 788.116100 189.609800 1.604028 1.666111 4.296675 8.907866 1.023167 46.187604 -3.083104 1.314400 5342
Car -1 -1 1.858800 311.216700 186.228200 461.735500 290.882200 1.514020 1.551898 3.677064 -3.859170 1.761562 12.674892 1.571794 11.800400 5334
Car -1 -1 2.124600 843.718200 166.421700 946.354900 219.149400 1.567803 1.538213 3.362520 9.114214 1.370469 23.473848 2.505492 11.952800 5324
Car -1 -1 -1.674500 673.809800 176.999600 732.913500 226.488700 1.538233 1.612879 3.658896 2.905959 1.665997 24.456891 -1.549747 11.398300 5319
Car -1 -1 -3.300400 713.945400 167.948400 787.138200 197.085500 1.673501 1.678469 4.114258 8.267859 1.351098 43.765690 -3.101473 4.688300 5314
Car -1 -1 1.821900 405.548400 186.187300 510.250700 252.199200 1.421714 1.593597 3.952622 -3.790629 1.746461 17.960417 1.625815 12.413400 5308
Car -1 -1 -2.287700 898.565900 184.472700 1241.000000 374.000000 1.512951 1.554993 3.603364 2.690268 1.599153 3.263896 -1.574625 9.969400 5296
Car -1 -1 1.765200 498.840800 176.158400 554.073700 219.271400 1.596528 1.553049 3.549939 -3.460818 1.713789 29.058148 1.656530 10.860300 5281
Car -1 -1 -2.367500 963.791100 129.720900 1241.000000 259.828000 1.805828 1.726003 3.984196 8.036713 1.213708 12.338156 -1.769989 9.477900 5267
Car -1 -1 2.269100 0.000000 187.775800 388.063800 374.000000 1.569582 1.600659 3.927008 -2.811529 1.686168 3.799829 1.656431 8.033900 5255
