Car -1 -1 -1.821900 774.490800 166.704900 827.472500 199.277400 1.496364 1.603970 3.830980 9.271767 1.210199 35.160857 -1.516975 5.778700 5319
Car -1 -1 -1.426500 687.096700 165.420600 720.848000 190.842500 1.588674 1.639376 3.931349 5.494441 1.191042 45.969210 -1.276716 0.812900 5317
Car -1 -1 2.107600 91.291500 189.013600 142.199600 209.363100 1.478024 1.550213 3.910791 -39.315133 2.814775 57.809090 1.491886 0.344500 5315
Car -1 -1 -3.223900 840.222800 158.029400 899.039500 180.050800 1.559610 1.617572 3.877548 18.846578 0.493605 52.628055 -2.873275 3.905400 5314
Car -1 -1 2.135900 99.225300 189.942600 155.482000 212.243300 1.471738 1.565484 3.882310 -35.051742 2.785237 52.513844 1.548895 1.552000 5313
Car -1 -1 1.740300 619.894700 170.205100 673.324900 208.118900 1.467955 1.584632 3.876274 1.620226 1.382889 30.050736 1.813140 5.710200 5308
Car -1 -1 -1.687300 813.940900 182.854100 962.804300 309.945000 1.449638 1.521965 3.283015 3.682822 1.599076 10.090320 -1.331552 12.318700 5306
Car -1 -1 -2.235800 1039.851000 138.857900 1191.341900 208.157200 1.859791 1.700382 3.757081 14.722086 0.954085 21.227862 -1.621739 8.600500 5298
Car -1 -1 -1.720300 807.012100 170.573400 920.572200 262.436900 1.600974 1.609336 3.540634 4.928949 1.584240 14.497521 -1.385231 10.001100 5296
Car -1 -1 -2.056800 850.044700 186.624100 1241.000000 374.000000 1.446397 1.611706 4.203914 2.948022 1.609747 4.869399 -1.502172 12.980200 5282
Car -1 -1 1.734500 665.296300 165.776800 704.258600 194.979500 1.561660 1.598870 3.800056 4.166037 1.213616 40.854534 1.959969 3.349000 5281
Car -1 -1 -2.055400 942.302800 144.350300 1072.543100 212.656900 1.888778 1.753020 4.051629 12.044299 1.088107 22.131121 -1.554045 8.773100 5267
Car -1 -1 1.879500 517.305100 173.826700 649.824800 259.799200 1.599564 1.658206 4.237015 -0.439351 1.622412 15.856889 1.871606 14.380400 5255
Car -1 -1 2.319100 0.000000 183.306000 287.831200 374.000000 1.559320 1.558314 3.630914 -3.904542 1.655391 4.819838 1.644302 7.573300 5244
