Car -1 -1 2.945500 720.447900 158.840900 805.945900 187.733900 1.623023 1.727516 4.573189 8.576769 0.847221 41.413017 -3.111450 1.842200 5363
Car -1 -1 2.222700 820.247500 162.963300 931.428600 214.269400 1.624623 1.579238 3.730819 8.960710 1.296075 24.518994 2.572317 6.339200 5355
Car -1 -1 1.741500 490.660600 162.154200 552.631800 216.398000 2.053390 1.807195 4.462638 -3.658062 1.657717 29.941802 1.614353 6.208400 5353
Car -1 -1 2.156000 841.266800 166.239600 951.705800 221.479100 1.520805 1.505728 3.293822 8.406691 1.319257 21.259650 2.519410 4.484300 5351
Car -1 -1 1.884000 1011.638800 155.485000 1141.415900 229.977300 1.628661 1.591747 3.540615 11.110787 1.238230 17.254613 2.467474 11.510900 5349
Car -1 -1 0.219800 383.972500 184.338300 440.099900 202.560400 1.517245 1.687383 4.497078 -17.434274 2.551676 62.862343 -0.059723 2.879200 5347
Car -1 -1 2.031700 49.838300 191.578100 375.145900 374.000000 1.483471 1.539773 3.567563 -4.006184 1.707949 7.784135 1.565039 12.845000 5334
Car -1 -1 2.044600 892.292800 162.942300 1018.060600 227.680100 1.509926 1.543211 3.417201 8.776088 1.306993 18.720871 2.486850 10.804400 5324
Car -1 -1 -1.726500 673.420300 176.728300 753.875100 240.374600 1.544695 1.611203 3.620784 2.539357 1.660854 19.672935 -1.584318 13.124100 5319
Car -1 -1 1.890900 302.467200 183.645200 468.639100 286.892300 1.499856 1.610146 4.052639 -4.005771 1.737173 13.077138 1.600833 11.418500 5308
Car -1 -1 1.788700 461.154600 174.572000 534.106700 226.884800 1.590838 1.611249 3.860623 -3.887840 1.664713 24.240794 1.638130 11.865300 5281
