Car -1 -1 2.201700 869.346600 164.875600 999.055200 222.299900 1.542190 1.554175 3.821610 9.627136 1.373390 21.462817 2.609973 9.039200 5390
Car -1 -1 2.086400 968.087700 161.377000 1141.875900 234.870600 1.436467 1.561484 3.778927 9.736480 1.206002 15.771970 2.630036 8.821600 5389
Car -1 -1 1.675400 510.288000 178.545300 566.147500 224.938900 1.528809 1.608582 4.009433 -2.570997 1.772464 26.469301 1.586073 7.475700 5388
Car -1 -1 2.113500 906.504100 160.237300 1050.010900 229.927600 1.550817 1.565601 3.663559 9.489297 1.296037 18.573369 2.588063 10.817100 5383
Car -1 -1 -0.211200 752.168600 167.923800 814.927400 189.772000 1.488825 1.608016 4.103285 13.755009 1.194296 48.754927 0.045114 2.916400 5376
Car -1 -1 -3.430100 792.194300 159.485100 928.351100 211.153600 1.708024 1.676843 4.025368 8.369140 1.320337 24.417764 -3.097593 8.378800 5374
Car -1 -1 -1.803000 762.834800 187.882200 935.479100 301.855300 1.374732 1.578397 3.824113 3.386547 1.640085 11.017919 -1.505174 12.697300 5369
Car -1 -1 2.006800 1049.476100 143.569900 1241.000000 233.618000 1.442785 1.538386 3.530295 9.570869 1.020258 12.747902 2.646591 6.867400 5365
Car -1 -1 1.874100 1135.758100 150.333000 1241.000000 274.713400 1.562723 1.538608 3.554037 9.440050 1.286582 9.810157 2.606298 7.452000 5355
Car -1 -1 1.831300 388.772200 154.646800 528.492200 267.753800 2.065726 1.801144 4.480851 -3.060635 1.771439 15.478821 1.637555 8.156500 5353
Car -1 -1 -2.046200 846.498600 181.383700 1241.000000 374.000000 1.577762 1.640871 3.923243 3.032390 1.670639 5.245441 -1.521113 10.830000 5319
Car -1 -1 1.989000 239.497200 184.591200 474.367800 329.746400 1.524864 1.582624 3.830084 -3.256862 1.738537 9.940835 1.670975 12.632100 5281
