Car -1 -1 1.749900 439.915900 164.075800 533.503900 242.973600 1.805090 1.680416 3.981683 -3.083607 1.605563 18.538366 1.584046 8.062500 5395
Car -1 -1 2.133300 889.004600 164.280800 1023.721800 221.759600 1.451235 1.526851 3.667620 9.240391 1.210243 19.237632 2.591936 9.683200 5390
Car -1 -1 2.008500 1018.024400 154.236200 1220.637100 248.448300 1.524064 1.593493 3.862867 9.528201 1.236302 13.511549 2.616674 10.508400 5389
Car -1 -1 1.722700 488.035800 175.400300 553.169900 225.769700 1.529394 1.589901 3.898718 -2.907721 1.621939 24.115542 1.600179 8.764800 5388
Car -1 -1 2.082400 937.663200 156.642000 1094.647300 234.824100 1.586540 1.560609 3.577200 9.222498 1.280366 16.333118 2.602726 12.012100 5383
Car -1 -1 -3.453600 802.506300 152.930600 947.702600 211.960200 1.746429 1.655949 3.912658 8.091731 1.178777 22.213845 -3.105266 8.816900 5374
Car -1 -1 -1.884600 781.060200 189.048500 1016.706300 338.075100 1.369523 1.560329 3.561735 3.203171 1.601510 8.747765 -1.527874 13.696800 5369
Car -1 -1 1.896600 1121.870500 146.379200 1241.000000 271.031400 1.518908 1.546175 3.629946 9.287647 1.175438 10.504611 2.626900 8.070800 5365
Car -1 -1 1.843100 333.542600 144.391000 502.031100 283.965300 2.082932 1.795008 4.439362 -3.261984 1.682392 13.144988 1.615359 8.119600 5353
Car -1 -1 -2.176300 898.691700 185.654300 1241.000000 374.000000 1.557143 1.618300 3.923983 2.919399 1.659944 2.922130 -1.515903 8.784000 5319
Car -1 -1 2.067800 78.670000 182.161700 429.580500 374.000000 1.472612 1.595104 3.844029 -3.372989 1.612622 7.662863 1.651449 13.974900 5281
