Car -1 -1 2.740900 779.979400 157.015100 973.045700 230.518800 1.961612 1.823296 4.970359 7.504627 1.564298 20.728045 3.096736 5.982500 5402
Car -1 -1 1.789800 328.167600 172.954400 467.877400 284.977400 1.809023 1.682394 4.056175 -3.920458 1.804749 13.801723 1.517315 9.261400 5395
Car -1 -1 2.084100 918.674500 167.711000 1088.233600 248.441800 1.495911 1.534181 3.651508 8.278042 1.398535 15.147635 2.585564 11.730500 5390
Car -1 -1 1.850300 1121.964600 163.418500 1241.000000 291.043000 1.499281 1.569763 3.885986 8.839471 1.361446 9.408763 2.583112 9.092900 5389
Car -1 -1 1.747200 409.648500 185.248000 497.306600 251.570600 1.518436 1.611128 3.971816 -4.112939 1.850007 19.441416 1.543654 10.924800 5388
Car -1 -1 1.979500 1004.903100 159.558100 1209.158500 257.876900 1.498611 1.548555 3.624523 8.436463 1.302314 12.245892 2.583878 10.774600 5383
Car -1 -1 2.760000 804.395700 158.661700 978.495600 232.294800 1.768692 1.651812 3.786041 6.952605 1.420555 18.104848 3.131334 9.642000 5374
Car -1 -1 -2.143100 847.098800 201.490700 1241.000000 374.000000 1.398098 1.550790 3.707566 2.786370 1.641566 4.354735 -1.566248 9.832300 5369
Car -1 -1 1.983600 68.757600 144.440900 410.785200 374.000000 2.015383 1.798636 4.551882 -3.872193 1.738084 8.545355 1.561121 8.751300 5353
Car -1 -1 2.462700 0.000000 192.421000 201.178000 374.000000 1.555054 1.621468 3.966701 -3.700877 1.695737 2.969250 1.572685 8.899700 5281
