Car -1 -1 2.190300 902.010800 158.594400 984.198900 196.137600 1.572677 1.560857 3.524283 14.875729 0.992712 32.284153 2.648557 4.580600 5324
Car -1 -1 -1.725000 774.002500 167.117100 822.321800 202.050000 1.542315 1.624449 3.891139 8.843107 1.278247 34.494375 -1.489668 6.648200 5319
Car -1 -1 1.714900 665.185200 161.946500 702.482600 192.195500 1.749292 1.709121 4.217831 4.695530 1.173663 45.400951 1.829994 1.456500 5317
Car -1 -1 2.107600 91.291500 189.013600 142.199600 209.363100 1.478024 1.550213 3.910791 -40.064382 2.779962 57.248523 1.491886 0.344500 5315
Car -1 -1 -3.211100 828.187400 158.959900 885.832200 181.026200 1.559418 1.612213 3.856814 17.953141 0.556319 52.194758 -2.879038 2.475000 5314
Car -1 -1 -1.202800 82.020200 192.102300 130.719000 215.101400 1.470288 1.581681 3.833123 -35.879629 2.860041 51.511769 -1.728459 1.921800 5313
Car -1 -1 1.761700 608.924700 171.627300 665.518900 209.180700 1.433435 1.590175 3.826786 1.186334 1.375754 29.213488 1.805143 7.847700 5308
Car -1 -1 -1.723900 814.672100 182.015600 989.060900 325.980700 1.449923 1.513643 3.329791 3.510031 1.593242 9.311372 -1.352100 12.830100 5306
Car -1 -1 -2.251500 1037.792700 136.757100 1195.458900 207.189200 1.843975 1.694584 3.770504 14.380837 0.918226 20.685894 -1.637537 9.427100 5298
Car -1 -1 -1.725400 805.050400 173.752000 925.222700 270.369600 1.593759 1.599858 3.531404 4.697307 1.606951 13.777359 -1.393679 10.307500 5296
Car -1 -1 -2.116100 867.314700 197.234200 1241.000000 374.000000 1.462035 1.610219 3.989324 2.859301 1.655315 4.181149 -1.513561 10.433000 5282
Car -1 -1 1.808300 651.380200 166.552300 694.178300 195.013600 1.529485 1.584056 3.677713 3.611878 1.190597 40.195464 1.920001 5.166800 5281
Car -1 -1 -2.076600 938.483100 141.595600 1072.996800 212.109400 1.906591 1.760733 4.063848 11.714863 1.077642 21.593026 -1.572126 9.120200 5267
Car -1 -1 1.928000 497.485100 174.725500 644.681900 262.460500 1.564791 1.654123 4.264508 -0.656605 1.601379 15.081351 1.878524 13.705600 5255
Car -1 -1 2.383000 0.000000 191.469300 224.303500 374.000000 1.530754 1.574189 3.788875 -3.963335 1.660104 3.891650 1.605365 7.798100 5244
