Car -1 -1 2.218600 826.327300 165.838500 936.745800 218.265000 1.627871 1.548523 3.611312 9.017636 1.422411 23.943733 2.597885 8.585600 5365
Car -1 -1 2.180100 857.216500 164.797800 979.992800 224.446900 1.592552 1.554620 3.593331 9.015511 1.389344 21.211547 2.599526 9.683000 5355
Car -1 -1 1.756800 480.522800 165.223300 550.072300 222.722600 1.948440 1.759096 4.397512 -3.482724 1.685904 26.743335 1.623376 9.464500 5353
Car -1 -1 2.075300 891.492300 163.516800 1015.984600 233.245300 1.551552 1.495915 3.208137 8.515044 1.363762 17.963741 2.522851 6.100200 5351
Car -1 -1 1.779900 1114.432900 151.917500 1241.000000 250.703200 1.639806 1.593731 3.672529 11.210740 1.288102 13.933534 2.465128 10.411900 5349
Car -1 -1 -1.322500 444.657300 184.750900 473.716800 203.021000 1.449449 1.595875 3.752766 -12.413929 2.465208 60.438426 -0.949847 2.391900 5347
Car -1 -1 2.208100 0.000000 203.566800 258.983000 374.000000 1.480926 1.543162 3.420985 -3.923424 1.726756 4.668769 1.532238 6.823700 5334
Car -1 -1 1.956400 958.988200 161.196700 1106.759400 241.777200 1.544820 1.546862 3.462171 8.927836 1.324587 15.449455 2.486729 12.282200 5324
Car -1 -1 -1.729000 691.747100 178.537400 792.090300 256.391900 1.528459 1.618079 3.815752 2.703308 1.671495 16.444518 -1.560170 13.227200 5319
Car -1 -1 1.995800 170.266900 187.715000 437.573900 336.751400 1.499496 1.648277 4.270103 -3.938071 1.737678 9.886417 1.616107 12.583700 5308
Car -1 -1 1.821600 441.566900 178.021200 525.931900 236.438400 1.529672 1.585501 3.616200 -3.724632 1.686309 20.927362 1.650409 13.854800 5281
