Car -1 -1 -1.681500 685.498500 182.269800 757.241200 239.503400 1.435762 1.584272 3.888355 3.048830 1.732315 20.698919 -1.536585 8.275300 5369
Car -1 -1 2.230400 845.037100 164.075900 965.543400 222.160800 1.660000 1.561686 3.615253 9.098964 1.414193 22.330588 2.609125 9.184600 5365
Car -1 -1 2.155000 881.873900 165.058800 1012.680300 226.337900 1.553040 1.527877 3.521924 9.059787 1.341822 19.527616 2.591665 9.418600 5355
Car -1 -1 1.769400 473.182700 165.860300 548.198200 228.542400 1.981555 1.769877 4.350060 -3.409798 1.737586 25.039437 1.632374 7.203800 5353
Car -1 -1 2.009400 922.116700 163.928900 1060.964300 240.005800 1.558904 1.523189 3.215041 8.607848 1.364166 16.373796 2.498833 6.231000 5351
Car -1 -1 1.771700 1185.186600 151.890500 1241.000000 257.308100 1.602541 1.549187 3.510559 11.217107 1.257403 12.248131 2.503972 6.233900 5349
Car -1 -1 2.301800 0.000000 199.338000 211.438500 374.000000 1.506929 1.544174 3.505974 -3.978366 1.727605 3.077386 1.522820 6.224600 5334
Car -1 -1 1.884100 1002.477700 158.408200 1164.564900 253.387200 1.582977 1.561713 3.492772 8.977777 1.348541 13.828710 2.470253 11.530700 5324
Car -1 -1 -1.736700 704.966000 177.020200 817.722900 264.665900 1.552557 1.614305 3.731279 2.812524 1.662809 14.825194 -1.546963 13.813400 5319
Car -1 -1 2.055900 82.756000 191.996500 411.382700 366.598400 1.428120 1.597613 4.121450 -3.865987 1.706680 8.300272 1.621393 13.087300 5308
Car -1 -1 1.837300 427.715100 176.851200 522.684000 242.799000 1.569294 1.584370 3.618063 -3.641916 1.691616 19.271732 1.656601 12.407600 5281
