Car -1 -1 1.751500 466.216100 182.769600 551.238200 252.703400 1.555689 1.566339 3.589871 -2.555310 1.861091 18.566866 1.624182 6.455500 5334
Car -1 -1 -2.657200 1143.269300 138.132500 1241.000000 226.134900 1.805649 1.684669 3.760175 14.688640 1.131210 16.418035 -1.875015 3.309900 5325
Car -1 -1 2.183100 852.663600 172.508000 944.785400 211.481900 1.437707 1.524638 3.556770 11.271246 1.385468 28.335455 2.569430 8.547500 5324
Car -1 -1 -1.690100 710.561600 178.521000 761.839700 219.750600 1.530253 1.635345 3.818308 5.079626 1.765482 29.800121 -1.511297 10.734800 5319
Car -1 -1 1.674700 583.016400 168.067200 624.346800 207.389100 2.034653 1.821344 4.620574 -0.341467 1.756048 40.566426 1.668293 4.104500 5317
Car -1 -1 -3.284800 755.214000 169.987700 816.669600 192.716500 1.529967 1.602843 3.856633 11.754124 1.322207 48.476642 -3.031030 3.026200 5314
Car -1 -1 1.773900 510.035600 180.702300 582.844900 233.106100 1.504602 1.608986 3.917148 -2.031251 1.783324 23.726710 1.702180 9.242200 5308
Car -1 -1 -2.024500 867.064600 209.355200 1241.000000 374.000000 1.415313 1.508638 3.327161 2.596085 1.675816 4.179430 -1.459753 9.943900 5306
Car -1 -1 -2.382900 1037.492000 147.247400 1241.000000 235.562200 1.803345 1.678863 3.753881 12.064777 1.273270 16.787894 -1.753315 10.040700 5298
Car -1 -1 -1.864300 792.214600 183.503800 1031.283500 351.669700 1.570367 1.588910 3.556088 3.265380 1.701737 8.694116 -1.490108 12.308800 5296
Car -1 -1 1.765900 566.954200 176.868300 614.040700 212.350900 1.569693 1.572127 3.688725 -0.854826 1.758918 34.870590 1.746273 6.284700 5281
Car -1 -1 -2.202100 920.557600 149.057000 1096.692600 236.123100 1.838250 1.712129 3.984559 9.265738 1.340820 17.254098 -1.698713 7.525000 5267
Car -1 -1 1.969400 291.343500 183.831600 543.939900 347.393000 1.571133 1.632895 4.116395 -2.231299 1.750668 9.443630 1.748248 13.981600 5255
