Car -1 -1 2.194300 877.291600 164.023500 1006.580600 222.750600 1.549623 1.543980 3.700556 9.502193 1.334712 20.673057 2.618901 9.279800 5390
Car -1 -1 2.046700 986.994500 156.280300 1163.583500 232.921500 1.420104 1.547531 3.725229 9.604531 1.128307 14.906185 2.622939 10.614900 5389
Car -1 -1 1.715700 504.186300 178.557600 564.977300 223.882200 1.482998 1.602659 3.943147 -2.630158 1.685577 25.650655 1.602718 8.495500 5388
Car -1 -1 2.124000 917.291900 158.754400 1067.737500 229.511100 1.576146 1.578208 3.683052 9.437622 1.296354 17.821528 2.601992 11.420600 5383
Car -1 -1 -3.431100 795.514500 154.527200 935.079600 211.339300 1.758812 1.677125 4.009442 8.282844 1.260412 23.650976 -3.096670 8.354000 5374
Car -1 -1 -1.823900 765.088200 187.361400 953.515200 312.407000 1.382376 1.586248 3.742401 3.317282 1.632890 10.285328 -1.512668 13.824000 5369
Car -1 -1 1.986900 1076.134900 142.220200 1241.000000 239.160000 1.419062 1.525787 3.482277 9.503386 0.971542 11.935697 2.653024 6.780500 5365
Car -1 -1 1.843500 373.039500 152.542200 521.734700 271.191600 2.056687 1.799386 4.447199 -3.115022 1.726012 14.714987 1.634616 7.552400 5353
Car -1 -1 -2.123900 875.177300 183.765700 1241.000000 374.000000 1.609800 1.621050 3.978159 3.016432 1.709301 4.426259 -1.522217 8.489300 5319
Car -1 -1 1.999900 197.486400 183.992100 465.683900 337.942400 1.489411 1.594475 3.938868 -3.270160 1.677794 9.210645 1.664439 13.673200 5281
