Car -1 -1 -0.718400 0.000000 201.776200 57.102500 228.693300 1.459983 1.566617 3.649645 -36.971166 3.318056 45.160764 -1.377944 1.932000 5366
Car -1 -1 2.293000 810.474400 166.180500 914.418000 214.992900 1.637858 1.549300 3.587422 8.940012 1.413841 25.583803 2.637866 8.254700 5365
Car -1 -1 -3.307400 727.563500 157.080400 807.046700 183.882400 1.531728 1.678060 4.315258 8.831736 0.574379 39.788041 -3.101146 0.739600 5363
Car -1 -1 2.183000 836.823100 165.620700 949.637000 218.499500 1.568870 1.545707 3.592646 8.912354 1.335948 22.859902 2.561413 9.004700 5355
Car -1 -1 1.747300 487.949200 165.420800 552.565200 219.508500 1.992614 1.779633 4.464248 -3.535448 1.686293 28.389017 1.619270 6.969900 5353
Car -1 -1 2.124800 864.647800 163.794300 987.976500 226.707500 1.549257 1.518018 3.323513 8.519293 1.346434 19.617569 2.535038 4.357900 5351
Car -1 -1 1.863500 1055.403400 154.639200 1200.619200 237.197200 1.596876 1.599590 3.531261 11.146208 1.246246 15.608871 2.477726 11.147200 5349
Car -1 -1 0.193000 419.443800 185.893600 472.075600 203.682500 1.489289 1.662675 4.263090 -14.306558 2.572360 61.389854 -0.037885 3.665400 5347
Car -1 -1 2.105800 0.000000 196.015100 327.522600 374.000000 1.468871 1.543599 3.609618 -3.986687 1.723190 6.187827 1.545141 11.479900 5334
Car -1 -1 2.007000 923.413900 165.387900 1058.494700 235.837700 1.509874 1.525470 3.392290 8.851809 1.336315 17.068244 2.491992 11.543500 5324
Car -1 -1 -1.717200 682.514300 177.075300 771.123100 244.951600 1.507059 1.626136 3.747191 2.618563 1.622452 18.029253 -1.568151 13.040900 5319
Car -1 -1 1.925400 250.118300 186.981100 454.940300 306.118800 1.472155 1.617691 4.206553 -3.967221 1.735396 11.515702 1.598779 11.947900 5308
Car -1 -1 1.810200 451.128300 176.990000 531.511100 230.765100 1.549637 1.609822 3.830239 -3.802074 1.665436 22.610495 1.650712 13.157400 5281
