Car -1 -1 2.748900 778.343000 156.993400 971.322200 223.801200 1.890079 1.809692 5.121980 7.727665 1.423122 21.400256 3.110393 6.259200 5402
Car -1 -1 1.770800 351.422200 173.162900 478.430300 276.570100 1.785436 1.671057 4.007431 -3.796697 1.748764 14.529547 1.522517 9.348100 5395
Car -1 -1 2.103500 913.687900 168.814900 1079.191200 244.613200 1.466965 1.536902 3.656051 8.469374 1.354551 15.858662 2.590199 11.369400 5390
Car -1 -1 1.850300 1121.964600 163.418500 1241.000000 291.043000 1.499281 1.569763 3.885986 8.925400 1.347918 10.118966 2.583112 9.092900 5389
Car -1 -1 1.739200 426.666000 183.961600 508.258800 245.078300 1.496975 1.596450 3.914401 -3.912487 1.756478 20.206936 1.553935 10.201600 5388
Car -1 -1 2.006000 985.832800 161.912500 1180.205000 261.164100 1.574516 1.566442 3.578123 8.519422 1.368163 12.932044 2.586269 11.168700 5383
Car -1 -1 2.776400 799.896100 159.624900 971.568800 231.033300 1.777092 1.675777 3.872348 7.096149 1.387519 18.797522 3.141420 9.309600 5374
Car -1 -1 -2.056000 830.927800 199.140900 1241.000000 374.000000 1.407804 1.559836 3.690197 2.841910 1.645582 5.111044 -1.548850 12.435200 5369
Car -1 -1 1.950500 130.547100 141.092000 433.085800 349.935800 2.026358 1.814226 4.596673 -3.775527 1.693071 9.332443 1.570540 11.702000 5353
Car -1 -1 2.332600 0.000000 192.096300 254.638400 374.000000 1.543978 1.598117 3.838555 -3.621778 1.687288 3.691311 1.576219 8.156200 5281
