Car -1 -1 -1.690000 689.766100 182.155600 764.267500 241.273200 1.425870 1.565665 3.840328 3.076245 1.706248 19.866513 -1.536467 7.896300 5369
Car -1 -1 2.187600 855.813600 163.340500 981.478100 223.320300 1.653634 1.588147 3.662067 9.158239 1.400293 21.500008 2.597923 10.047200 5365
Car -1 -1 2.148400 893.948600 161.379700 1032.623600 230.601800 1.603447 1.553663 3.494654 9.071853 1.353607 18.638866 2.598423 9.471300 5355
Car -1 -1 1.762600 470.037200 162.676500 548.654100 230.106400 2.026205 1.786393 4.392235 -3.345942 1.742057 24.227263 1.628991 8.602300 5353
Car -1 -1 1.973900 942.716100 162.957500 1083.749300 242.645100 1.546664 1.520909 3.199070 8.634436 1.352949 15.528593 2.488986 7.974700 5351
Car -1 -1 1.771700 1185.186600 151.890500 1241.000000 257.308100 1.602541 1.549187 3.510559 11.201137 1.255334 11.436355 2.503972 6.233900 5349
Car -1 -1 1.862400 1029.502500 153.996200 1205.725700 259.757700 1.618219 1.597922 3.550266 9.020025 1.350717 12.979476 2.473743 12.153200 5324
Car -1 -1 -1.757700 707.883700 177.171400 834.477900 272.647300 1.559320 1.626292 3.857371 2.826013 1.662557 14.000158 -1.550880 13.168200 5319
Car -1 -1 2.079700 0.987500 195.575200 396.954700 374.000000 1.419270 1.613179 4.159675 -3.849847 1.715247 7.527668 1.616886 13.569400 5308
Car -1 -1 1.841900 419.801900 178.295800 522.521100 246.756500 1.552426 1.598171 3.770431 -3.588433 1.697772 18.527266 1.656291 11.885800 5281
