Car -1 -1 -2.657200 1143.269300 138.132500 1241.000000 226.134900 1.805649 1.684669 3.760175 15.021890 1.093448 16.962083 -1.875015 3.309900 5325
Car -1 -1 2.191600 859.795900 169.248500 945.970300 206.322000 1.427895 1.491955 3.386598 11.665440 1.236971 28.837350 2.580167 5.715100 5324
Car -1 -1 -1.712000 717.606400 177.129300 770.758600 215.263400 1.477592 1.634124 3.932879 5.572732 1.634157 30.484235 -1.496405 9.046700 5319
Car -1 -1 1.638500 596.751000 165.189100 633.633800 202.197000 1.970327 1.786459 4.528934 0.330854 1.558994 41.433501 1.670870 1.108600 5317
Car -1 -1 -3.284300 763.504600 168.926200 825.608000 192.638400 1.587355 1.627669 3.921893 12.572136 1.274203 49.124164 -3.005191 4.110000 5314
Car -1 -1 1.783600 525.827000 180.590400 595.300100 228.397500 1.465288 1.591489 3.905901 -1.622337 1.701098 24.532130 1.724962 8.870800 5308
Car -1 -1 -1.963800 846.510100 193.982900 1241.000000 374.000000 1.458535 1.534749 3.512525 2.716671 1.654949 4.935594 -1.448675 10.767200 5306
Car -1 -1 -2.378000 1031.087600 148.428600 1234.988000 231.128100 1.787562 1.686083 3.829412 12.359380 1.219548 17.382891 -1.742175 10.059100 5298
Car -1 -1 -1.826400 793.275600 178.334000 1001.874900 333.812300 1.619015 1.605270 3.514324 3.442687 1.694203 9.440873 -1.467954 11.546300 5296
Car -1 -1 1.752000 580.836800 176.133100 625.166400 209.099400 1.525726 1.552178 3.643433 -0.223131 1.639273 35.653965 1.758292 8.780600 5281
Car -1 -1 -2.177100 915.203700 150.613800 1093.844900 235.025900 1.848364 1.749067 4.158431 9.583257 1.334451 17.961549 -1.681422 9.592400 5267
Car -1 -1 1.950000 338.169500 184.360100 562.172800 328.995200 1.560023 1.632401 4.127713 -2.032599 1.732731 10.291165 1.767256 13.242000 5255
