Car -1 -1 2.206500 872.309700 159.662700 991.107800 209.381900 1.416514 1.505831 3.580460 9.687438 1.021275 21.766887 2.621020 6.071400 5383
Car -1 -1 -0.113800 677.241500 173.828600 733.989200 194.379900 1.464938 1.580236 3.912854 7.076735 1.521590 52.184132 0.362603 6.679700 5376
Car -1 -1 -3.381600 773.505300 161.778800 890.019500 206.682600 1.657566 1.651912 3.997136 8.383047 1.212086 27.546157 -3.082963 6.978500 5374
Car -1 -1 -1.740000 734.604200 185.610600 852.310800 273.376900 1.426990 1.570462 3.737829 3.377777 1.666873 14.098910 -1.510687 12.563800 5369
Car -1 -1 2.089700 959.351700 155.470900 1120.620200 240.502800 1.649247 1.548314 3.450676 9.395699 1.307337 15.735849 2.637766 10.061600 5365
Car -1 -1 1.982500 1032.403100 153.807400 1226.801800 255.208500 1.619704 1.569487 3.468708 9.352011 1.282500 13.006805 2.600622 10.260200 5355
Car -1 -1 1.802600 434.691500 162.753800 540.326000 252.223500 2.023553 1.777416 4.257928 -3.060702 1.757676 18.636071 1.640610 10.109400 5353
Car -1 -1 1.812600 1151.093000 149.196400 1241.000000 281.788800 1.518237 1.520818 3.452357 8.983741 1.251684 9.900749 2.548053 5.957800 5351
Car -1 -1 -1.884000 776.807200 176.013000 1053.994800 362.739100 1.599787 1.659057 3.948415 3.037308 1.651530 8.329914 -1.532164 13.348000 5319
Car -1 -1 2.461700 0.000000 212.418300 224.956500 374.000000 1.458702 1.599666 4.119752 -3.683713 1.734271 2.169511 1.597854 8.174700 5308
Car -1 -1 1.912400 341.213400 184.779300 503.407200 286.910500 1.502174 1.591221 3.914772 -3.285672 1.720370 13.053605 1.665950 13.180000 5281
