Car -1 -1 -3.267900 709.273800 160.173300 792.453200 188.345200 1.624054 1.724229 4.616920 8.185212 0.897246 42.297841 -3.079906 0.874000 5363
Car -1 -1 2.230500 812.481300 162.632300 918.002900 212.123600 1.624821 1.572341 3.662563 8.897996 1.296884 25.298941 2.567976 8.517700 5355
Car -1 -1 1.715200 495.670700 163.314000 552.190900 214.726800 2.007908 1.795698 4.412539 -3.654833 1.650647 30.694922 1.603112 4.788100 5353
Car -1 -1 2.114400 834.432600 165.126200 941.025900 218.948300 1.541525 1.523896 3.420227 8.486063 1.317687 22.124214 2.497258 6.059400 5351
Car -1 -1 1.932800 990.892700 155.396400 1118.455000 227.966700 1.673903 1.587292 3.558924 11.112245 1.264300 18.074399 2.483127 9.698700 5349
Car -1 -1 0.208700 368.729400 184.528900 426.411000 201.897800 1.490943 1.672145 4.564837 -18.842133 2.619950 63.594563 -0.079015 4.792300 5347
Car -1 -1 1.994800 122.307900 185.380900 389.758900 352.048300 1.522094 1.533905 3.470259 -4.005716 1.711530 8.573550 1.567529 12.314300 5334
Car -1 -1 2.050300 880.216500 166.840000 1000.365500 225.307800 1.484240 1.527696 3.438075 8.774772 1.323582 19.548478 2.481267 12.990200 5324
Car -1 -1 -1.704500 672.553100 175.302700 748.890200 235.831600 1.528183 1.617195 3.689686 2.553848 1.634770 20.466274 -1.573344 13.370400 5319
Car -1 -1 -3.306600 713.585700 164.924900 788.812800 194.761700 1.640667 1.651139 3.982820 7.204934 1.284753 40.012253 -3.113775 5.456800 5314
Car -1 -1 1.872000 327.819400 182.944300 472.739200 275.569100 1.485870 1.608278 3.897695 -4.022600 1.730551 13.880374 1.598622 10.954700 5308
Car -1 -1 1.789000 465.782500 174.144900 535.673300 223.613700 1.568246 1.607446 3.787688 -3.891133 1.650773 24.988491 1.641254 12.061500 5281
Car -1 -1 -2.472000 1064.947900 107.547800 1241.000000 312.233100 1.913215 1.756843 4.125814 7.787464 1.333831 8.373961 -1.750858 6.193400 5267
