Car -1 -1 1.758400 409.672100 163.762200 514.973200 248.417300 1.760683 1.667657 4.052392 -3.335990 1.530889 16.883826 1.563064 8.398800 5395
Car -1 -1 2.134000 896.868600 157.935300 1041.320200 219.641600 1.426874 1.536292 3.616235 8.916087 1.070668 17.857805 2.595837 9.866600 5390
Car -1 -1 1.951500 1047.598900 148.904600 1241.000000 254.230800 1.528237 1.614205 3.988712 9.291142 1.190715 12.134340 2.607825 11.540900 5389
Car -1 -1 1.727400 464.746200 172.480300 536.068500 225.252100 1.502171 1.602936 3.934214 -3.306415 1.489511 22.538852 1.585310 10.033200 5388
Car -1 -1 2.027400 955.345000 147.460500 1124.683000 237.813400 1.655635 1.581371 3.652304 8.948959 1.223678 14.946277 2.577390 11.808000 5383
Car -1 -1 -3.478600 800.267100 147.480600 954.535000 211.630900 1.770700 1.674763 3.906204 7.695220 1.090205 20.832934 -3.120724 9.788900 5374
Car -1 -1 -1.910800 796.316300 186.354100 1114.578600 374.000000 1.363182 1.560963 3.710191 3.048497 1.538360 7.263918 -1.523095 14.562100 5369
Car -1 -1 1.884300 1149.431300 144.467900 1241.000000 282.192100 1.545293 1.529936 3.646914 9.099647 1.212687 8.950333 2.629805 6.989400 5365
Car -1 -1 1.913500 263.131600 136.224000 481.911700 294.744500 2.036506 1.803928 4.555939 -3.482021 1.577536 11.627091 1.614826 8.637300 5353
Car -1 -1 2.148900 0.000000 173.746800 377.711400 374.000000 1.549516 1.574954 3.752831 -3.473173 1.584692 6.063997 1.634275 10.961400 5281
