Car -1 -1 1.736800 452.689800 166.438300 541.006900 241.668000 1.797617 1.682100 4.017614 -2.953935 1.651869 19.322416 1.582797 7.299100 5395
Car -1 -1 2.168300 882.296500 162.533500 1014.660600 221.907100 1.528962 1.544734 3.665225 9.385146 1.272451 19.991694 2.610926 8.878500 5390
Car -1 -1 2.006900 1000.490700 158.513500 1187.442900 245.740200 1.482251 1.572928 3.806655 9.552615 1.221446 14.219161 2.607084 11.566500 5389
Car -1 -1 1.708200 496.930300 176.459300 558.490800 225.818700 1.523234 1.591683 3.932240 -2.761829 1.665930 24.888086 1.598690 7.911100 5388
Car -1 -1 2.125300 928.877800 158.393000 1082.115800 230.650600 1.564437 1.564668 3.595321 9.355457 1.274451 17.072520 2.616521 10.963100 5383
Car -1 -1 -3.448400 799.997900 154.163500 942.242000 210.944400 1.743724 1.656838 3.963558 8.202152 1.204203 22.906876 -3.102622 7.364900 5374
Car -1 -1 -1.837700 775.790000 187.287800 981.556100 323.360400 1.378621 1.574290 3.636222 3.264034 1.611112 9.503214 -1.511328 13.064200 5369
Car -1 -1 1.949600 1093.010300 149.745900 1241.000000 261.624900 1.469084 1.536425 3.544589 9.359833 1.104393 11.184641 2.645346 8.143900 5365
Car -1 -1 1.878600 349.471300 150.915100 515.698800 276.287400 2.033148 1.791299 4.489782 -3.186622 1.686128 13.930019 1.644742 9.084700 5353
Car -1 -1 -2.176300 898.691700 185.654300 1241.000000 374.000000 1.557143 1.618300 3.923983 2.950844 1.657909 3.705973 -1.515903 8.784000 5319
Car -1 -1 2.018400 151.912500 184.262600 444.801800 355.233400 1.481370 1.587507 3.830485 -3.313300 1.653389 8.422934 1.650880 13.085800 5281
