Car -1 -1 -0.005100 618.834000 174.376100 676.413300 195.156500 1.517601 1.623975 4.171692 2.580234 1.592215 53.630145 0.036287 3.434600 5376
Car -1 -1 -3.366100 766.142800 156.500000 876.185700 196.774300 1.564042 1.631761 3.946956 8.374991 0.889028 29.128934 -3.088171 6.607800 5374
Car -1 -1 -1.731500 718.119200 179.256300 820.957100 256.992500 1.451881 1.560048 3.796895 3.300659 1.594799 15.771004 -1.525248 10.342800 5369
Car -1 -1 2.158000 928.138900 155.974500 1080.510300 227.546400 1.593707 1.543964 3.549283 9.410872 1.208176 17.328591 2.655913 8.940300 5365
Car -1 -1 2.057500 986.786700 151.326500 1159.946000 242.001100 1.641590 1.563941 3.399898 9.301417 1.230919 14.561544 2.621092 9.863800 5355
Car -1 -1 1.792700 445.903000 158.864700 546.008100 238.665700 1.984391 1.783341 4.530621 -3.109559 1.627510 20.221826 1.641994 8.202300 5353
Car -1 -1 1.877100 1076.249000 150.040800 1241.000000 260.462800 1.506559 1.530996 3.284594 8.871528 1.206970 11.414977 2.534264 9.499800 5351
Car -1 -1 -1.828700 751.507300 174.832400 959.180100 316.437500 1.560282 1.636329 3.943742 2.996465 1.583914 9.972213 -1.534503 13.706900 5319
Car -1 -1 2.410400 0.000000 202.144800 264.250100 374.000000 1.430389 1.608187 4.092976 -3.701073 1.683129 3.611397 1.612504 9.718200 5308
Car -1 -1 1.868400 374.083100 177.564300 508.733800 266.259400 1.536389 1.594528 3.798435 -3.365848 1.644635 14.650594 1.654429 12.577700 5281
