Car -1 -1 1.803500 399.775300 179.295500 509.446900 260.134600 1.548374 1.562116 3.594743 -3.382095 1.727610 15.967037 1.604424 8.106700 5334
Car -1 -1 2.164700 838.926800 164.580400 932.336900 209.739800 1.543980 1.549699 3.433273 9.970984 1.323230 26.362000 2.538263 11.252000 5324
Car -1 -1 -1.666800 687.481600 174.642300 740.151300 216.236500 1.486784 1.624791 3.800532 3.804935 1.604527 27.637133 -1.520131 10.982200 5319
Car -1 -1 -3.276400 730.709000 164.208500 793.630000 188.464400 1.553649 1.615694 3.881907 9.714943 1.113237 46.613901 -3.064695 4.090700 5314
Car -1 -1 1.805800 462.554300 179.218600 547.244500 234.324500 1.442334 1.593453 3.874563 -3.081278 1.673928 21.236113 1.668965 10.148500 5308
Car -1 -1 -2.433500 1054.072300 129.270400 1241.000000 236.714100 1.901488 1.716379 3.855499 11.350857 1.175381 14.890949 -1.778589 7.037500 5298
Car -1 -1 -1.973500 809.735300 177.459700 1179.137500 374.000000 1.561824 1.583894 3.520852 2.931475 1.630942 6.524401 -1.541279 13.886000 5296
Car -1 -1 1.759000 532.160200 173.367900 582.017000 209.644900 1.541744 1.580316 3.692811 -2.391435 1.608173 32.364299 1.695084 8.278500 5281
Car -1 -1 -2.249800 924.413400 134.073700 1138.195500 235.329000 1.854589 1.726687 4.060473 8.532101 1.208810 15.291489 -1.732434 9.472400 5267
Car -1 -1 2.059000 95.497400 179.061300 494.680000 374.000000 1.568629 1.648332 4.130175 -2.628759 1.674734 7.007670 1.711989 13.773200 5255
