Car -1 -1 1.727300 509.987300 167.333400 564.722300 214.998500 2.053277 1.832657 4.699323 -3.371244 1.838876 33.915548 1.630334 6.066700 5353
Car -1 -1 2.148900 812.492100 168.637800 904.837100 217.553800 1.610782 1.499618 3.346292 8.738215 1.478274 25.387720 2.502505 2.577700 5351
Car -1 -1 1.980700 938.567400 162.877300 1049.448700 221.440900 1.594912 1.555505 3.635399 11.298452 1.316672 21.270209 2.459491 9.579700 5349
Car -1 -1 0.241600 331.584100 191.814400 386.364700 208.659600 1.475591 1.668339 4.385385 -23.237970 3.246037 66.563701 -0.104932 3.248300 5347
Car -1 -1 1.887100 279.261700 186.955000 448.575600 302.138900 1.522660 1.545410 3.647977 -3.934068 1.783087 11.832990 1.570994 12.577100 5334
Car -1 -1 2.105100 847.559900 170.452900 952.310200 222.157500 1.530225 1.537834 3.387538 8.970560 1.423588 22.728476 2.493816 11.910800 5324
Car -1 -1 -1.691000 670.428900 177.403500 734.626200 229.969000 1.554652 1.624882 3.702408 2.766735 1.712053 23.691661 -1.561522 12.630500 5319
Car -1 -1 -3.299600 712.487000 168.385800 784.835800 196.657000 1.656875 1.676016 4.049885 7.986974 1.390180 43.000306 -3.107670 4.641400 5314
Car -1 -1 1.832500 390.328700 185.244800 501.804700 259.688900 1.460518 1.586182 3.967997 -3.892671 1.796398 17.109775 1.618946 11.505700 5308
Car -1 -1 -2.287700 898.565900 184.472700 1241.000000 374.000000 1.512951 1.554993 3.603364 2.557369 1.601091 2.513696 -1.574625 9.969400 5296
Car -1 -1 1.772200 489.610400 179.625400 548.791800 221.938300 1.540517 1.567110 3.680011 -3.648722 1.771316 28.247579 1.651320 10.670200 5281
Car -1 -1 -2.372000 983.524000 129.756000 1241.000000 271.749700 1.835600 1.696830 3.947425 7.947709 1.266529 11.559794 -1.765855 8.379200 5267
Car -1 -1 2.368000 0.000000 181.288100 358.204900 374.000000 1.485417 1.595369 4.064021 -2.805111 1.561378 3.001657 1.640158 8.314200 5255
