Car -1 -1 2.471100 0.000000 199.887600 65.999800 226.169400 1.462606 1.577749 3.667451 -36.991792 3.253346 45.990760 1.807821 -0.566500 5366
Car -1 -1 2.331500 803.373300 164.904100 909.404800 213.486100 1.656183 1.563386 3.705777 8.991023 1.396903 26.407458 2.653220 7.177100 5365
Car -1 -1 -3.307400 727.563500 157.080400 807.046700 183.882400 1.531728 1.678060 4.315258 8.741837 0.655766 40.621291 -3.101146 0.739600 5363
Car -1 -1 2.209300 827.022200 166.292800 935.092000 217.666600 1.590987 1.552515 3.586248 8.876515 1.338194 23.670851 2.569525 8.509900 5355
Car -1 -1 1.726600 490.336100 163.941000 552.151500 218.716700 2.045547 1.802501 4.479858 -3.597434 1.687135 29.145549 1.609191 7.117600 5353
Car -1 -1 2.144600 853.899500 167.849300 968.894300 225.395200 1.512459 1.503486 3.244736 8.452112 1.353912 20.435332 2.531703 3.819200 5351
Car -1 -1 1.866600 1031.265100 157.171200 1167.319800 235.727000 1.610268 1.602163 3.522621 11.103213 1.264303 16.430899 2.464338 11.659600 5349
Car -1 -1 0.208100 396.306300 185.386600 452.906400 204.030600 1.537489 1.700496 4.481023 -16.104416 2.595664 62.175592 -0.049511 2.222000 5347
Car -1 -1 2.057200 0.000000 194.940200 348.910900 374.000000 1.476752 1.552336 3.491691 -4.001676 1.726828 6.974566 1.551356 13.207300 5334
Car -1 -1 2.027700 909.419100 163.279400 1038.101700 231.400000 1.526658 1.531894 3.384506 8.850588 1.319159 17.938081 2.491331 12.513400 5324
Car -1 -1 -1.710300 679.077600 176.425400 764.425700 241.982500 1.525601 1.631534 3.774684 2.591074 1.635436 18.847819 -1.572441 13.257000 5319
Car -1 -1 1.894700 283.454200 185.385900 459.457100 294.968800 1.493765 1.604246 4.056323 -3.990099 1.742007 12.304015 1.593891 12.025000 5308
Car -1 -1 1.816300 457.199100 174.520600 534.409100 229.189700 1.606327 1.606460 3.792440 -3.826380 1.674297 23.406256 1.652512 11.881300 5281
