Car -1 -1 2.228800 805.650800 163.699000 908.214000 212.410600 1.631492 1.568200 3.667845 8.927519 1.358537 26.133814 2.565022 8.293000 5355
Car -1 -1 1.722400 498.063300 164.488900 555.318100 212.811400 1.969570 1.813980 4.606133 -3.630631 1.666416 31.554005 1.611547 7.197200 5353
Car -1 -1 2.205200 825.029600 164.864900 935.017600 218.364200 1.560983 1.547028 3.439690 8.515486 1.349564 22.878646 2.523081 4.512800 5351
Car -1 -1 1.947200 973.885800 153.356500 1101.028300 226.689000 1.720832 1.605562 3.632909 11.172884 1.295288 18.899446 2.480421 11.998600 5349
Car -1 -1 0.225900 359.268100 187.555300 415.375300 204.878900 1.518357 1.660405 4.456326 -20.066607 2.871313 64.328753 -0.081789 5.136500 5347
Car -1 -1 1.974400 171.110400 185.322300 411.665800 334.771300 1.517715 1.548799 3.567759 -4.000427 1.732251 9.414000 1.573887 11.679700 5334
Car -1 -1 2.071400 871.123600 163.919800 987.452200 223.877200 1.550321 1.536589 3.388846 8.803074 1.361492 20.370983 2.484611 11.063200 5324
Car -1 -1 -1.698200 671.810400 176.951900 742.168300 232.399300 1.501297 1.593563 3.625589 2.565430 1.650676 21.277542 -1.574223 13.545800 5319
Car -1 -1 -3.306600 713.585700 164.924900 788.812800 194.761700 1.640667 1.651139 3.982820 7.676105 1.262475 40.675293 -3.113775 5.456800 5314
Car -1 -1 1.858300 339.883900 183.516900 481.510500 272.819500 1.491809 1.621187 4.088776 -4.027903 1.768373 14.700056 1.599305 10.653300 5308
Car -1 -1 1.778200 471.615800 174.861800 539.105800 223.180800 1.564275 1.610595 3.794787 -3.861895 1.696506 25.845798 1.642636 12.785500 5281
Car -1 -1 -2.472000 1064.947900 107.547800 1241.000000 312.233100 1.913215 1.756843 4.125814 7.945946 1.322307 9.093134 -1.750858 6.193400 5267
