Car -1 -1 -2.467300 1143.746000 140.387900 1241.000000 222.073900 1.777897 1.683325 3.814500 15.356621 1.035928 17.465467 -1.781029 3.561500 5325
Car -1 -1 2.157300 875.752800 161.571700 952.498200 198.107500 1.495428 1.499692 3.337637 12.155590 1.083387 29.451653 2.590030 5.376800 5324
Car -1 -1 -1.626900 732.890200 175.820000 776.186400 211.465300 1.471915 1.611995 3.839646 6.135139 1.524596 31.109905 -1.439135 8.606900 5319
Car -1 -1 1.675900 608.553600 165.529000 645.911800 200.416700 1.914474 1.750262 4.301836 1.050291 1.437187 42.042201 1.710679 3.391200 5317
Car -1 -1 -3.253300 773.395500 166.783200 835.555000 190.416300 1.597152 1.641050 3.951653 13.488370 1.116441 49.641618 -2.956473 3.307500 5314
Car -1 -1 1.778300 538.363200 176.732600 608.232000 224.425500 1.497952 1.618006 4.041978 -1.207425 1.619749 25.414001 1.738168 7.799000 5308
Car -1 -1 -1.904500 837.397800 191.222500 1241.000000 374.000000 1.434321 1.530297 3.397847 2.808067 1.619214 5.655286 -1.433910 12.618500 5306
Car -1 -1 -2.326200 1035.993400 143.553300 1223.952000 227.027600 1.838306 1.693823 3.760827 12.729492 1.161606 17.982929 -1.710260 10.017000 5298
Car -1 -1 -1.808700 794.570200 175.264300 982.657800 318.341500 1.629719 1.609751 3.446730 3.620702 1.668306 10.133857 -1.453966 11.718500 5296
Car -1 -1 1.767600 607.638400 171.284000 650.209000 202.849600 1.536274 1.538233 3.637754 0.601220 1.440034 36.500520 1.799147 6.869900 5281
Car -1 -1 -2.167400 922.447000 148.562500 1087.180800 229.547900 1.850570 1.718755 4.001370 9.920159 1.265983 18.527968 -1.668350 10.459700 5267
Car -1 -1 1.934500 373.265000 180.105600 577.725400 311.190500 1.575594 1.644051 4.108479 -1.832529 1.693449 11.124456 1.788218 12.938800 5255
