Car -1 -1 0.024600 567.273700 174.535900 625.837800 194.375100 1.484614 1.597391 4.184723 -1.024636 1.620249 55.266472 0.005063 7.244300 5376
Car -1 -1 1.825400 399.955000 150.631100 431.251300 168.950000 1.474017 1.611717 3.982239 -16.391497 -0.315621 61.141604 1.598094 -0.335800 5375
Car -1 -1 -3.349400 757.989900 157.908300 858.240800 194.623700 1.510736 1.584189 3.921417 8.340070 0.899027 30.734408 -3.089796 6.533600 5374
Car -1 -1 -1.697600 707.486100 178.970100 794.525000 247.748300 1.436306 1.553165 3.860786 3.245035 1.609482 17.442152 -1.517018 9.522900 5369
Car -1 -1 2.191300 891.259600 155.710200 1037.349500 225.762800 1.671569 1.587138 3.633867 9.292181 1.278206 18.985338 2.643541 9.632300 5365
Car -1 -1 2.112500 945.577400 154.949300 1102.526700 233.285800 1.611020 1.534177 3.458883 9.247633 1.253685 16.209310 2.621006 10.987700 5355
Car -1 -1 1.787100 458.873600 159.033200 546.788500 232.926100 2.020516 1.760940 4.350157 -3.196951 1.663613 21.866461 1.640755 7.642700 5353
Car -1 -1 1.912000 1009.209200 153.103400 1178.108100 250.934500 1.556858 1.519039 3.355410 8.792918 1.256921 13.130435 2.510531 9.003500 5351
Car -1 -1 1.766100 1139.924300 143.211700 1241.000000 275.785900 1.587448 1.529090 3.440439 9.115879 1.266278 10.497196 2.489290 8.213600 5324
Car -1 -1 -1.811600 731.180200 176.542800 899.009800 289.595700 1.523725 1.623287 3.924497 2.931320 1.582414 11.525678 -1.552355 13.830600 5319
Car -1 -1 2.233100 0.000000 203.959200 328.873200 374.000000 1.401676 1.591888 4.068383 -3.758571 1.692534 5.149289 1.609393 9.561600 5308
Car -1 -1 1.870800 394.165500 175.717800 514.853500 254.150900 1.527663 1.572214 3.747148 -3.449066 1.624862 16.143907 1.666767 13.533200 5281
