0 1549 Car 0 0 0.926900 1069.550300 170.992200 1152.915000 200.443900 1.473700 1.596500 3.878700 26.301200 1.380900 38.069700 1.531500 -0.659400
0 1548 Car 0 0 -0.468900 917.429800 174.279200 1019.566900 206.609300 1.477200 1.623800 3.990900 16.734400 1.546100 33.869600 -0.010000 -0.242500
0 1547 Car 0 0 1.897700 315.282100 174.766800 352.089900 194.848500 1.510900 1.581500 3.727700 -21.629000 1.666100 56.536900 1.532300 3.589700
0 1546 Car 0 0 1.941800 292.538100 174.863200 335.567700 197.825700 1.588900 1.600400 3.831900 -21.378900 1.740000 52.192400 1.553000 7.279100
0 1545 Car 0 0 -2.207400 891.814200 196.257000 1241.000000 374.000000 1.463200 1.583400 3.889800 3.420000 1.684200 4.836500 -1.591900 7.869800
1 1554 Car 0 0 -0.378900 864.834800 171.447800 967.279500 204.870600 1.471200 1.614300 3.943300 13.730500 1.409600 32.602900 0.019700 -0.094800
1 1553 Car 0 0 -0.699800 1165.312200 166.374600 1241.000000 205.642700 1.640800 1.647200 3.910900 26.398500 1.370400 30.980800 0.005900 -0.779300
1 1552 Car 0 0 1.352800 754.652500 140.659300 791.963900 164.900500 1.479300 1.566000 3.919300 10.619500 -0.542400 47.277900 1.573700 -0.557000
1 1551 Car 0 0 -1.935800 839.784200 150.260700 883.866900 172.694200 1.491600 1.604200 3.855500 17.346900 -0.011100 49.950600 -1.601500 0.694100
1 1550 Car 0 0 1.374200 797.443900 141.680300 838.123900 167.841900 1.523100 1.659400 4.077700 12.841800 -0.326200 44.908900 1.652700 1.519700
1 1549 Car 0 0 -2.608900 1074.500600 170.909600 1175.039600 201.754700 1.470400 1.604567 3.855417 25.885642 1.377800 36.472860 -1.959899 -0.491700
1 1548 Car 0 0 -0.468900 917.429800 174.279200 1019.566900 206.609300 1.477200 1.623800 3.990900 16.734400 1.546100 33.869600 -0.010000 -0.242500
1 1547 Car 0 0 1.958900 309.107300 174.218300 347.393000 194.548700 1.495775 1.542267 3.447108 -21.454717 1.602006 54.989055 1.582442 2.336400
1 1546 Car 0 0 1.924500 286.207000 174.426000 328.662700 196.738600 1.511900 1.570883 3.726117 -21.284209 1.620112 50.818437 1.529992 4.129900
1 1545 Car 0 0 -2.175400 876.625100 192.577200 1241.000000 374.000000 1.470717 1.609617 4.071758 3.409601 1.667002 5.083975 -1.585300 8.479100
2 1557 Car 0 0 -3.652100 961.961800 197.446900 1093.761400 239.852200 1.474800 1.619200 3.965800 15.453100 2.420000 26.886800 -3.130500 0.638100
2 1556 Car 0 0 2.734800 819.971300 175.492900 970.964900 223.604500 1.506100 1.661100 4.282800 9.209000 1.596100 23.588300 3.107100 1.413500
2 1555 Car 0 0 -0.633200 939.448100 174.179200 1051.839900 209.234100 1.474000 1.642500 4.170600 16.774700 1.534300 31.533200 -0.144300 1.427600
2 1554 Car 0 0 -0.378900 864.834800 171.447800 967.279500 204.870600 1.471200 1.614300 3.943300 13.730500 1.409600 32.602900 0.019700 -0.094800
2 1553 Car 0 0 -0.699800 1165.312200 166.374600 1241.000000 205.642700 1.640800 1.647200 3.910900 26.398500 1.370400 30.980800 0.005900 -0.779300
2 1552 Car 0 0 1.352800 754.652500 140.659300 791.963900 164.900500 1.479300 1.566000 3.919300 10.619500 -0.542400 47.277900 1.573700 -0.557000
2 1551 Car 0 0 -1.846000 851.886000 153.573800 893.162600 176.317400 1.472533 1.614100 3.876675 17.614673 0.224276 48.650230 -1.507175 0.196100
2 1550 Car 0 0 1.374200 797.443900 141.680300 838.123900 167.841900 1.523100 1.659400 4.077700 12.841800 -0.326200 44.908900 1.652700 1.519700
2 1549 Car 0 0 0.921800 1100.211300 172.864000 1190.658000 204.641300 1.475066 1.598806 3.811640 26.113027 1.472298 35.417455 1.428586 -0.199500
2 1547 Car 0 0 1.935400 304.922100 174.696500 342.629300 195.599400 1.500194 1.528029 3.386646 -21.340082 1.638420 53.821903 1.566380 1.292000
2 1546 Car 0 0 1.960100 280.136500 174.397000 324.559200 197.707100 1.530563 1.554729 3.681683 -21.190448 1.642135 49.740768 1.548069 5.851900
2 1545 Car 0 0 -2.159200 865.450700 193.883400 1241.000000 374.000000 1.465514 1.616900 4.119034 3.390354 1.676248 5.282541 -1.587337 9.587900
3 1549 Car 0 0 0.921800 1100.211300 172.864000 1190.658000 204.641300 1.475066 1.598806 3.811640 26.219947 1.548496 34.260861 1.428586 -0.199500
3 1547 Car 0 0 1.963300 296.565400 176.863400 339.261200 198.244300 1.491217 1.548903 3.642067 -21.312223 1.769509 52.731599 1.574313 5.478200
3 1546 Car 0 0 1.914800 270.598800 175.797000 318.314900 199.862200 1.533455 1.639278 3.888311 -21.195190 1.726201 48.593319 1.520024 4.652100
3 1545 Car 0 0 -2.146000 853.246300 192.990500 1241.000000 374.000000 1.467252 1.606859 4.098183 3.354583 1.680675 5.522139 -1.595858 10.283600
4 1556 Car 0 0 -3.637900 837.064000 179.801900 1002.831600 233.433800 1.476123 1.643863 4.182009 8.976823 1.706044 21.065408 3.067357 2.909800
4 1552 Car 0 0 -1.753700 776.790800 142.830000 816.663600 168.722400 1.475442 1.611318 4.022855 11.225962 -0.243774 43.826583 -1.526102 -0.740300
4 1547 Car 0 0 1.942900 291.627800 176.203500 336.549200 198.307500 1.499314 1.598348 3.879541 -21.197070 1.774125 51.703409 1.561928 3.326400
4 1546 Car 0 0 1.983800 262.802900 177.205500 311.509100 201.132700 1.503654 1.595910 3.761625 -21.140385 1.778865 47.339599 1.546991 5.510100
4 1545 Car 0 0 -2.114700 845.612300 191.703800 1241.000000 374.000000 1.462516 1.623593 4.134334 3.366043 1.670873 5.807726 -1.591800 11.938800
5 1556 Car 0 0 -0.405700 885.394800 177.170500 1059.947400 237.707300 1.529494 1.630540 4.023220 9.557190 1.679918 19.679573 0.005552 1.254400
5 1552 Car 0 0 -1.753700 776.790800 142.830000 816.663600 168.722400 1.475442 1.611318 4.022855 11.474193 -0.175779 42.686618 -1.526102 -0.740300
5 1547 Car 0 0 1.974600 284.322800 176.867400 329.734900 198.860200 1.474455 1.585708 3.804966 -21.138928 1.769670 50.477654 1.571554 3.288500
5 1546 Car 0 0 1.974700 255.584000 176.247100 306.935400 201.095300 1.505413 1.602209 3.822498 -21.040951 1.756953 46.205302 1.547553 6.014600
5 1545 Car 0 0 -2.096800 835.731000 194.626600 1241.000000 374.000000 1.458056 1.615685 4.064276 3.331908 1.692450 6.069072 -1.594396 11.867200
6 1559 Car 0 0 -2.256200 1167.590100 181.641800 1240.012200 205.550500 1.483800 1.607497 3.874926 39.447480 2.097294 48.105636 -1.582005 0.838800
6 1556 Car 0 0 -0.405700 885.394800 177.170500 1059.947400 237.707300 1.529494 1.630540 4.023220 9.688361 1.639772 18.354816 0.005552 1.254400
6 1547 Car 0 0 1.977400 276.377600 178.088200 322.770000 202.218400 1.527079 1.588361 3.719572 -21.134974 1.894614 49.282188 1.571582 3.712700
6 1546 Car 0 0 1.993300 246.527000 177.769100 297.484100 202.907500 1.486122 1.564935 3.660199 -20.963621 1.789602 44.869262 1.552650 7.197700
6 1545 Car 0 0 -2.069000 825.805600 190.282600 1241.000000 374.000000 1.470073 1.614705 4.092351 3.305160 1.686101 6.343687 -1.591494 11.733000
7 1559 Car 0 0 -2.256200 1167.590100 181.641800 1240.012200 205.550500 1.483800 1.607497 3.874926 39.469509 2.172279 46.891902 -1.582005 0.838800
7 1547 Car 0 0 1.999100 266.610400 179.343800 315.303700 202.550100 1.477649 1.585357 3.672990 -21.109891 1.911048 47.930786 1.578762 4.584800
7 1546 Car 0 0 1.990600 237.209600 178.954000 289.212900 204.593800 1.468927 1.537596 3.597407 -20.948114 1.835520 43.684278 1.546748 8.044500
7 1545 Car 0 0 -2.053800 812.483100 190.051300 1241.000000 374.000000 1.455195 1.626198 4.128969 3.295324 1.667278 6.719980 -1.596998 12.039500
8 1547 Car 0 0 1.989900 261.346200 178.535400 310.418400 202.958200 1.489052 1.566224 3.664653 -21.036649 1.904751 46.835810 1.572296 7.249800
8 1546 Car 0 0 2.006800 224.492100 178.585100 282.065200 205.927200 1.494435 1.569242 3.722987 -20.969996 1.864832 42.543519 1.547769 7.830400
8 1545 Car 0 0 -2.041000 811.871500 190.808700 1229.224200 374.000000 1.462553 1.631761 4.030721 3.279112 1.681166 6.902458 -1.595701 13.326800
9 1547 Car 0 0 1.782300 256.521100 177.123300 297.700900 202.211000 1.495571 1.589262 3.787300 -21.090997 1.835194 45.814073 1.435219 -0.496400
9 1546 Car 0 0 2.036800 214.952600 177.815500 273.417200 204.434200 1.457393 1.545854 3.652230 -20.930392 1.784529 41.357427 1.560458 8.704900
9 1545 Car 0 0 -2.016500 799.195400 192.170400 1181.140400 374.000000 1.414623 1.626347 4.067048 3.256563 1.650927 7.253466 -1.596442 12.993800
10 1547 Car 0 0 2.015600 239.474100 175.407000 295.319000 201.331200 1.511040 1.614501 3.813628 -21.112362 1.742148 44.629038 1.520434 3.990500
10 1546 Car 0 0 1.985900 201.914100 174.244000 264.872100 204.088100 1.532365 1.607501 3.876929 -20.990859 1.706210 40.333141 1.526739 6.584300
10 1545 Car 0 0 -1.998500 788.453100 187.889600 1154.425100 374.000000 1.451258 1.637442 4.168067 3.227151 1.667482 7.576026 -1.597096 12.305000
11 1547 Car 0 0 2.043400 231.124000 174.863500 288.040600 202.219600 1.540866 1.582177 3.736357 -21.007303 1.706707 43.329978 1.564664 6.457900
11 1546 Car 0 0 2.001100 190.825400 175.149900 253.850700 204.431800 1.506244 1.598106 3.772649 -20.894383 1.649541 38.995673 1.515776 5.594700
11 1545 Car 0 0 -1.989600 776.889600 192.085700 1120.474800 374.000000 1.417910 1.635686 4.260360 3.191663 1.668057 7.936690 -1.604947 12.882200
12 1547 Car 0 0 2.047300 221.939000 176.217100 281.137600 202.380200 1.480073 1.569645 3.729029 -20.916351 1.668376 42.141188 1.578407 7.925200
12 1546 Car 0 0 2.039300 179.167300 177.252800 246.393100 207.680700 1.500222 1.590315 3.739554 -20.834025 1.707647 37.877370 1.528955 4.704600
12 1545 Car 0 0 -1.982100 775.155900 185.543600 1092.385800 363.418500 1.430326 1.631986 4.169101 3.182403 1.635646 8.220293 -1.609244 13.290700
13 1547 Car 0 0 2.067600 213.481800 177.513400 277.438300 204.910400 1.468223 1.591248 3.810282 -20.764343 1.714475 41.047857 1.592185 7.402100
13 1546 Car 0 0 2.044000 170.216600 176.738000 239.014300 207.119100 1.467947 1.562989 3.702129 -20.656929 1.674341 36.719697 1.531579 8.635700
13 1545 Car 0 0 -1.952700 774.202600 189.855200 1064.072200 360.522600 1.438097 1.625258 4.094875 3.190873 1.672126 8.534940 -1.599761 12.298100
14 1547 Car 0 0 2.059300 207.812500 177.556100 267.934800 206.824000 1.506094 1.569958 3.541634 -20.615048 1.772792 39.924267 1.587003 5.902000
14 1546 Car 0 0 2.078800 156.057000 179.579800 231.658600 211.206000 1.452158 1.568125 3.779304 -20.533080 1.752160 35.610929 1.547228 7.867800
14 1545 Car 0 0 -1.942300 769.592900 185.490800 1052.916100 350.736300 1.459236 1.641353 4.164666 3.218158 1.667641 8.856738 -1.594964 12.037100
15 1547 Car 0 0 2.081700 195.612800 180.993300 261.799000 210.129700 1.470746 1.560775 3.610771 -20.472172 1.864385 38.756650 1.592872 7.898400
15 1546 Car 0 0 2.074500 145.651800 181.247800 220.720500 213.863200 1.442110 1.548147 3.680354 -20.407298 1.825127 34.503624 1.543688 9.748900
15 1545 Car 0 0 -1.927300 764.305700 183.043600 1025.005600 341.690200 1.501425 1.652074 4.135516 3.229393 1.681174 9.240944 -1.592761 11.806100
16 1547 Car 0 0 2.079700 185.160700 181.322500 251.091100 211.515200 1.462560 1.537614 3.515797 -20.364373 1.906220 37.558625 1.586771 7.926900
16 1546 Car 0 0 2.116600 130.639700 183.080300 210.020500 217.376800 1.448902 1.549416 3.557703 -20.290619 1.912527 33.344993 1.560259 9.874100
16 1545 Car 0 0 -1.907600 764.254600 184.996000 1009.449700 333.690700 1.478357 1.640100 4.090822 3.231148 1.666467 9.497585 -1.583824 13.554100
17 1547 Car 0 0 2.086900 175.085600 180.665200 242.726100 211.996500 1.470248 1.523143 3.441388 -20.268831 1.901872 36.476079 1.582772 7.325200
17 1546 Car 0 0 2.115400 110.556100 182.357300 198.175400 218.724100 1.466453 1.574375 3.676734 -20.238304 1.928936 32.181977 1.556267 9.543900
17 1545 Car 0 0 -1.909800 757.341100 183.320100 988.688900 326.373600 1.486294 1.626936 4.023937 3.214998 1.664175 9.813726 -1.589989 11.887300
18 1547 Car 0 0 2.103100 158.129500 182.116700 232.767100 213.715100 1.440244 1.551484 3.524583 -20.219216 1.905679 35.314130 1.582727 6.892700
18 1546 Car 0 0 2.128500 93.348100 181.800800 185.151700 219.607400 1.475691 1.562462 3.726094 -20.178912 1.910793 31.044525 1.553753 9.169200
18 1545 Car 0 0 -1.899100 751.731600 183.818500 978.424700 322.141200 1.488337 1.642612 4.115198 3.221608 1.672447 10.174055 -1.591603 13.222400
19 1547 Car 0 0 2.127500 144.377500 181.935600 222.236400 214.454000 1.424333 1.531470 3.551663 -20.156051 1.886479 34.178133 1.590065 8.763900
19 1546 Car 0 0 2.157900 77.130000 182.485300 170.703300 219.550300 1.428664 1.542523 3.589574 -20.089440 1.858820 29.901149 1.561755 9.184500
19 1545 Car 0 0 -1.899300 747.098700 183.928000 961.559200 315.545700 1.481207 1.635064 4.083432 3.207304 1.670866 10.491489 -1.598708 13.878800
20 1547 Car 0 0 2.142300 127.999100 181.081200 211.955200 216.149100 1.456883 1.549102 3.613119 -20.105952 1.883885 33.071050 1.593795 8.223600
20 1546 Car 0 0 2.159500 54.722400 182.213000 154.753400 223.304400 1.467066 1.545166 3.576735 -20.060005 1.881502 28.776089 1.554799 10.856500
20 1545 Car 0 0 -1.892200 743.351500 184.293500 953.849500 309.220900 1.458335 1.644357 4.188231 3.226275 1.658076 10.855330 -1.601237 12.175100
21 1547 Car 0 0 2.168000 110.713300 182.132600 198.325800 219.358300 1.487054 1.548730 3.568979 -20.049136 1.924003 31.890920 1.601585 9.087800
21 1546 Car 0 0 2.179800 32.783600 182.230800 141.510900 226.280200 1.509052 1.554396 3.643894 -20.022949 1.911076 27.728322 1.554861 9.010500
21 1545 Car 0 0 -1.875300 739.969300 180.924000 937.269300 300.087000 1.461342 1.656868 4.170907 3.225465 1.628038 11.216468 -1.597753 12.373400
22 1547 Car 0 0 2.158900 96.129900 183.873600 183.017800 222.670500 1.505376 1.543087 3.396808 -20.007696 1.986956 30.777115 1.589728 8.827600
22 1546 Car 0 0 2.188500 6.798400 186.150900 121.610500 229.678700 1.456796 1.551432 3.639139 -19.984842 1.940068 26.575448 1.547716 10.108800
22 1545 Car 0 0 -1.882200 737.552200 184.458100 921.984000 298.983100 1.451427 1.623823 4.033328 3.211413 1.649646 11.521046 -1.605693 13.505500
23 1547 Car 0 0 2.197000 72.147600 185.305900 171.005100 224.324200 1.465280 1.542601 3.522573 -19.962321 1.991192 29.624978 1.598363 7.773000
23 1546 Car 0 0 2.213400 0.000000 187.459000 101.356800 234.825800 1.470457 1.555924 3.558214 -19.927990 2.003388 25.403170 1.547830 8.754400
23 1545 Car 0 0 -1.869300 732.147800 183.788700 912.116000 296.076500 1.460928 1.628938 4.078427 3.200001 1.668465 11.884655 -1.606501 13.093000
24 1547 Car 0 0 2.171700 52.909100 182.574600 157.408900 225.024300 1.500273 1.550758 3.648730 -19.906665 1.958851 28.550314 1.576693 7.770100
24 1546 Car 0 0 2.234600 0.000000 186.669900 80.022000 235.568000 1.462449 1.570062 3.525264 -19.904454 1.979505 24.268053 1.547502 7.485100
24 1545 Car 0 0 -1.855800 730.626400 181.982000 902.396200 291.872000 1.490515 1.642202 4.111166 3.221849 1.683798 12.293025 -1.601989 12.055200
25 1547 Car 0 0 2.211300 36.599900 181.896200 140.807000 223.410200 1.471180 1.540710 3.471954 -19.897063 1.873644 27.589446 1.583372 5.530800
25 1546 Car 0 0 2.269600 0.000000 182.818500 57.023100 235.905600 1.493815 1.589615 3.641291 -19.934342 1.905867 23.128027 1.553496 7.309800
25 1545 Car 0 0 -1.857400 724.216000 183.628400 890.445800 290.399300 1.493534 1.637627 4.102535 3.182207 1.704878 12.609836 -1.607867 13.751900
26 1547 Car 0 0 2.267400 0.000000 181.104200 118.527700 225.314500 1.460315 1.535018 3.544292 -19.914957 1.810376 26.311667 1.604155 11.448300
26 1546 Car 0 0 2.269600 0.000000 182.818500 57.023100 235.905600 1.493815 1.589615 3.641291 -19.883728 1.912918 21.981019 1.553496 7.309800
26 1545 Car 0 0 -1.843600 721.957300 183.306300 880.427200 283.744900 1.471264 1.643791 4.075320 3.165717 1.686778 12.946629 -1.605601 13.490000
27 1601 Car 0 0 -2.303100 999.081600 176.482200 1241.000000 374.000000 1.604274 1.593203 3.859329 3.622481 1.712626 3.569904 -1.515900 5.507500
27 1547 Car 0 0 2.274900 0.000000 183.336800 97.003300 228.353500 1.424398 1.519927 3.527672 -19.902686 1.798101 25.114590 1.603874 10.666700
27 1545 Car 0 0 -1.823000 716.208900 183.233200 865.656900 280.870600 1.472831 1.646701 4.112513 3.121487 1.694198 13.370346 -1.599544 12.967700
28 1601 Car 0 0 -2.333900 995.852100 174.964200 1241.000000 374.000000 1.647205 1.628943 3.951441 3.691833 1.701696 3.648453 -1.527252 6.314600
28 1547 Car 0 0 2.276700 0.000000 184.566500 72.696700 234.216500 1.449368 1.530479 3.527751 -19.904654 1.851624 23.918666 1.589984 8.241200
28 1545 Car 0 0 -1.819500 712.432500 184.794600 854.584900 279.708800 1.472441 1.638357 4.044892 3.073789 1.720412 13.718170 -1.600135 13.694500
29 1601 Car 0 0 -2.300700 972.115100 183.111000 1241.000000 374.000000 1.612298 1.629164 3.822258 3.712817 1.685769 3.995589 -1.546652 5.270900
29 1547 Car 0 0 2.321100 0.000000 185.085100 48.954400 240.697100 1.508595 1.573816 3.642365 -19.961667 1.925151 22.757054 1.595927 6.930800
29 1545 Car 0 0 -1.806500 707.679000 184.624100 844.861100 275.496900 1.458943 1.641412 4.079383 3.027498 1.718434 14.099353 -1.597888 13.452100
30 1608 Car 0 0 1.920700 674.358300 178.684700 714.949800 201.159500 1.479383 1.600149 3.906823 5.969683 1.913626 50.798353 2.131102 -0.125500
30 1601 Car 0 0 -2.262300 956.865800 192.475500 1241.000000 374.000000 1.564268 1.623314 3.910556 3.663976 1.699083 4.150231 -1.541984 6.859100
30 1547 Car 0 0 2.321100 0.000000 186.589000 23.505100 245.201600 1.519043 1.602792 3.786203 -19.984794 1.960284 21.619142 1.582561 4.178300
30 1545 Car 0 0 -1.817800 701.246000 182.900600 832.769800 273.031700 1.492290 1.640601 3.945775 2.961593 1.735645 14.490180 -1.610442 12.748500
31 1608 Car 0 0 1.920700 674.358300 178.684700 714.949800 201.159500 1.479383 1.600149 3.906823 5.837440 1.926592 49.724587 2.131102 -0.125500
31 1601 Car 0 0 -2.270500 943.775200 193.217500 1241.000000 374.000000 1.552669 1.631154 3.886418 3.654589 1.717940 4.327023 -1.558187 8.302100
31 1547 Car 0 0 2.321100 0.000000 186.589000 23.505100 245.201600 1.519043 1.602792 3.786203 -19.953958 1.971069 20.468799 1.582561 4.178300
31 1545 Car 0 0 -1.809100 696.691700 181.860200 822.011200 265.734700 1.468687 1.619525 3.944925 2.897965 1.692003 14.908570 -1.615731 13.429900
32 1601 Car 0 0 -2.202400 914.777500 192.423300 1241.000000 374.000000 1.531613 1.596387 3.749882 3.610756 1.710332 4.806194 -1.567095 7.023800
32 1545 Car 0 0 -1.802200 687.879800 182.537200 811.678600 264.876600 1.463318 1.635393 4.023524 2.795297 1.693693 15.323985 -1.621274 13.628700
33 1614 Car 0 0 1.237100 800.690100 173.299400 834.985800 191.500200 1.478223 1.587197 3.868031 17.397706 1.514189 60.601114 1.517443 -0.350900
33 1613 Car 0 0 -1.055400 117.840900 161.030200 170.524400 181.330600 1.470163 1.608280 3.884889 -34.946789 0.611073 54.148534 -1.623657 0.626600
33 1601 Car 0 0 -2.205000 900.541300 187.763100 1241.000000 374.000000 1.548601 1.596704 3.764355 3.568290 1.707233 5.030720 -1.580633 7.222400
33 1545 Car 0 0 -1.781200 683.423800 182.470300 798.074800 262.365900 1.465161 1.623037 4.019554 2.690261 1.700716 15.741793 -1.617149 13.247000
34 1614 Car 0 0 1.237100 800.690100 173.299400 834.985800 191.500200 1.478223 1.587197 3.868031 17.145507 1.517346 59.508663 1.517443 -0.350900
34 1613 Car 0 0 -1.055400 117.840900 161.030200 170.524400 181.330600 1.470163 1.608280 3.884889 -35.170567 0.528355 52.415896 -1.623657 0.626600
34 1601 Car 0 0 -2.185600 874.082600 182.380400 1241.000000 374.000000 1.578451 1.627356 3.832119 3.510520 1.699865 5.319293 -1.596743 8.022400
34 1545 Car 0 0 -1.777800 677.225300 181.998400 786.921100 258.800700 1.458696 1.610653 3.966122 2.575864 1.690943 16.132181 -1.620147 14.178700
35 1616 Car 0 0 1.951900 670.993700 175.008200 716.552500 199.550000 1.460254 1.571551 3.690134 5.275149 1.607558 45.347475 2.217909 -0.495200
35 1601 Car 0 0 -2.167300 855.355800 172.738900 1241.000000 374.000000 1.603265 1.614899 3.768265 3.453529 1.646412 5.701889 -1.617235 8.730200
35 1545 Car 0 0 -1.795800 668.554600 180.943500 778.565100 255.887600 1.464755 1.620014 3.929583 2.456106 1.682114 16.553173 -1.639277 12.099700
36 1616 Car 0 0 1.951900 670.993700 175.008200 716.552500 199.550000 1.460254 1.571551 3.690134 4.874704 1.520481 44.476290 2.217909 -0.495200
36 1601 Car 0 0 -2.145800 843.749900 167.263500 1241.000000 374.000000 1.626339 1.610635 3.707843 3.378300 1.620654 5.936623 -1.625372 8.635400
36 1545 Car 0 0 -1.776700 662.908900 180.159100 768.784100 252.640300 1.457737 1.622045 4.017725 2.333491 1.658848 16.957913 -1.641145 13.438800
37 1601 Car 0 0 -2.112200 824.908900 172.503700 1241.000000 374.000000 1.591334 1.588550 3.736926 3.283092 1.583503 6.230028 -1.629592 9.785000
37 1545 Car 0 0 -1.767800 655.762100 180.634200 757.222000 250.536100 1.450360 1.633080 4.003927 2.190803 1.656269 17.396773 -1.643713 13.079300
38 1601 Car 0 0 -2.085600 803.244200 172.587700 1241.000000 374.000000 1.582599 1.602363 3.780976 3.167709 1.575010 6.531126 -1.635963 11.068400
38 1545 Car 0 0 -1.757200 649.359000 179.566800 747.984900 247.517500 1.443524 1.639520 4.065590 2.045423 1.634871 17.794507 -1.644570 14.182800
39 1601 Car 0 0 -2.055700 789.582800 165.998900 1169.766900 374.000000 1.612512 1.612460 3.642736 3.055026 1.577128 6.857603 -1.639818 11.498800
39 1545 Car 0 0 -1.741800 642.639200 178.641200 735.995200 248.059900 1.492025 1.643401 4.044769 1.878757 1.666235 18.212091 -1.642858 12.179900
40 1601 Car 0 0 -2.028700 767.902000 166.295700 1123.089700 374.000000 1.661947 1.630655 3.674914 2.930054 1.618246 7.230310 -1.646358 10.636300
40 1545 Car 0 0 -1.731300 634.566900 181.086500 725.224800 248.121000 1.487436 1.646552 4.121177 1.688327 1.702332 18.626098 -1.643564 12.200500
41 1601 Car 0 0 -2.000800 754.894200 175.061400 1086.486200 374.000000 1.628730 1.625615 3.705745 2.801606 1.629661 7.511868 -1.647249 10.915900
41 1545 Car 0 0 -1.726500 627.512600 181.963900 714.948200 246.997000 1.477154 1.643924 4.124961 1.498509 1.726537 19.025984 -1.647912 12.700600
42 1629 Car 0 0 2.192000 0.000000 185.749700 58.387000 218.236800 1.472526 1.632642 4.047213 -30.218900 2.173324 36.635522 1.496550 -0.735200
42 1601 Car 0 0 -1.975600 738.402100 175.504300 1050.994900 374.000000 1.623829 1.638214 3.770549 2.671338 1.647078 7.820335 -1.649320 12.545800
42 1545 Car 0 0 -1.736000 620.610500 182.331200 706.562100 246.967400 1.491150 1.640881 4.047298 1.321309 1.764551 19.416984 -1.661687 12.850900
43 1629 Car 0 0 2.192000 0.000000 185.749700 58.387000 218.236800 1.472526 1.632642 4.047213 -30.373160 2.147055 35.416537 1.496550 -0.735200
43 1601 Car 0 0 -1.950900 724.154400 173.159500 1011.351600 366.860100 1.655763 1.649206 3.781643 2.542470 1.668795 8.169907 -1.651903 11.091900
43 1545 Car 0 0 -1.726100 614.430000 180.377000 697.598600 243.331000 1.501131 1.641387 4.084814 1.145242 1.749350 19.871848 -1.667134 11.421200
44 1601 Car 0 0 -1.936800 706.659700 171.692300 975.661800 353.898700 1.663326 1.646854 3.857511 2.397436 1.662240 8.570990 -1.662779 11.500000
44 1545 Car 0 0 -1.717800 607.384000 181.623600 688.002200 241.466500 1.469036 1.642137 4.086103 0.945202 1.732662 20.228430 -1.670945 11.782100
45 1601 Car 0 0 -1.910000 697.567900 171.883800 938.546800 342.350000 1.654287 1.638292 3.695394 2.245122 1.647909 8.854124 -1.664213 11.116600
45 1545 Car 0 0 -1.720600 600.864700 180.842700 679.522100 240.108600 1.472104 1.636305 4.043395 0.750064 1.729187 20.603997 -1.680311 12.866200
46 1601 Car 0 0 -1.877900 683.279500 175.163600 909.104100 335.781400 1.634950 1.644106 3.744840 2.094074 1.655288 9.249290 -1.661362 11.896700
46 1545 Car 0 0 -1.723700 595.606000 180.409400 672.276200 238.027200 1.468022 1.623138 3.986663 0.574654 1.715559 20.967136 -1.690873 11.633800
47 1644 Car 0 0 2.172100 0.000000 184.432100 49.170300 216.360900 1.493551 1.644803 4.049671 -31.233354 2.131852 37.205686 1.470174 2.889300
47 1601 Car 0 0 -1.875600 673.263800 176.515300 888.289200 333.366600 1.631458 1.628034 3.738635 1.957392 1.676795 9.537220 -1.669791 10.156300
47 1545 Car 0 0 -1.711300 590.811700 182.501200 664.486300 238.971900 1.462323 1.625525 3.919691 0.403129 1.752633 21.353173 -1.692435 10.976800
48 1644 Car 0 0 2.187600 0.000000 184.572200 42.063200 216.049800 1.473375 1.613182 3.867457 -31.236496 2.105130 36.791020 1.479420 1.186900
48 1601 Car 0 0 -1.842500 663.371700 179.477000 858.108900 325.775700 1.610595 1.623316 3.681198 1.811927 1.697137 9.907024 -1.666521 12.985900
48 1545 Car 0 0 -1.708800 585.458000 183.520000 657.534400 237.585000 1.430913 1.617722 3.953503 0.227461 1.761464 21.732213 -1.696678 11.117200
49 1644 Car 0 0 2.187600 0.000000 184.572200 42.063200 216.049800 1.473375 1.613182 3.867457 -31.270743 2.113936 36.144246 1.479420 1.186900
49 1601 Car 0 0 -1.827900 652.517000 177.702600 835.096600 320.729300 1.628521 1.615581 3.639049 1.659669 1.714620 10.255969 -1.668733 11.105200
49 1545 Car 0 0 -1.701500 580.909800 181.889500 651.426800 235.700900 1.439557 1.630502 3.939719 0.064831 1.754348 22.117164 -1.698175 11.917900
50 1646 Car 0 0 -1.193700 204.785400 174.315700 251.367500 202.108200 1.894761 1.707986 3.933327 -25.904349 1.923661 49.021486 -1.678675 2.252100
50 1601 Car 0 0 -1.816000 646.166500 174.957300 818.856600 309.804100 1.626098 1.610154 3.611825 1.547143 1.681681 10.602868 -1.670443 12.865100
50 1545 Car 0 0 -1.685800 577.948500 179.178200 646.681000 232.741000 1.465108 1.650278 4.071658 -0.070422 1.719117 22.577248 -1.692319 10.211100
51 1646 Car 0 0 -1.193700 204.785400 174.315700 251.367500 202.108200 1.894761 1.707986 3.933327 -25.847794 1.860954 47.541863 -1.678675 2.252100
51 1601 Car 0 0 -1.806000 635.442600 174.865300 800.185400 302.146100 1.599647 1.602890 3.602848 1.401667 1.641543 10.912948 -1.676288 11.424800
51 1545 Car 0 0 -1.699200 571.958100 177.439400 640.241600 229.107400 1.464176 1.642999 4.072982 -0.243115 1.656632 22.953842 -1.703555 11.275000
52 1601 Car 0 0 -1.794600 628.877000 171.382600 784.982100 295.803600 1.618097 1.607778 3.571669 1.285699 1.620624 11.277578 -1.679447 11.943300
52 1545 Car 0 0 -1.683300 569.974900 178.420800 634.158300 228.505600 1.448307 1.627301 3.941228 -0.383239 1.639580 23.242551 -1.701173 12.455400
53 1601 Car 0 0 -1.759000 624.076300 170.245100 769.029300 290.051800 1.623908 1.610758 3.619648 1.173541 1.600951 11.657895 -1.666748 12.624200
53 1545 Car 0 0 -1.671800 567.018000 177.918700 629.888400 227.745400 1.456337 1.638302 3.972607 -0.513302 1.639175 23.650004 -1.696183 11.786600
54 1601 Car 0 0 -1.757400 615.749600 172.399700 753.925200 287.441700 1.618217 1.606581 3.512822 1.038921 1.604212 11.943276 -1.669623 11.846400
54 1545 Car 0 0 -1.663000 562.663300 178.478500 624.478600 228.530300 1.476277 1.655915 4.071303 -0.669802 1.672592 24.071723 -1.693042 11.081100
55 1661 Car 0 0 -0.942900 0.000000 179.680300 64.342200 206.156700 1.456958 1.543100 3.608705 -34.179028 1.869655 42.482258 -1.607216 0.789500
55 1601 Car 0 0 -1.756400 607.281300 175.749900 742.742100 287.820700 1.613571 1.606098 3.615031 0.908739 1.644672 12.344279 -1.678385 11.480400
55 1545 Car 0 0 -1.658600 560.356600 180.248800 618.343800 228.727100 1.468566 1.628156 3.911848 -0.814468 1.712192 24.408918 -1.692398 8.775100
56 1665 Car 0 0 -1.385900 239.624400 184.981300 271.285600 205.297500 1.475323 1.581900 3.632731 -27.483090 2.428483 55.986315 -1.778555 0.508000
56 1661 Car 0 0 -0.942900 0.000000 179.680300 64.342200 206.156700 1.456958 1.543100 3.608705 -34.212029 1.972402 41.456458 -1.607216 0.789500
56 1601 Car 0 0 -1.739100 602.995500 176.784100 734.310200 285.181800 1.602464 1.622601 3.754626 0.809820 1.665210 12.729692 -1.676293 10.937300
56 1545 Car 0 0 -1.654100 557.390100 180.258600 613.905900 228.696500 1.479959 1.617120 3.790746 -0.950437 1.744356 24.721474 -1.692461 8.198400
57 1665 Car 0 0 -1.174800 232.228400 185.661200 277.274800 206.603000 1.470008 1.618134 3.919531 -27.222022 2.500809 55.140566 -1.687030 0.203900
57 1601 Car 0 0 -1.723100 599.121000 174.482800 717.262800 281.285800 1.644266 1.605357 3.563576 0.692592 1.691212 13.106968 -1.672713 11.254800
57 1545 Car 0 0 -1.677500 553.653800 179.561600 612.832600 228.615900 1.513667 1.632064 3.829963 -1.065353 1.773981 25.131745 -1.708987 9.187300
58 1665 Car 0 0 -1.158500 228.018600 183.646700 272.216500 204.647100 1.462639 1.601342 3.813069 -26.956988 2.365466 54.014016 -1.645982 2.688600
58 1601 Car 0 0 -1.708100 595.691800 174.361300 712.261700 276.751900 1.647192 1.631279 3.671438 0.614238 1.686370 13.554033 -1.665845 11.725900
58 1545 Car 0 0 -1.639500 553.330500 181.310100 605.263100 228.218900 1.490758 1.587217 3.631473 -1.186691 1.789171 25.309963 -1.694842 6.902400
59 1670 Car 0 0 2.051700 163.105200 183.357200 222.544500 209.004600 1.488003 1.580611 3.803931 -25.708423 2.132851 44.554407 1.534029 3.788700
59 1665 Car 0 0 2.009000 222.667000 181.538600 270.085900 203.345100 1.481716 1.605829 3.862108 -26.700221 2.216623 52.958988 1.524719 2.931000
59 1601 Car 0 0 -1.708600 591.354900 174.344600 703.820100 274.550500 1.653006 1.629500 3.650030 0.524796 1.689514 13.883373 -1.668413 13.146900
59 1545 Car 0 0 -1.647700 550.216600 180.766800 603.910200 226.111200 1.469338 1.604450 3.764058 -1.304074 1.774212 25.807097 -1.696547 8.922700
60 1670 Car 0 0 2.065300 158.337200 183.473500 217.967000 209.656700 1.467608 1.555346 3.726953 -25.414665 2.120019 43.493323 1.535882 4.828400
60 1668 Car 0 0 -0.731100 1089.648800 150.066700 1171.392200 175.584200 1.509196 1.635572 3.976243 30.422944 0.159285 42.252215 -0.100836 -0.059800
60 1665 Car 0 0 1.971200 218.191500 179.984500 265.616800 203.154800 1.531768 1.617307 3.927431 -26.490537 2.124888 51.944625 1.509441 3.958600
60 1601 Car 0 0 -1.695500 589.424200 178.067000 695.958400 271.618800 1.608133 1.627275 3.610581 0.449930 1.695573 14.246313 -1.664820 10.753300
60 1545 Car 0 0 -1.619700 551.765400 182.315100 600.942400 226.777800 1.455100 1.594530 3.742391 -1.366796 1.803259 26.209976 -1.680325 4.287100
61 1670 Car 0 0 2.034000 148.744000 183.056700 210.475600 210.244700 1.468284 1.573945 3.770178 -25.234529 2.096780 42.409144 1.511820 5.236700
61 1668 Car 0 0 -0.731100 1089.648800 150.066700 1171.392200 175.584200 1.509196 1.635572 3.976243 31.723736 0.193928 41.098880 -0.100836 -0.059800
61 1665 Car 0 0 1.913200 214.101200 180.374200 260.374900 204.116100 1.553666 1.643569 3.977596 -26.334168 2.111337 51.009843 1.464608 2.299800
61 1601 Car 0 0 -1.681000 587.851600 177.717500 689.896000 268.151800 1.588274 1.631184 3.684077 0.387501 1.692025 14.666562 -1.657515 11.800800
61 1545 Car 0 0 -1.615100 553.416700 181.613100 602.408900 226.765200 1.477658 1.609468 3.746476 -1.358099 1.828253 26.548082 -1.669865 4.903600
62 1670 Car 0 0 2.065300 138.498700 182.190800 202.649000 209.845000 1.463967 1.569714 3.726550 -25.083084 2.034571 41.306738 1.516320 3.129600
62 1665 Car 0 0 1.967300 210.226200 180.913700 258.007300 204.007100 1.517409 1.615035 3.864807 -26.074774 2.076934 50.021353 1.478818 3.201300
62 1601 Car 0 0 -1.688800 580.928500 177.575200 680.951300 265.866100 1.586621 1.629834 3.646577 0.272928 1.696000 15.034589 -1.665849 11.033800
62 1545 Car 0 0 -1.583300 550.349100 183.579100 597.171800 228.230600 1.445175 1.572838 3.526100 -1.397225 1.833756 26.061119 -1.649059 4.615800
63 1670 Car 0 0 2.106700 126.727900 182.619900 192.622800 211.036000 1.461206 1.528728 3.617186 -24.949847 2.019448 40.125394 1.536889 4.286100
63 1665 Car 0 0 1.983600 202.045600 178.414500 252.785700 203.023600 1.552322 1.619958 3.881613 -25.946086 1.992275 49.038533 1.489870 3.799900
63 1601 Car 0 0 -1.700900 576.810700 175.259100 674.928400 263.050100 1.607683 1.608182 3.567915 0.171547 1.685209 15.305735 -1.680528 11.948600
63 1545 Car 0 0 -1.611200 551.089600 180.430700 598.362400 224.190800 1.470283 1.594508 3.674922 -1.455881 1.809176 26.855896 -1.658169 4.191400
64 1670 Car 0 0 2.044800 113.224000 181.967500 182.191400 210.895500 1.449336 1.579575 3.705636 -24.948708 1.970185 39.108779 1.499257 7.348900
64 1665 Car 0 0 1.941400 194.896500 177.976200 245.835200 202.868200 1.553730 1.637165 3.950145 -25.845467 1.924097 48.012117 1.463375 6.661800
64 1601 Car 0 0 -1.688000 572.712700 176.579800 669.923900 262.460600 1.613874 1.632729 3.701216 0.073362 1.701609 15.705476 -1.682118 10.437900
64 1545 Car 0 0 -1.593800 550.352000 179.551500 595.031800 222.185200 1.476783 1.593020 3.746353 -1.534881 1.776228 27.474734 -1.652379 4.739100
65 1670 Car 0 0 2.120300 99.229900 183.438900 173.197000 213.463200 1.450303 1.571494 3.692017 -24.888755 2.005587 38.041365 1.524685 5.986500
65 1665 Car 0 0 1.985400 183.933200 181.463600 238.586400 205.839700 1.497161 1.622354 4.007471 -25.786873 1.991161 46.893369 1.474453 6.055100
65 1601 Car 0 0 -1.676700 569.082400 175.795300 662.053400 260.155500 1.627301 1.638582 3.776853 -0.037922 1.707961 16.095795 -1.680376 9.657400
65 1545 Car 0 0 -1.594900 550.729500 184.093900 595.883200 227.296900 1.454791 1.576382 3.537672 -1.515094 1.848406 27.124166 -1.650291 3.001600
66 1670 Car 0 0 2.115800 81.837700 186.571500 160.658300 218.115500 1.452093 1.603512 3.722846 -24.833252 2.123407 36.857888 1.522840 6.382500
66 1665 Car 0 0 1.988400 174.329200 183.411100 234.096200 209.749000 1.515726 1.658476 4.239375 -25.718024 2.141436 45.895998 1.476027 8.907500
66 1601 Car 0 0 -1.680300 568.251100 180.365000 656.984200 261.451600 1.603753 1.613996 3.623981 -0.109772 1.755266 16.369438 -1.683852 10.521400
66 1545 Car 0 0 -1.535000 545.997000 185.600800 590.480100 227.229000 1.451398 1.592771 3.779959 -1.615897 1.940486 28.005061 -1.614327 5.955400
67 1682 Car 0 0 -1.547200 601.322400 160.941500 628.669700 187.669700 1.643491 1.660154 3.940026 0.331232 0.907795 46.257267 -1.529829 2.790600
67 1670 Car 0 0 2.102600 69.205400 189.369600 149.039700 221.855600 1.444928 1.578474 3.756624 -24.811903 2.246601 35.860681 1.506870 6.584500
67 1665 Car 0 0 2.022200 166.214900 188.507900 224.779700 215.507700 1.507676 1.614548 4.030310 -25.529088 2.383565 44.611906 1.491832 7.124600
67 1601 Car 0 0 -1.610500 570.721000 181.702900 650.727600 264.908100 1.642100 1.636927 3.603227 -0.149963 1.847700 16.683009 -1.642906 10.895800
67 1545 Car 0 0 -1.611300 542.836900 186.773500 587.853700 229.539500 1.480632 1.603419 3.820033 -1.812951 2.042965 28.502271 -1.652814 4.522100
68 1682 Car 0 0 -1.547200 601.322400 160.941500 628.669700 187.669700 1.643491 1.660154 3.940026 0.416167 0.979184 45.163126 -1.529829 2.790600
68 1670 Car 0 0 2.106100 55.730100 187.964500 137.689300 221.609600 1.451215 1.557662 3.730281 -24.711631 2.237368 34.817629 1.495888 7.166500
68 1665 Car 0 0 1.984500 155.542300 185.889700 215.831000 213.353400 1.500645 1.621935 4.059289 -25.456201 2.347990 43.483018 1.468389 5.570400
68 1601 Car 0 0 -1.661200 560.553600 179.539200 643.908900 257.053200 1.613114 1.624055 3.656423 -0.303447 1.803367 17.075589 -1.666326 9.808100
68 1545 Car 0 0 -1.592600 542.199700 184.843800 584.753500 225.945200 1.479191 1.601677 3.844610 -1.948514 2.020246 29.023761 -1.657255 3.204800
69 1670 Car 0 0 2.156100 39.414600 184.617100 126.983800 218.672900 1.444840 1.551134 3.671518 -24.536932 2.097101 33.684570 1.514992 5.735400
69 1665 Car 0 0 2.034100 145.063400 181.845100 208.665200 208.954600 1.478924 1.615733 3.984143 -25.359995 2.135713 42.389230 1.484465 4.123200
69 1601 Car 0 0 -1.643100 563.495900 174.772000 643.852900 250.812200 1.620955 1.636382 3.743613 -0.338544 1.724747 17.466558 -1.662725 10.512200
69 1545 Car 0 0 -1.568300 541.920300 181.069300 584.165500 222.178300 1.499777 1.599775 3.771614 -1.980270 1.927193 29.282460 -1.643253 2.756600
70 1686 Car 0 0 1.858900 322.359300 166.849300 359.278300 189.957200 2.046360 1.823037 4.674697 -24.611445 1.487982 66.116229 1.509763 0.775400
70 1670 Car 0 0 2.169900 17.627900 182.023400 113.675000 216.709600 1.434556 1.576020 3.766499 -24.520547 1.943829 32.655726 1.521363 7.567100
70 1665 Car 0 0 2.019800 132.406200 176.985300 200.325500 205.839100 1.520936 1.649334 4.112729 -25.362275 1.909397 41.422274 1.475340 8.528400
70 1601 Car 0 0 -1.631700 558.112800 171.432500 636.336000 246.690100 1.639771 1.654996 3.828399 -0.454454 1.657289 17.830601 -1.659681 12.491100
70 1545 Car 0 0 -1.530300 540.950800 178.981100 583.618700 219.147800 1.503438 1.594599 3.829021 -1.989047 1.830450 29.613226 -1.613926 2.194600
71 1686 Car 0 0 1.870500 314.795900 167.601900 353.126200 191.223400 2.020503 1.825259 4.748789 -24.337600 1.513982 63.689195 1.507229 -0.678600
71 1670 Car 0 0 2.159900 0.000000 180.071100 96.880200 217.434000 1.472654 1.565995 3.732940 -24.453026 1.861847 31.550558 1.508160 7.693300
71 1665 Car 0 0 2.058800 120.188800 177.714900 191.528800 206.825700 1.515660 1.645666 4.099609 -25.273675 1.825402 40.315257 1.489530 6.445200
71 1601 Car 0 0 -1.647700 554.215000 172.613600 634.968900 244.329700 1.613213 1.673107 4.080867 -0.551365 1.612912 18.233384 -1.670941 9.373300
71 1545 Car 0 0 -1.555500 541.836900 177.811000 582.925000 216.476900 1.485924 1.595279 3.875051 -2.023817 1.742294 30.008886 -1.618792 2.979200
72 1686 Car 0 0 1.857100 303.787300 166.635400 350.623000 197.536200 2.325781 1.977336 5.645018 -24.155619 1.878784 61.738642 1.493287 0.612800
72 1670 Car 0 0 2.188900 0.000000 182.884700 81.546600 220.440200 1.445613 1.585034 3.756895 -24.394613 1.863345 30.431452 1.510780 6.982300
72 1665 Car 0 0 2.065600 109.391200 178.306100 184.253300 208.836800 1.532557 1.657862 4.128836 -25.178720 1.833142 39.321174 1.493652 5.270000
72 1601 Car 0 0 -1.613600 554.872400 174.864700 629.484800 249.122400 1.652327 1.692571 4.068403 -0.620917 1.689253 18.525291 -1.655774 9.501700
72 1545 Car 0 0 -1.578800 541.515900 179.709900 582.095900 219.725600 1.515946 1.595045 3.892325 -2.095708 1.804933 30.366848 -1.636535 4.971900
73 1686 Car 0 0 1.857100 303.787300 166.635400 350.623000 197.536200 2.325781 1.977336 5.645018 -23.941528 1.948241 59.484662 1.493287 0.612800
73 1670 Car 0 0 2.212300 0.000000 185.319900 65.955400 225.146700 1.455864 1.567708 3.619756 -24.285654 1.945868 29.395621 1.517962 1.686200
73 1665 Car 0 0 2.136000 91.808300 180.802400 171.435500 211.062600 1.491732 1.633721 4.033946 -25.111427 1.870721 38.107002 1.529590 4.738900
73 1601 Car 0 0 -1.616500 555.033400 174.421100 628.544200 247.685900 1.673014 1.694319 4.094544 -0.655695 1.716696 18.831207 -1.652020 9.407300
73 1545 Car 0 0 -1.436500 538.281100 182.239600 587.853800 221.405900 1.513322 1.601136 3.891073 -2.049378 1.891699 30.777589 -1.552584 3.368400
74 1686 Car 0 0 1.886300 285.954200 164.095100 336.986900 195.890300 2.367985 2.017836 5.744003 -23.558380 1.769636 57.085281 1.494671 0.631000
74 1670 Car 0 0 2.248400 0.000000 185.959600 45.382800 228.114300 1.458235 1.577221 3.659152 -24.165803 1.978309 28.116099 1.529604 1.643400
74 1665 Car 0 0 2.114800 81.093700 181.035400 164.978000 212.381100 1.477930 1.629320 4.143433 -24.962370 1.890428 37.068113 1.525393 8.604600
74 1601 Car 0 0 -1.598800 552.160200 177.655900 622.808200 247.660600 1.629063 1.666063 3.944520 -0.714028 1.732778 18.902383 -1.642119 10.277300
74 1545 Car 0 0 -1.582900 542.157200 182.988700 581.212800 220.764500 1.486733 1.587146 3.895107 -2.143543 1.923207 31.158506 -1.613965 3.340400
75 1686 Car 0 0 1.886300 285.954200 164.095100 336.986900 195.890300 2.367985 2.017836 5.744003 -23.307399 1.784962 54.799573 1.494671 0.631000
75 1670 Car 0 0 2.248400 0.000000 185.959600 45.382800 228.114300 1.458235 1.577221 3.659152 -24.069070 1.968508 27.018714 1.529604 1.643400
75 1665 Car 0 0 2.114400 69.555300 180.899400 153.759200 212.721400 1.458752 1.618121 4.049533 -24.751373 1.869578 35.920826 1.516807 8.009300
75 1601 Car 0 0 -1.587700 550.324900 175.970100 622.325200 246.315000 1.646515 1.699522 4.208285 -0.755581 1.745919 19.354899 -1.631724 11.930500
75 1545 Car 0 0 -1.562300 542.842300 181.646000 582.395000 220.397700 1.515698 1.603495 3.874646 -2.133930 1.937737 31.459847 -1.623010 3.049900
76 1686 Car 0 0 1.884600 263.279300 160.498700 320.861700 195.321600 2.364266 2.032585 5.947051 -22.879852 1.572985 52.135039 1.477430 0.761200
76 1665 Car 0 0 2.134200 53.612000 177.646900 144.164700 212.418200 1.516135 1.623794 4.083443 -24.612420 1.814830 34.856964 1.518595 9.630800
76 1601 Car 0 0 -1.587900 550.795700 175.290000 620.728600 245.517600 1.672339 1.699694 4.217194 -0.782448 1.758039 19.662614 -1.628310 11.177200
76 1545 Car 0 0 -1.324000 538.987100 178.731500 598.551400 219.443900 1.590358 1.641260 4.025171 -1.926973 1.925271 31.815485 -1.472821 0.612800
77 1686 Car 0 0 1.935100 246.665200 160.919600 310.264300 199.250100 2.424381 2.030059 5.810097 -22.540576 1.650690 49.387442 1.495540 -0.439400
77 1665 Car 0 0 2.137400 35.836800 179.592100 132.003000 213.766900 1.478846 1.637642 4.136567 -24.479118 1.790523 33.733272 1.512912 9.386500
77 1601 Car 0 0 -1.610300 552.015100 176.675800 621.182300 245.819600 1.672439 1.702850 4.348406 -0.819231 1.781105 19.983812 -1.641839 9.931500
77 1545 Car 0 0 -1.654400 543.321200 180.242800 586.514900 217.689400 1.550150 1.616811 3.837368 -2.053768 1.894737 32.140543 -1.625401 2.090800
78 1686 Car 0 0 1.932500 236.312100 162.886900 300.023400 200.462600 2.341082 1.990259 5.509919 -22.108270 1.670319 46.795383 1.493096 0.221900
78 1665 Car 0 0 2.165900 19.595100 178.034200 124.497700 214.316300 1.498038 1.669692 4.255250 -24.368075 1.763294 32.784711 1.521928 9.533200
78 1601 Car 0 0 -1.589200 552.440100 177.375400 619.883000 243.289300 1.637001 1.690396 4.120101 -0.801480 1.765325 20.103131 -1.632544 11.290800
78 1545 Car 0 0 -1.661400 543.345000 180.715700 587.278800 218.237500 1.544928 1.619029 3.864705 -2.107924 1.911823 32.528172 -1.687636 0.483300
79 1686 Car 0 0 1.961400 217.331800 163.476000 290.962600 201.521200 2.241288 1.974949 5.728625 -21.761540 1.650812 44.338415 1.500704 -0.594000
79 1665 Car 0 0 2.177500 0.000000 176.299200 112.923300 214.862400 1.530523 1.687867 4.399221 -24.212581 1.721886 31.705291 1.524197 11.224700
79 1601 Car 0 0 -1.596600 552.161900 176.848600 619.879100 242.519700 1.636135 1.707024 4.276834 -0.820150 1.764572 20.456531 -1.634309 11.054700
79 1545 Car 0 0 -1.519700 545.340200 181.045700 585.097300 217.606500 1.522785 1.607330 3.769710 -2.057898 1.905435 32.622568 -1.621979 1.999100
80 1686 Car 0 0 1.961400 217.331800 163.476000 290.962600 201.521200 2.241288 1.974949 5.728625 -21.449468 1.645620 41.905651 1.500704 -0.594000
80 1665 Car 0 0 2.191700 0.000000 175.615600 99.536800 215.488600 1.544044 1.692832 4.454460 -24.101559 1.684604 30.669644 1.525188 11.121900
80 1601 Car 0 0 -1.599700 554.393800 176.798400 620.929700 241.810400 1.638771 1.708492 4.345600 -0.804537 1.767086 20.739179 -1.635663 10.183200
80 1545 Car 0 0 -1.531300 546.633200 184.569100 584.995400 220.306400 1.490224 1.599957 3.729223 -2.032566 1.990036 32.837887 -1.603513 -0.298200
81 1692 Car 0 0 0.523000 90.875700 169.127300 158.327200 189.035000 1.478437 1.582026 3.796169 -36.321849 1.177878 53.967345 -0.065201 2.364100
81 1665 Car 0 0 2.209700 0.000000 174.704400 84.509400 215.553300 1.546427 1.679772 4.262956 -23.932550 1.639194 29.624380 1.528656 9.607900
81 1601 Car 0 0 -1.600000 554.686600 175.450400 622.242400 241.629800 1.674264 1.736679 4.456475 -0.788818 1.777119 21.009309 -1.635748 11.508200
81 1545 Car 0 0 -1.531300 546.633200 184.569100 584.995400 220.306400 1.490224 1.599957 3.729223 -2.067776 2.001257 33.166169 -1.603513 -0.298200
82 1694 Car 0 0 -0.956200 82.055600 167.671100 144.980700 191.737500 1.474246 1.560031 3.648023 -31.554904 1.147621 46.043877 -1.512791 -0.062300
82 1692 Car 0 0 3.661100 88.404200 167.414100 153.972400 187.707900 1.468186 1.578642 3.726775 -35.873578 1.098407 52.911901 3.069786 0.388000
82 1665 Car 0 0 2.218700 0.000000 174.023000 69.256300 218.692700 1.594432 1.694004 4.259708 -23.790384 1.651901 28.528807 1.525470 7.031700
82 1601 Car 0 0 -1.573200 554.371100 175.215400 619.945800 240.245000 1.685720 1.728905 4.471509 -0.767007 1.774003 21.251292 -1.618351 12.222700
83 1694 Car 0 0 -0.956200 82.055600 167.671100 144.980700 191.737500 1.474246 1.560031 3.648023 -31.255889 1.087599 45.754558 -1.512791 -0.062300
83 1692 Car 0 0 3.661100 88.404200 167.414100 153.972400 187.707900 1.468186 1.578642 3.726775 -35.549987 1.094448 51.878106 3.069786 0.388000
83 1665 Car 0 0 2.228400 0.000000 174.876100 53.804500 219.836400 1.583535 1.688686 4.189000 -23.678030 1.648739 27.556848 1.521595 5.357800
83 1601 Car 0 0 -1.567400 555.548700 176.980300 619.145400 239.845400 1.661481 1.705478 4.229976 -0.744786 1.779281 21.343077 -1.607504 9.682000
84 1692 Car 0 0 3.730400 60.860100 166.782400 130.961500 187.941500 1.466169 1.590413 3.759520 -36.091492 1.050324 50.824658 3.099988 -0.057900
84 1665 Car 0 0 2.243400 0.000000 173.111200 38.257000 220.905400 1.612932 1.669659 4.062118 -23.529364 1.636059 26.614221 1.521104 4.380100
84 1601 Car 0 0 -1.558200 558.673200 178.260500 622.124100 237.701600 1.602718 1.707346 4.365031 -0.669128 1.758764 21.645817 -1.594461 10.544900
85 1692 Car 0 0 3.730400 60.860100 166.782400 130.961500 187.941500 1.466169 1.590413 3.759520 -36.000063 1.035586 49.785589 3.099988 -0.057900
85 1665 Car 0 0 2.298300 0.000000 170.400200 16.172900 219.188100 1.599501 1.622158 4.075456 -23.500560 1.546948 25.578757 1.541558 4.567700
85 1601 Car 0 0 -1.590800 559.078100 175.226800 621.572800 237.721600 1.661235 1.712324 4.295607 -0.695605 1.771253 21.928604 -1.611852 10.704700
86 1699 Car 0 0 2.185100 0.000000 145.362400 155.983100 217.223600 2.394266 2.051157 6.008249 -20.083954 1.471304 27.205064 1.538877 7.947600
86 1665 Car 0 0 2.298300 0.000000 170.400200 16.172900 219.188100 1.599501 1.622158 4.075456 -23.379379 1.518547 24.534142 1.541558 4.567700
86 1601 Car 0 0 -1.575200 560.090200 173.623000 621.392100 234.427500 1.672956 1.705016 4.243873 -0.676151 1.729825 22.154882 -1.607432 10.190200
87 1699 Car 0 0 2.185100 0.000000 145.362400 155.983100 217.223600 2.394266 2.051157 6.008249 -19.934354 1.491524 24.719673 1.538877 7.947600
87 1601 Car 0 0 -1.579700 560.561900 174.099400 622.572200 233.181400 1.661117 1.730531 4.346360 -0.665501 1.707866 22.493911 -1.608092 11.620600
88 1699 Car 0 0 2.234000 0.000000 136.631300 56.963400 224.371900 2.344521 2.021472 5.672687 -19.853862 1.375535 21.979813 1.509759 -0.667500
88 1601 Car 0 0 -1.579800 560.303100 173.876200 620.440700 230.783300 1.629154 1.717657 4.336002 -0.687630 1.665710 22.713762 -1.609395 11.568900
89 1705 Car 0 0 1.918800 316.692200 170.986100 349.400600 187.910400 1.498417 1.589414 3.822969 -25.316434 1.344179 66.014208 1.548414 1.800000
89 1699 Car 0 0 2.234000 0.000000 136.631300 56.963400 224.371900 2.344521 2.021472 5.672687 -19.728028 1.348915 19.406914 1.509759 -0.667500
89 1601 Car 0 0 -1.578600 561.201800 171.997800 621.431800 231.410200 1.674546 1.724173 4.385567 -0.678371 1.671670 22.940727 -1.608286 11.080700
90 1705 Car 0 0 1.934900 315.110000 171.683700 349.890300 188.747100 1.492045 1.600881 3.925330 -24.973931 1.379205 64.924280 1.560691 1.443800
90 1601 Car 0 0 -1.571900 562.015800 173.866800 621.017700 231.849800 1.676372 1.718380 4.374648 -0.663561 1.697054 23.177360 -1.603103 10.855700
91 1705 Car 0 0 -1.126300 309.942800 171.978600 347.529500 189.162700 1.478155 1.592105 3.884962 -24.781939 1.394967 63.721622 -1.529350 -0.496900
91 1601 Car 0 0 -1.559800 563.571400 174.134100 621.075200 228.872500 1.632385 1.703807 4.306202 -0.625967 1.665956 23.417278 -1.592162 10.955700
92 1705 Car 0 0 -1.126300 309.942800 171.978600 347.529500 189.162700 1.478155 1.592105 3.884962 -24.548761 1.410425 62.593813 -1.529350 -0.496900
92 1601 Car 0 0 -1.558800 562.482300 175.256700 620.210700 230.216700 1.630726 1.718450 4.318870 -0.635997 1.697047 23.733116 -1.588106 10.536300
93 1705 Car 0 0 2.163100 304.200000 175.389200 348.144400 193.490200 1.475872 1.579003 3.896713 -24.166931 1.659077 61.450090 1.739939 -0.714600
93 1601 Car 0 0 -1.585700 564.379300 175.605600 620.062000 229.974500 1.625766 1.695490 4.272722 -0.663536 1.712894 23.941034 -1.603986 10.830500
94 1705 Car 0 0 1.951600 298.698000 171.379200 336.568800 190.637800 1.527214 1.604252 3.864619 -24.250816 1.520017 60.275551 1.630495 -0.828900
94 1601 Car 0 0 -1.546600 563.079700 175.710100 619.263700 229.300500 1.623624 1.710082 4.342175 -0.642652 1.722218 24.246941 -1.584465 11.614400
95 1705 Car 0 0 1.947600 290.896500 171.507400 330.412600 190.316800 1.497684 1.619042 3.927432 -24.252563 1.428324 58.870701 1.583488 2.011700
95 1601 Car 0 0 -1.570600 565.596200 174.659400 621.944200 228.322000 1.637144 1.729252 4.470433 -0.619002 1.716422 24.553212 -1.591038 10.763400
96 1705 Car 0 0 1.941400 285.445500 169.982100 325.099000 188.956900 1.484276 1.613513 3.963524 -24.382679 1.312180 57.993780 1.557958 2.949600
96 1601 Car 0 0 -1.564300 566.474700 173.435100 621.116900 225.717300 1.640701 1.724461 4.407558 -0.604320 1.682872 24.887001 -1.589222 10.723300
97 1705 Car 0 0 -1.083900 285.973900 169.249200 329.111900 188.505600 1.474340 1.588473 3.826295 -23.979110 1.229363 56.915698 -1.519828 3.450000
97 1601 Car 0 0 -1.569600 566.232500 169.356200 620.075300 220.947800 1.642740 1.719726 4.350478 -0.624855 1.583859 25.166781 -1.592669 9.470600
98 1705 Car 0 0 -1.083900 285.973900 169.249200 329.111900 188.505600 1.474340 1.588473 3.826295 -23.817503 1.209946 55.785880 -1.519828 3.450000
98 1601 Car 0 0 -1.570300 567.427400 171.300300 620.337000 221.370300 1.627326 1.714086 4.318848 -0.621419 1.569416 25.468272 -1.593801 10.252200
99 1705 Car 0 0 -0.969500 269.394200 173.753500 317.744200 193.878700 1.460997 1.574310 3.665151 -23.752897 1.454674 54.362345 -1.420384 0.624600
99 1601 Car 0 0 -1.558500 566.868800 175.329500 619.128200 225.761000 1.630833 1.710325 4.308312 -0.626366 1.669515 25.739580 -1.587064 9.960800
100 1705 Car 0 0 2.048500 267.130300 171.637900 314.131200 192.383100 1.473339 1.570949 3.814026 -23.627911 1.416996 53.392593 1.665007 1.330300
100 1601 Car 0 0 -1.558700 566.177300 178.010800 618.115800 225.116400 1.564188 1.713338 4.412505 -0.652790 1.705607 26.051774 -1.585294 10.678600
101 1716 Car 0 0 0.674300 1135.489700 187.646000 1241.000000 374.000000 1.526251 1.633840 3.971857 4.827423 1.587483 3.870257 1.579503 0.661100
101 1705 Car 0 0 1.979200 252.433300 173.511900 298.405100 194.770100 1.475734 1.590889 3.866229 -23.946499 1.491737 52.234211 1.590953 2.090000
101 1601 Car 0 0 -1.563600 568.622300 179.381900 619.699400 225.910500 1.536693 1.713809 4.484688 -0.628440 1.754909 26.430593 -1.586163 10.692700
102 1716 Car 0 0 0.715100 1101.291300 184.826300 1241.000000 374.000000 1.497344 1.636372 4.074912 4.751477 1.595731 3.529005 1.595405 0.165900
102 1705 Car 0 0 1.979200 252.433300 173.511900 298.405100 194.770100 1.475734 1.590889 3.866229 -23.848818 1.504645 51.090404 1.590953 2.090000
102 1601 Car 0 0 -1.550400 567.684600 178.428200 617.865900 225.850700 1.563582 1.710466 4.449777 -0.636468 1.789381 26.758784 -1.578831 9.717000
103 1716 Car 0 0 0.715100 1101.291300 184.826300 1241.000000 374.000000 1.497344 1.636372 4.074912 4.738515 1.650332 2.372495 1.595405 0.165900
103 1601 Car 0 0 -1.551300 568.873500 178.561100 617.890700 226.685900 1.601108 1.698065 4.455415 -0.630777 1.836325 27.091906 -1.576093 9.478200
104 1601 Car 0 0 -1.572500 571.213500 179.639400 620.018500 225.757900 1.579039 1.700497 4.432786 -0.610090 1.845530 27.378797 -1.587345 9.915700
105 1601 Car 0 0 -1.561000 570.913700 178.835500 619.366900 224.783700 1.584701 1.708224 4.356220 -0.600210 1.843285 27.668920 -1.584351 10.705300
106 1601 Car 0 0 -1.566000 571.805500 175.035600 619.874400 222.324600 1.645268 1.718098 4.286370 -0.590764 1.801783 27.990532 -1.585926 9.621000
107 1724 Car 0 0 1.848400 292.138600 176.706900 327.305000 196.647100 1.503380 1.611026 3.889594 -24.047549 1.817702 57.745268 1.497703 2.241200
107 1601 Car 0 0 -1.558200 573.183100 175.322000 621.325500 221.712800 1.661295 1.737814 4.333730 -0.543836 1.787127 28.368088 -1.580101 10.513100
108 1725 Car 0 0 1.996000 245.220000 177.335400 293.483200 199.884800 1.475174 1.589551 3.862451 -23.524429 1.794396 49.916110 1.573754 3.179500
108 1724 Car 0 0 1.961700 284.514800 175.305900 326.677500 197.802100 1.619517 1.622298 3.993811 -23.864884 1.875983 56.666416 1.538363 2.431900
108 1601 Car 0 0 -1.577800 573.625100 177.382000 620.201500 221.856000 1.626379 1.721119 4.335504 -0.567641 1.796095 28.671667 -1.591287 10.545100
109 1725 Car 0 0 2.024400 235.719000 176.917500 288.008900 200.108000 1.479992 1.612158 3.907073 -23.510238 1.775168 48.777952 1.574843 4.221500
109 1724 Car 0 0 1.940400 274.719900 176.458300 316.670000 197.737600 1.575692 1.619948 3.979818 -23.939172 1.848655 55.291576 1.533188 2.487400
109 1601 Car 0 0 -1.533500 573.070000 177.366200 618.615200 219.788900 1.581585 1.691874 4.159671 -0.552581 1.766064 28.927511 -1.567253 9.676300
110 1725 Car 0 0 -1.106400 224.933600 177.835500 280.583300 201.553400 1.471086 1.620167 4.017369 -23.476886 1.800192 47.512566 -1.565914 4.055100
110 1724 Car 0 0 2.021400 266.760700 176.710700 312.617800 198.311500 1.549796 1.611202 3.912490 -23.876668 1.837903 53.947563 1.577022 1.581800
110 1601 Car 0 0 -1.563900 574.897500 176.252400 619.816400 220.654700 1.627390 1.693806 4.111482 -0.545656 1.791003 29.254240 -1.576676 10.518500
111 1730 Car 0 0 2.136900 151.396200 176.927800 221.526900 204.536900 1.474949 1.596820 3.856880 -23.486725 1.669412 40.112447 1.583894 6.523300
111 1725 Car 0 0 2.015400 212.954100 178.108700 269.053500 202.552800 1.467942 1.606712 4.058619 -23.557787 1.815245 46.240165 1.555787 4.699800
111 1724 Car 0 0 1.977600 261.220400 177.156400 307.042100 198.266700 1.499922 1.611633 3.979802 -23.886492 1.809403 52.962074 1.562793 3.308200
111 1601 Car 0 0 -1.557200 573.418500 175.338000 618.821400 220.599100 1.681165 1.719080 4.204446 -0.570835 1.813982 29.650044 -1.576815 11.153400
112 1730 Car 0 0 2.141900 138.629100 178.951200 210.851800 208.224100 1.471862 1.562818 3.804131 -23.434126 1.790981 38.923512 1.594001 -0.614800
112 1725 Car 0 0 2.046400 200.792600 178.916400 261.787500 204.622100 1.484727 1.641439 4.101747 -23.571120 1.872090 45.009742 1.560863 7.603600
112 1724 Car 0 0 2.001200 252.822800 178.307000 301.109800 200.290900 1.489896 1.611118 4.006191 -23.823382 1.863687 51.728896 1.566877 3.948600
112 1601 Car 0 0 -1.562200 576.666700 176.685800 620.996600 220.084900 1.664067 1.714951 4.240325 -0.517929 1.822700 29.989047 -1.577856 9.220400
113 1730 Car 0 0 2.122100 126.126900 181.290800 197.716100 211.383900 1.462046 1.549502 3.651812 -23.362377 1.902194 37.692092 1.577477 2.526900
113 1725 Car 0 0 2.000700 193.051400 180.214800 252.067000 206.111000 1.467962 1.617311 4.096650 -23.538128 1.916476 43.857944 1.528686 6.772700
113 1724 Car 0 0 1.995800 243.438700 180.027500 291.584100 202.866500 1.492989 1.604123 3.897422 -23.835680 1.969209 50.421466 1.558424 3.914200
113 1601 Car 0 0 -1.560600 578.205500 183.155700 620.955300 221.910800 1.534486 1.687912 4.233758 -0.478233 1.886760 30.314332 -1.576585 9.243600
114 1730 Car 0 0 2.140200 101.270800 179.406100 183.889200 211.066200 1.465108 1.595553 3.813699 -23.360843 1.856490 36.271629 1.570877 7.481500
114 1725 Car 0 0 2.050700 181.801500 182.797900 242.858700 209.315900 1.450557 1.597465 3.899713 -23.433606 2.017349 42.550754 1.540499 6.050200
114 1724 Car 0 0 1.981400 235.697600 180.152400 285.653700 203.542200 1.490215 1.614986 3.931957 -23.772277 2.001470 49.187243 1.541537 4.944400
114 1601 Car 0 0 -1.541100 577.606500 179.212000 622.090000 222.352000 1.615333 1.732526 4.415795 -0.428598 1.936422 30.740917 -1.562812 11.784800
115 1730 Car 0 0 2.215400 81.707400 178.799500 173.750400 211.781300 1.470666 1.636312 3.907891 -23.316236 1.813704 35.002271 1.606058 6.382100
115 1725 Car 0 0 2.057400 167.415700 181.024700 232.218600 209.415800 1.482845 1.603853 3.868494 -23.409476 2.012400 41.278664 1.541056 7.621400
115 1724 Car 0 0 2.015700 227.756900 181.835900 280.470000 205.378100 1.467956 1.613326 3.933652 -23.678132 2.060007 48.026866 1.551835 5.597200
115 1601 Car 0 0 -1.528500 576.874800 180.106000 621.867200 222.323600 1.625758 1.736713 4.557946 -0.422899 1.962121 31.053261 -1.550073 9.966500
116 1730 Car 0 0 2.165900 67.393400 178.881400 155.132900 212.253500 1.454062 1.590014 3.787936 -23.262593 1.770540 33.743749 1.579199 6.225900
116 1725 Car 0 0 2.079100 152.638800 179.444400 224.341300 207.994300 1.470333 1.622485 4.021585 -23.329491 1.911480 40.009172 1.547573 6.407600
116 1724 Car 0 0 2.052000 213.977000 179.104600 272.806800 204.291600 1.501172 1.641183 4.073852 -23.661594 1.992247 46.751335 1.570911 7.065800
116 1601 Car 0 0 -1.564000 578.721200 177.868400 620.761700 218.567600 1.620654 1.714641 4.308232 -0.452287 1.894020 31.307769 -1.568075 10.364300
117 1730 Car 0 0 2.174200 46.511300 177.053100 140.446500 211.522900 1.446484 1.597422 3.757815 -23.205038 1.686030 32.504154 1.563996 6.703400
117 1725 Car 0 0 2.116700 135.054400 175.663000 214.959100 205.437500 1.483662 1.649873 4.210156 -23.279321 1.742126 38.740701 1.564956 7.448700
117 1724 Car 0 0 2.019900 203.194900 177.405800 258.992700 203.228900 1.511140 1.610910 3.899658 -23.592708 1.878762 45.175060 1.550015 4.664200
117 1601 Car 0 0 -1.557800 578.658200 175.405300 621.410100 216.307500 1.641016 1.733157 4.357778 -0.448698 1.818085 31.633026 -1.570501 9.784000
118 1730 Car 0 0 2.213300 21.332600 176.229300 125.821200 212.971000 1.464108 1.605814 3.852550 -23.158774 1.647045 31.268160 1.571477 7.754800
118 1725 Car 0 0 2.131100 119.841200 175.206000 202.829000 206.278600 1.500063 1.654587 4.234843 -23.248472 1.670858 37.510773 1.572029 8.186200
118 1724 Car 0 0 1.610100 195.244400 176.211300 227.112200 202.078800 1.482562 1.565046 3.686709 -23.791568 1.744444 43.504928 1.275166 1.060600
118 1601 Car 0 0 -1.544300 578.581600 176.171300 620.383200 216.467100 1.639585 1.726200 4.358842 -0.445510 1.803544 31.911655 -1.562960 9.380700
119 1730 Car 0 0 2.247700 0.000000 178.597000 103.492700 217.662200 1.478132 1.579724 3.752892 -23.109479 1.706082 29.910830 1.582430 8.080300
119 1725 Car 0 0 2.090800 105.042200 179.800200 184.005500 211.405100 1.471100 1.604472 4.041248 -23.199339 1.763914 36.124900 1.539379 7.996400
119 1724 Car 0 0 2.059900 179.474400 178.074000 244.453100 205.751200 1.512746 1.615264 3.929715 -23.604891 1.813162 42.561876 1.449225 4.015300
119 1601 Car 0 0 -1.561400 580.167800 177.049500 621.487600 217.492200 1.650842 1.721874 4.290832 -0.433777 1.838390 32.172624 -1.570278 10.335900
120 1730 Car 0 0 2.232100 0.000000 183.234900 83.249700 224.329300 1.469213 1.577855 3.788928 -23.066240 1.837485 28.602517 1.564303 5.367100
120 1725 Car 0 0 2.142200 86.592800 180.140300 168.980300 215.532000 1.532656 1.572413 3.806118 -23.105646 1.878238 34.703727 1.548662 5.607700
120 1724 Car 0 0 2.065700 176.803800 184.355300 240.953500 211.859300 1.486698 1.615162 3.916480 -23.453176 2.049583 41.880982 1.517255 2.743500
120 1601 Car 0 0 -1.544800 580.930900 178.843600 621.019900 218.505700 1.636787 1.696365 4.121780 -0.403844 1.887783 32.327837 -1.562010 8.538600
121 1742 Car 0 0 -1.114700 97.231300 161.739600 152.181700 184.820400 1.475789 1.577843 3.503977 -31.085773 0.736399 46.305271 -1.674671 4.123900
121 1730 Car 0 0 2.294900 0.000000 185.972200 58.817900 228.690700 1.452023 1.554089 3.669878 -23.038882 1.931408 27.290034 1.582224 4.591300
121 1725 Car 0 0 2.155000 60.471200 184.129000 159.331300 220.005500 1.502956 1.627596 4.108944 -23.042094 1.987943 33.395325 1.550169 4.419000
121 1724 Car 0 0 2.095900 151.148000 184.047700 222.959300 212.831900 1.466242 1.610241 4.022300 -23.414875 2.094375 40.279903 1.547937 8.344400
121 1601 Car 0 0 -1.584400 582.702900 183.831100 622.325800 220.110100 1.527712 1.679020 4.228898 -0.405954 1.955768 32.557462 -1.583697 8.685800
122 1742 Car 0 0 -1.114700 97.231300 161.739600 152.181700 184.820400 1.475789 1.577843 3.503977 -31.159871 0.760399 44.767601 -1.674671 4.123900
122 1730 Car 0 0 2.319100 0.000000 185.604800 36.615900 230.784400 1.453492 1.553787 3.596531 -22.965239 1.949943 26.024489 1.591109 1.238700
122 1725 Car 0 0 2.250700 31.161700 179.939500 138.516500 219.373000 1.554404 1.642926 4.067447 -23.039104 1.949230 31.923529 1.595614 3.723800
122 1724 Car 0 0 2.100200 135.770600 182.890700 212.710200 212.372900 1.448602 1.626347 4.132619 -23.330757 2.044089 38.835262 1.554342 8.249700
122 1601 Car 0 0 -1.574300 581.180000 179.113700 621.243300 217.822300 1.575602 1.692852 4.300900 -0.432592 1.929508 32.825211 -1.586356 8.314600
123 1730 Car 0 0 2.319100 0.000000 185.604800 36.615900 230.784400 1.453492 1.553787 3.596531 -22.918510 1.974307 24.743759 1.591109 1.238700
123 1725 Car 0 0 2.209200 24.326800 184.347300 121.861200 221.620600 1.494019 1.595877 3.740787 -23.023322 1.973907 30.908816 1.580402 1.422800
123 1724 Car 0 0 2.110900 117.704400 180.053300 201.020900 211.518700 1.479750 1.650854 4.281801 -23.344329 1.952286 37.576858 1.554316 9.380400
123 1601 Car 0 0 -1.582900 581.819800 177.001900 622.156400 216.572000 1.633016 1.714204 4.284090 -0.433867 1.894385 33.060165 -1.592378 9.281200
124 1725 Car 0 0 2.190800 0.000000 181.232900 100.101800 220.971700 1.468853 1.626175 3.999566 -23.019990 1.877517 29.476180 1.546780 7.943600
124 1724 Car 0 0 2.135800 96.544000 178.665700 186.243500 212.734000 1.532437 1.678261 4.320057 -23.315160 1.902159 36.150778 1.558880 9.034800
124 1601 Car 0 0 -1.575600 581.119900 177.781500 620.699000 216.981700 1.652845 1.712224 4.215556 -0.457705 1.904273 33.300536 -1.590785 8.655300
125 1725 Car 0 0 2.201300 0.000000 180.053200 77.751700 225.532100 1.551575 1.659193 4.014420 -23.020486 1.896168 28.150781 1.527201 7.599100
125 1724 Car 0 0 2.160800 78.037900 181.777100 169.840200 215.287000 1.487421 1.646024 4.201235 -23.229296 1.909168 34.686693 1.565629 8.052100
125 1601 Car 0 0 -1.587900 580.550500 178.534500 620.218400 217.981600 1.666229 1.717092 4.267560 -0.502530 1.939279 33.481662 -1.598767 8.208500
126 1725 Car 0 0 2.277700 0.000000 184.212800 52.922500 227.872600 1.497698 1.609322 3.810395 -23.063397 1.912662 26.951615 1.553590 0.589500
126 1724 Car 0 0 2.169700 54.753400 181.364200 152.338900 217.187300 1.492414 1.631856 4.158878 -23.186282 1.910918 33.253408 1.561965 10.553200
126 1601 Car 0 0 -1.557900 581.826000 180.500300 621.572100 218.842400 1.641922 1.727974 4.339709 -0.436635 1.986450 33.704944 -1.580864 9.420100
127 1725 Car 0 0 2.256700 0.000000 185.615100 30.066200 232.664500 1.483917 1.605909 3.847109 -22.992819 1.948588 25.663057 1.536909 1.740900
127 1724 Car 0 0 2.192000 32.277300 180.425000 133.227400 217.070300 1.479798 1.606915 4.023171 -23.125979 1.855757 31.832009 1.562543 10.701800
127 1601 Car 0 0 -1.558000 582.102000 177.021300 620.748900 215.371300 1.652600 1.708831 4.296379 -0.421635 1.912507 33.868902 -1.574335 9.143500
128 1725 Car 0 0 2.256700 0.000000 185.615100 30.066200 232.664500 1.483917 1.605909 3.847109 -22.967271 1.957359 24.380607 1.536909 1.740900
128 1724 Car 0 0 2.205100 3.424000 178.878700 116.875300 218.139700 1.496919 1.627301 4.127451 -23.082147 1.804361 30.475445 1.558808 8.214000
128 1601 Car 0 0 -1.561700 582.858300 177.176300 621.733300 213.886300 1.616692 1.713324 4.325254 -0.396111 1.847937 34.057957 -1.573510 9.917500
129 1724 Car 0 0 2.225400 0.000000 179.587100 94.735500 219.305400 1.471197 1.604186 4.050227 -23.041945 1.763189 29.137953 1.557073 7.515400
129 1601 Car 0 0 -1.577600 583.181600 179.413600 621.219700 214.215300 1.541730 1.692049 4.345369 -0.413454 1.832145 34.122479 -1.583825 6.658700
130 1724 Car 0 0 2.228000 0.000000 180.979100 74.113300 222.521000 1.460321 1.584170 3.936430 -22.992694 1.777143 27.913814 1.546398 7.756000
130 1601 Car 0 0 -1.591400 582.740700 178.471200 620.090100 213.823400 1.540043 1.673230 4.167271 -0.463266 1.823573 34.200739 -1.597406 7.851200
131 1758 Car 0 0 2.239400 31.253400 170.840500 94.917800 193.307900 1.499623 1.575717 3.723157 -38.102032 1.332021 50.309586 1.586643 2.218200
131 1724 Car 0 0 2.270600 0.000000 181.087500 52.252300 225.177200 1.459690 1.613051 3.995434 -22.987113 1.780256 26.640127 1.553939 7.035900
131 1601 Car 0 0 -1.590800 584.943900 180.573000 622.093100 214.064900 1.483528 1.664374 4.184532 -0.418728 1.832004 34.346495 -1.600431 7.655100
132 1762 Car 0 0 1.921500 324.104700 179.251800 358.275300 196.829200 1.486763 1.607723 3.939189 -23.906905 2.067277 64.259030 1.578114 -0.709000
132 1758 Car 0 0 2.342000 7.378500 173.214000 77.745100 196.074200 1.482583 1.576829 3.713392 -38.035867 1.479620 48.505470 1.642558 -0.822200
132 1724 Car 0 0 2.247500 0.000000 181.134200 23.447800 227.899700 1.463961 1.599237 3.883796 -22.884000 1.776710 25.288669 1.528143 4.091600
132 1601 Car 0 0 -1.523700 584.379700 176.881900 624.206800 214.294900 1.590492 1.692572 4.240012 -0.310001 1.850604 34.574252 -1.557582 6.323500
133 1762 Car 0 0 1.941700 318.581600 180.248600 354.638600 199.015400 1.521835 1.614132 3.944559 -23.805514 2.176014 62.852816 1.579228 1.044700
133 1758 Car 0 0 2.238000 4.618300 175.707100 75.139100 199.264500 1.486430 1.598223 3.833021 -37.892928 1.662971 47.765277 1.597717 1.966500
133 1724 Car 0 0 2.247500 0.000000 181.134200 23.447800 227.899700 1.463961 1.599237 3.883796 -22.832463 1.768556 23.973656 1.528143 4.091600
133 1601 Car 0 0 -1.588300 585.562600 177.680200 622.815700 213.832000 1.597234 1.685606 4.247050 -0.338661 1.848594 34.718450 -1.582994 6.522200
134 1762 Car 0 0 2.012400 311.857600 178.943000 349.788400 197.729400 1.514697 1.591215 3.779784 -23.651768 2.076668 61.188479 1.619065 0.468500
134 1758 Car 0 0 2.301200 0.000000 178.209200 53.584100 202.797500 1.486164 1.575708 3.634766 -37.807554 1.829208 46.238350 1.608277 1.165700
134 1601 Car 0 0 -1.569900 586.961800 176.426400 623.818400 211.043900 1.567238 1.676702 4.205116 -0.285801 1.771927 34.847057 -1.579599 7.827700
135 1762 Car 0 0 1.963900 307.373000 178.302300 345.004200 198.118500 1.544617 1.591700 3.758653 -23.523414 2.036197 59.793974 1.600789 -0.295500
135 1758 Car 0 0 -0.842700 0.000000 176.102900 36.037300 203.199200 1.550773 1.596346 3.647581 -37.795336 1.848451 44.704731 -1.540970 2.765100
135 1601 Car 0 0 -1.535700 588.878500 174.266600 626.802300 209.064700 1.567771 1.680471 4.296884 -0.150982 1.683732 34.947633 -1.554013 7.154200
136 1762 Car 0 0 1.933000 302.951200 175.159700 341.605700 193.850200 1.492567 1.617596 3.882045 -23.435930 1.756591 58.703800 1.571871 5.621900
136 1758 Car 0 0 -0.842700 0.000000 176.102900 36.037300 203.199200 1.550773 1.596346 3.647581 -37.704299 1.961059 43.285033 -1.540970 2.765100
136 1601 Car 0 0 -1.557700 589.345500 173.613500 627.015400 209.213500 1.598505 1.703109 4.387251 -0.109409 1.661128 35.118079 -1.558084 8.735100
137 1762 Car 0 0 1.902900 296.579100 174.203100 335.022800 193.466900 1.477816 1.610924 3.968728 -23.348253 1.608457 57.335831 1.537464 2.822600
137 1601 Car 0 0 -1.548400 590.433100 169.351000 627.311100 204.644100 1.609194 1.694760 4.285491 -0.059904 1.521544 35.210768 -1.552964 7.250600
138 1762 Car 0 0 2.004300 287.942100 173.880600 329.762700 193.498800 1.468103 1.587918 3.812101 -23.275150 1.534881 55.884787 1.581861 3.290000
138 1601 Car 0 0 -1.595800 588.540100 169.690400 625.190200 204.175500 1.592140 1.680137 4.213681 -0.170036 1.456890 35.266917 -1.583764 7.937700
139 1765 Car 0 0 -0.787700 678.815100 166.329700 779.823700 205.314000 1.545780 1.673280 4.284137 5.105983 1.265857 30.772855 -0.343311 1.023800
139 1762 Car 0 0 1.931300 279.505600 175.683200 321.628600 196.605800 1.491216 1.608735 3.921616 -23.287544 1.636051 54.490837 1.547770 5.064300
139 1601 Car 0 0 -1.591000 589.437300 173.630100 625.870800 209.865900 1.637850 1.680670 4.025316 -0.182676 1.609253 35.303314 -1.591697 7.103300
140 1765 Car 0 0 -0.787700 678.815100 166.329700 779.823700 205.314000 1.545780 1.673280 4.284137 4.457649 1.366194 30.804480 -0.343311 1.023800
140 1762 Car 0 0 1.958500 269.435100 180.649400 313.607200 201.786400 1.468215 1.613596 3.910605 -23.329402 1.892942 53.070085 1.545007 6.246700
140 1601 Car 0 0 -1.558500 590.143900 178.891100 626.348600 214.062800 1.609760 1.677166 4.062079 -0.125196 1.798379 35.433279 -1.572973 7.475900
141 1765 Car 0 0 -0.123200 697.628500 178.128000 808.594500 216.695900 1.546158 1.673004 4.350518 5.734722 1.754353 30.223483 -0.043814 2.132400
141 1762 Car 0 0 1.945000 262.772300 182.887300 307.054000 204.992000 1.472223 1.599940 3.902444 -23.330135 2.107880 51.837464 1.530912 3.381400
141 1601 Car 0 0 -1.600900 591.419500 181.378600 627.783400 216.177400 1.581417 1.663096 3.981006 -0.107124 1.935470 35.460527 -1.592087 4.648400
142 1765 Car 0 0 -0.123200 697.628500 178.128000 808.594500 216.695900 1.546158 1.673004 4.350518 5.748499 1.953666 30.044439 -0.043814 2.132400
142 1762 Car 0 0 1.899800 250.696800 179.489300 295.107300 203.126700 1.519488 1.618085 3.925778 -23.454363 2.060443 50.462514 1.489064 3.262600
142 1601 Car 0 0 -1.566100 587.070100 177.756400 623.756800 213.700400 1.620219 1.691466 4.258623 -0.200074 1.919942 35.748381 -1.580476 8.581200
143 1773 Car 0 0 -0.735300 697.706600 173.681300 819.637400 221.854100 1.540723 1.625511 4.055077 5.126120 1.570272 25.046536 -0.563906 4.715800
143 1762 Car 0 0 1.923100 240.122200 180.429900 285.787400 203.553600 1.486369 1.594547 3.849712 -23.495909 2.022062 49.024022 1.480557 4.282300
143 1601 Car 0 0 -1.583600 588.393700 177.528800 624.743300 213.418300 1.640602 1.698718 4.225791 -0.223959 1.911597 35.905280 -1.586548 8.478100
