0 3054 Car 0 0 2.586500 286.571300 181.427500 530.776400 290.745100 1.470600 1.546900 3.575600 -3.221200 1.633300 11.827100 2.320600 9.721800
1 3054 Car 0 0 2.634800 215.635100 182.609600 483.791900 301.749300 1.476375 1.509958 3.594025 -3.897132 1.652198 11.088574 2.298783 11.002200
2 3055 Car 0 0 -1.022800 216.704400 168.329900 268.947300 192.072400 1.616700 1.617800 3.670800 -25.929800 1.309000 51.021500 -1.493000 1.107600
2 3054 Car 0 0 2.658400 139.109500 190.217500 434.189600 314.933500 1.409626 1.518069 3.568051 -4.503409 1.668840 10.333016 2.265214 10.814600
3 3054 Car 0 0 2.672600 43.262500 190.975700 375.489900 331.385800 1.400629 1.507049 3.550994 -5.114893 1.682851 9.540733 2.212257 12.569000
4 3054 Car 0 0 2.714200 0.000000 191.225700 314.600500 351.928600 1.415154 1.505843 3.517827 -5.651938 1.694875 8.714668 2.167417 11.210000
5 3054 Car 0 0 2.743300 0.000000 190.517000 251.114400 374.000000 1.423837 1.534561 3.721739 -6.184849 1.679957 7.790652 2.107755 10.820300
6 3054 Car 0 0 2.796100 0.000000 191.386900 169.875600 374.000000 1.460094 1.569752 3.761950 -6.670611 1.705121 6.915496 2.059636 7.351200
7 3059 Car 0 0 -3.132200 1110.194100 177.931500 1239.742900 220.114800 1.528800 1.634794 3.980540 22.453539 1.785751 28.909351 -2.457280 1.470900
7 3054 Car 0 0 2.841800 0.000000 190.200200 85.825600 374.000000 1.496314 1.569534 3.822858 -7.068726 1.714960 6.058270 2.012643 4.612500
8 3059 Car 0 0 -3.111000 1083.168400 179.131700 1212.478200 220.117200 1.532854 1.644153 4.088906 21.812647 1.792029 29.598152 -2.467209 3.201900
8 3054 Car 0 0 2.841800 0.000000 190.200200 85.825600 374.000000 1.496314 1.569534 3.822858 -7.592724 1.725284 5.216153 2.012643 4.612500
9 3059 Car 0 0 -3.020600 1051.392300 180.621100 1178.038600 219.181100 1.492843 1.623079 4.152954 21.035891 1.801572 30.301216 -2.433414 5.610500
10 3059 Car 0 0 -2.986400 1023.236700 182.112400 1134.949200 219.114400 1.469512 1.599417 3.966053 20.183036 1.853280 31.153894 -2.420177 4.665500
11 3059 Car 0 0 -2.909400 993.693200 179.568800 1110.028100 215.898300 1.468330 1.599901 4.068308 19.405332 1.802860 31.922471 -2.384468 6.025200
12 3059 Car 0 0 1.221400 1010.715800 179.230800 1085.031000 214.890500 1.474368 1.602620 4.019231 19.387417 1.787598 32.752666 1.379101 -0.813600
13 3059 Car 0 0 -2.830400 944.858400 178.790600 1052.055000 213.112300 1.470741 1.603658 4.070200 18.212496 1.765842 33.586724 -2.118793 5.154300
14 3059 Car 0 0 0.847400 937.053000 176.513900 1030.543700 211.301400 1.518490 1.611842 4.154314 17.741546 1.741007 34.676486 1.207654 2.630400
15 3059 Car 0 0 -2.637200 893.466500 177.675900 988.416700 210.458000 1.501562 1.610086 4.033356 16.449187 1.736649 35.501959 -2.104430 1.209000
16 3059 Car 0 0 1.140800 906.615700 173.762800 975.940400 208.796800 1.602634 1.633703 4.015275 16.272144 1.716484 36.379988 1.365423 3.278900
17 3059 Car 0 0 -2.669800 861.604000 176.399100 951.003000 208.122000 1.552861 1.624987 3.971534 15.276293 1.710127 37.136979 -2.089037 2.994400
18 3059 Car 0 0 -2.548400 841.861900 175.944000 926.580100 208.564400 1.589102 1.629878 3.952539 14.431529 1.754224 38.067065 -2.149891 3.069300
19 3059 Car 0 0 -2.509100 826.481900 175.204500 909.062500 205.963700 1.572414 1.638977 3.990215 13.796083 1.713571 39.028289 -2.161268 4.593600
20 3059 Car 0 0 -2.363900 841.165100 183.614600 914.693000 213.664400 1.503556 1.596903 3.750100 13.791761 1.940745 38.939379 -2.068212 -0.030300
21 3059 Car 0 0 -2.420700 794.846300 177.007200 871.687200 204.573300 1.473918 1.625083 3.962209 12.752246 1.789680 40.506622 -2.102011 3.887200
22 3059 Car 0 0 -2.371200 781.925700 176.572000 856.775800 203.687900 1.471002 1.639247 4.119246 12.056803 1.727894 41.740465 -2.095268 6.451400
23 3059 Car 0 0 -2.343100 769.433700 175.029100 842.589200 202.743000 1.518837 1.653494 4.235902 11.488898 1.696777 42.840300 -2.085955 7.104700
24 3059 Car 0 0 -2.303300 760.286900 176.617700 827.858300 202.130000 1.477097 1.638974 4.174468 10.995347 1.689927 43.848017 -2.067257 5.338100
25 3059 Car 0 0 -2.247500 749.307000 175.433500 811.448100 201.718700 1.523019 1.641030 4.061017 10.484255 1.706507 45.022074 -2.036567 4.420500
26 3059 Car 0 0 -2.264300 738.226300 175.188700 799.505900 200.350400 1.519237 1.624881 4.038572 9.972179 1.681949 46.022454 -2.044560 4.928800
27 3059 Car 0 0 -2.223200 728.452800 174.693900 788.858600 199.685300 1.532749 1.633483 4.139947 9.508094 1.669009 47.035078 -2.030555 4.826500
28 3059 Car 0 0 -2.105000 723.151900 174.642700 776.219100 198.980100 1.537169 1.636831 4.081637 9.110591 1.662926 48.094121 -1.959447 3.316500
29 3059 Car 0 0 -2.102800 715.344200 174.460600 767.771100 198.123600 1.532862 1.644105 4.102936 8.747940 1.647867 49.132680 -1.937663 5.934900
30 3059 Car 0 0 -2.071000 708.970300 174.025000 759.454300 197.392500 1.546297 1.651580 4.171948 8.450971 1.639604 50.354326 -1.915746 5.815600
31 3059 Car 0 0 -2.085500 702.004500 174.006500 750.157100 196.234800 1.527572 1.635338 4.078534 8.107106 1.611769 51.512100 -1.923010 2.334800
32 3059 Car 0 0 -1.901900 698.443600 175.046000 739.255600 197.067100 1.529320 1.650580 4.176039 7.776756 1.664098 52.716146 -1.818371 3.877900
33 3059 Car 0 0 1.348700 702.304700 174.349900 735.744400 195.473200 1.515773 1.626118 4.091035 7.785687 1.635705 53.814745 1.430870 2.250700
34 3059 Car 0 0 -1.843800 690.127100 173.627800 724.649400 194.513100 1.522835 1.619556 3.953563 7.335145 1.602217 54.904522 -1.710771 1.173800
35 3059 Car 0 0 1.229200 683.591900 175.577800 719.586200 195.325000 1.487956 1.604812 3.853650 6.993768 1.653686 56.083051 1.383529 1.081000
36 3059 Car 0 0 1.229200 683.591900 175.577800 719.586200 195.325000 1.487956 1.604812 3.853650 6.536551 1.649124 57.132182 1.383529 1.081000
38 3075 Car 0 0 -2.339300 990.674800 187.094400 1241.000000 374.000000 1.543434 1.570077 3.723697 3.901398 1.645223 4.163050 -1.573137 9.280700
39 3075 Car 0 0 -2.281400 958.443200 191.835800 1241.000000 374.000000 1.498759 1.520261 3.609196 3.927143 1.649265 4.877077 -1.590202 9.138600
40 3076 Car 0 0 1.301900 665.573000 171.568600 696.796700 190.319000 1.555400 1.654117 4.010969 6.105617 1.477349 62.311852 1.458043 1.051600
40 3075 Car 0 0 -2.197800 913.964500 187.686300 1241.000000 374.000000 1.506211 1.549062 3.459807 3.909360 1.663235 5.725162 -1.597132 9.481000
41 3076 Car 0 0 1.441800 668.265800 173.199800 692.840300 191.367500 1.553404 1.649180 4.050715 6.123068 1.539262 63.738481 1.508221 2.112900
41 3075 Car 0 0 -2.134800 890.098400 192.335900 1241.000000 374.000000 1.455330 1.512058 3.279487 3.870044 1.650824 6.490055 -1.597607 11.946500
42 3076 Car 0 0 -1.660600 667.001800 172.729500 688.935400 189.467600 1.496034 1.627532 3.973782 6.047605 1.456636 64.952376 -1.592607 3.075300
42 3075 Car 0 0 -2.081600 854.499300 186.966000 1197.737100 374.000000 1.457166 1.516719 3.300756 3.830073 1.641657 7.355577 -1.601929 12.239700
43 3076 Car 0 0 -1.670200 663.449900 173.221600 685.167900 189.769300 1.483279 1.610328 3.973237 5.885735 1.478880 66.362718 -1.586050 1.700500
43 3075 Car 0 0 -2.035500 832.886000 184.640400 1111.739700 348.693000 1.458052 1.524927 3.195779 3.793274 1.626759 8.212835 -1.603642 13.808900
44 3080 Car 0 0 -2.322800 1092.866200 179.216200 1241.000000 351.607400 1.541003 1.604594 3.852949 7.779955 1.640046 8.552414 -1.583146 7.675100
44 3076 Car 0 0 1.458300 658.912200 171.982900 682.193000 188.427200 1.489905 1.659631 4.235639 5.668894 1.421064 67.742761 1.546678 2.235000
44 3075 Car 0 0 -2.002000 814.367800 180.912800 1063.149800 330.770600 1.481443 1.528989 3.256359 3.787133 1.619036 9.046590 -1.604667 11.510800
45 3080 Car 0 0 -2.257400 1056.157500 182.797300 1241.000000 329.472500 1.519485 1.569424 3.697191 7.704561 1.653938 9.419674 -1.577878 8.554500
45 3076 Car 0 0 1.540200 661.874300 171.670500 680.814700 187.717800 1.488851 1.667894 4.216332 5.732889 1.377541 69.059486 1.594651 1.124000
45 3075 Car 0 0 -1.954200 798.531700 187.696100 1015.516300 318.214800 1.432036 1.516450 3.340375 3.755085 1.632223 9.852922 -1.595911 13.507400
46 3080 Car 0 0 -2.224400 1027.255200 184.925700 1241.000000 311.257600 1.485891 1.545831 3.467850 7.682631 1.662344 10.322118 -1.582966 9.712900
46 3076 Car 0 0 1.495400 659.322600 171.640700 679.036100 187.216500 1.483814 1.642496 4.024969 5.705279 1.355014 70.494364 1.583495 0.287800
46 3075 Car 0 0 -1.934100 788.651800 184.438400 974.570800 305.510300 1.456179 1.508817 3.209058 3.750646 1.656121 10.656924 -1.595286 12.278900
47 3080 Car 0 0 -2.196600 1001.601000 188.232500 1241.000000 296.571100 1.415489 1.522569 3.306357 7.680525 1.649751 11.196002 -1.590776 12.190700
47 3076 Car 0 0 1.518300 656.625800 174.363700 674.740300 189.584700 1.474411 1.611226 3.994952 5.546839 1.523825 71.961253 1.590482 2.195700
47 3075 Car 0 0 -1.892200 774.960000 184.216000 935.333200 293.175400 1.463546 1.511464 3.093450 3.716336 1.669377 11.529023 -1.586951 12.904800
48 3080 Car 0 0 -2.162700 975.232600 182.229900 1193.456700 286.552900 1.451034 1.514245 3.223565 7.655255 1.649409 12.064927 -1.595179 12.002700
48 3076 Car 0 0 1.518300 656.625800 174.363700 674.740300 189.584700 1.474411 1.611226 3.994952 5.441517 1.512674 73.319802 1.590482 2.195700
48 3075 Car 0 0 -1.897700 758.738600 180.699200 909.498300 281.240900 1.471614 1.512722 3.126484 3.668849 1.644532 12.416522 -1.602556 12.799600
49 3080 Car 0 0 -2.112200 951.416600 181.888000 1149.326000 277.531700 1.459851 1.532573 3.259124 7.655662 1.648048 12.977903 -1.585674 11.482100
49 3075 Car 0 0 -1.855600 749.836900 180.372000 886.013200 274.490200 1.489590 1.530693 3.199607 3.654818 1.653580 13.348918 -1.594178 13.336500
50 3080 Car 0 0 -2.091600 928.170800 185.344800 1107.211900 270.133000 1.411860 1.521218 3.318255 7.629705 1.650615 13.912973 -1.589151 9.984500
50 3075 Car 0 0 -1.828200 742.330100 180.794000 865.479900 263.669800 1.447075 1.537805 3.247500 3.651316 1.616769 14.280851 -1.584241 12.698700
51 3080 Car 0 0 -2.059500 910.512100 183.033700 1067.904700 263.680300 1.428263 1.521763 3.248816 7.604720 1.664034 14.853944 -1.588069 11.284000
51 3075 Car 0 0 -1.828600 732.591200 183.759100 849.114500 262.070800 1.433123 1.549174 3.318945 3.643731 1.658848 15.240245 -1.590458 12.422700
52 3080 Car 0 0 -2.034000 893.760600 180.417500 1043.288800 255.767500 1.431067 1.536371 3.337185 7.601789 1.631874 15.754713 -1.585740 11.190700
52 3075 Car 0 0 -1.808600 725.996700 182.774700 828.122400 254.064000 1.414568 1.527621 3.205384 3.606585 1.652705 16.181059 -1.590422 13.345200
53 3080 Car 0 0 -2.016600 880.575900 181.072900 1013.054100 251.791900 1.436835 1.517786 3.277492 7.596488 1.642301 16.683124 -1.588064 12.400500
53 3075 Car 0 0 -1.773800 719.293200 180.036400 810.945400 247.824800 1.433685 1.522293 3.171897 3.575062 1.640723 17.210543 -1.577986 12.672400
54 3080 Car 0 0 -2.000600 864.886700 180.479500 988.256100 246.463800 1.432920 1.517671 3.279289 7.574250 1.636769 17.644290 -1.592969 11.643000
54 3075 Car 0 0 -1.786100 712.442600 178.347100 799.461800 243.349000 1.465647 1.516735 3.139946 3.562260 1.638522 18.249627 -1.587821 12.399500
55 3083 Car 0 0 -2.324500 1113.741700 182.055300 1241.000000 374.000000 1.594503 1.655317 4.271946 7.676648 1.751844 7.842677 -1.553254 7.008000
55 3080 Car 0 0 -1.992600 851.693200 178.989000 966.451100 242.759700 1.458432 1.516947 3.271200 7.557605 1.642748 18.616845 -1.602073 12.488400
55 3075 Car 0 0 -1.774100 704.131500 179.617700 786.991800 238.859800 1.444914 1.533524 3.235837 3.527696 1.633426 19.371226 -1.592443 12.556000
56 3083 Car 0 0 -2.316700 1081.997300 179.744100 1241.000000 355.968500 1.586331 1.643956 4.107459 7.742086 1.699201 8.616379 -1.573427 8.261700
56 3080 Car 0 0 -1.965000 838.255800 179.599900 948.687500 238.656400 1.438944 1.537190 3.403212 7.527210 1.631680 19.570809 -1.599927 10.189600
56 3075 Car 0 0 -1.753900 699.085400 181.336100 775.704100 235.918500 1.407576 1.533633 3.334329 3.495587 1.641726 20.454924 -1.588214 12.795800
57 3083 Car 0 0 -2.285100 1046.046800 178.289500 1241.000000 336.731200 1.580123 1.635072 4.134281 7.753032 1.668959 9.392120 -1.587706 9.463400
57 3080 Car 0 0 -1.953700 828.543900 179.144900 929.948300 234.546900 1.424084 1.527493 3.407840 7.504732 1.616059 20.523949 -1.602197 11.087800
57 3075 Car 0 0 -1.767800 692.124800 180.047400 763.809800 232.428200 1.418406 1.517914 3.274732 3.443303 1.652866 21.613247 -1.602482 12.846400
58 3084 Car 0 0 -2.381200 954.438000 195.905100 1241.000000 374.000000 1.477986 1.560043 3.975469 3.387648 1.633816 3.459154 -1.602446 9.362100
58 3083 Car 0 0 -2.228000 1014.650900 186.212300 1241.000000 317.623200 1.480833 1.598062 4.110926 7.698059 1.649030 10.230382 -1.587022 11.372500
58 3080 Car 0 0 -1.939600 818.397500 179.783500 911.542100 231.326000 1.404564 1.518598 3.368570 7.493101 1.615286 21.574343 -1.604671 9.887000
58 3075 Car 0 0 -1.742800 689.352500 176.742700 755.171700 226.307700 1.432370 1.520625 3.206234 3.428663 1.601048 22.737429 -1.596931 11.980300
59 3084 Car 0 0 -2.239000 917.578800 204.115500 1241.000000 374.000000 1.434651 1.539061 3.773237 3.313338 1.671582 4.228109 -1.586389 10.476100
59 3083 Car 0 0 -2.211800 985.666200 181.841200 1241.000000 304.370200 1.481245 1.613413 4.109365 7.680639 1.641801 11.073840 -1.599617 10.407700
59 3080 Car 0 0 -1.934100 808.850900 179.806200 896.470800 228.033700 1.382831 1.523914 3.307527 7.471426 1.606531 22.588438 -1.611240 10.434400
59 3075 Car 0 0 -1.737900 684.433200 178.352600 747.057400 225.180600 1.430473 1.532599 3.187178 3.404905 1.615314 23.903573 -1.596912 12.576300
60 3084 Car 0 0 -2.185600 883.176200 196.413400 1241.000000 374.000000 1.447553 1.564334 3.623204 3.300477 1.682670 4.945838 -1.591780 10.377000
60 3083 Car 0 0 -2.182300 961.464600 180.092500 1231.274700 290.833300 1.484369 1.630648 4.067360 7.672440 1.627192 11.956838 -1.608321 11.065300
60 3080 Car 0 0 -1.927800 798.884200 179.474300 881.068000 225.636100 1.378795 1.514264 3.278586 7.421408 1.606642 23.611031 -1.619373 10.099900
60 3075 Car 0 0 -1.711700 681.849400 177.538400 739.994800 224.099200 1.473443 1.543230 3.261232 3.405725 1.653583 25.117032 -1.584667 12.397500
61 3084 Car 0 0 -2.133100 849.884700 195.515400 1241.000000 374.000000 1.429841 1.565920 3.641252 3.281634 1.670331 5.685280 -1.602425 12.201600
61 3083 Car 0 0 -2.157700 936.428400 179.285500 1178.687500 278.558200 1.467392 1.631360 4.101809 7.656523 1.597821 12.895159 -1.618320 11.025300
61 3080 Car 0 0 -1.887400 791.470400 178.065700 867.647900 223.344300 1.406795 1.518056 3.321981 7.404665 1.611155 24.698733 -1.605484 12.261500
61 3075 Car 0 0 -1.737000 676.566800 177.228400 732.751500 221.683300 1.495171 1.532767 3.189149 3.368234 1.670597 26.306008 -1.600571 12.518400
62 3084 Car 0 0 -2.061200 834.369400 191.549900 1241.000000 374.000000 1.410903 1.548479 3.576633 3.264426 1.632543 6.381621 -1.592706 13.449600
62 3083 Car 0 0 -2.116800 918.349200 180.311500 1134.692900 268.828300 1.423578 1.634351 4.112990 7.635433 1.567387 13.789790 -1.614847 9.902200
62 3080 Car 0 0 -1.907500 781.853200 177.659900 857.892800 220.270500 1.399196 1.531495 3.402770 7.372194 1.588615 25.736502 -1.620080 9.057600
62 3075 Car 0 0 -1.729100 672.164400 178.260200 724.918500 218.350100 1.453534 1.533591 3.107600 3.314493 1.656320 27.555401 -1.606707 11.530800
63 3084 Car 0 0 -2.016600 813.266800 194.171400 1152.069500 374.000000 1.409912 1.539654 3.475317 3.236160 1.661107 7.128637 -1.591652 14.163700
63 3083 Car 0 0 -2.104800 901.770800 182.253600 1092.746100 265.253500 1.413950 1.614604 4.010032 7.603100 1.600561 14.680427 -1.623223 9.691800
63 3080 Car 0 0 -1.868700 776.539200 178.587400 844.404500 219.787400 1.408716 1.528222 3.334496 7.354008 1.621847 26.834723 -1.608782 10.743800
63 3075 Car 0 0 -1.710100 669.367800 178.250000 718.447100 215.697600 1.420695 1.527231 3.163903 3.285959 1.639845 28.906570 -1.601017 11.240400
64 3084 Car 0 0 -1.986200 792.573000 189.375600 1080.401400 357.566200 1.385060 1.540239 3.431735 3.206600 1.616269 7.915686 -1.598418 13.094300
64 3083 Car 0 0 -2.109600 882.141900 180.650000 1060.316900 261.277100 1.452732 1.617445 3.972745 7.564042 1.641585 15.603711 -1.645952 9.867200
64 3080 Car 0 0 -1.874200 768.160900 177.410600 833.586300 216.596300 1.412538 1.536799 3.303658 7.326523 1.609299 28.012621 -1.615344 7.541300
64 3075 Car 0 0 -1.733600 665.474400 177.482900 713.253600 214.339000 1.436025 1.512626 3.110997 3.246199 1.646570 30.171615 -1.617075 8.360700
65 3084 Car 0 0 -1.954700 779.801600 190.371300 1025.752900 343.018600 1.390894 1.519263 3.393333 3.186942 1.637454 8.679804 -1.601188 12.636600
65 3083 Car 0 0 -2.054800 867.150700 181.078100 1023.484800 254.161600 1.449869 1.624401 3.923831 7.532436 1.653121 16.640432 -1.637515 9.773900
65 3080 Car 0 0 -1.890800 759.892200 177.512200 827.582400 216.651800 1.438348 1.561521 3.494409 7.294731 1.638093 29.075611 -1.633920 8.278300
65 3075 Car 0 0 -1.714400 661.809400 177.601800 706.241300 212.655900 1.440460 1.510014 3.085598 3.183779 1.657087 31.545839 -1.615731 10.600600
66 3084 Car 0 0 -1.930400 761.512200 185.885500 980.551800 325.348600 1.429154 1.539187 3.416551 3.160661 1.652275 9.533894 -1.607932 12.781300
66 3083 Car 0 0 -2.046600 852.670300 180.826400 998.830500 248.599500 1.435117 1.611051 3.965096 7.510096 1.646246 17.643503 -1.642574 9.776800
66 3080 Car 0 0 -1.840400 753.748700 178.747600 815.090000 215.583700 1.435476 1.576526 3.614920 7.268980 1.678086 30.388276 -1.617221 6.402200
66 3075 Car 0 0 -1.718000 658.967400 177.707900 702.454600 211.067400 1.435108 1.522181 3.114214 3.152547 1.662943 32.908343 -1.620162 9.001100
67 3084 Car 0 0 -1.896000 751.880400 187.910900 950.525700 313.803500 1.420036 1.547229 3.555144 3.160270 1.665778 10.356498 -1.602783 13.746600
67 3083 Car 0 0 -2.011800 838.115700 180.567400 971.405600 242.934900 1.419285 1.616149 4.026284 7.491282 1.636869 18.772809 -1.637522 10.223700
67 3080 Car 0 0 -1.858100 744.689000 178.275300 803.263100 213.458000 1.434440 1.568167 3.574179 7.159767 1.685147 31.660115 -1.630063 5.080300
67 3075 Car 0 0 -1.716800 655.003900 177.194800 696.622100 209.152700 1.435165 1.522563 3.167974 3.083044 1.657079 34.337264 -1.625191 9.325500
68 3084 Car 0 0 -1.856000 739.863300 185.720100 911.387800 300.107000 1.437195 1.564454 3.565809 3.128967 1.678796 11.263663 -1.593028 12.947800
68 3083 Car 0 0 -1.946500 834.830500 178.636500 948.880000 238.143700 1.435363 1.606786 3.896569 7.519157 1.624003 19.768739 -1.603640 9.651000
68 3080 Car 0 0 -1.836600 741.157400 178.546200 796.998900 212.759500 1.437135 1.567755 3.614488 7.127460 1.704679 32.780697 -1.625574 2.905100
68 3075 Car 0 0 -1.704000 653.062900 177.068700 692.884100 207.451600 1.426349 1.534514 3.238693 3.049492 1.646770 35.752133 -1.621489 8.888400
69 3084 Car 0 0 -1.854400 730.366800 183.423100 883.161600 283.510500 1.420697 1.562567 3.474273 3.112609 1.639512 12.193689 -1.600860 13.347200
69 3083 Car 0 0 -1.970200 814.968300 178.151000 928.581700 235.864300 1.471232 1.631207 4.004002 7.478712 1.648538 20.979754 -1.620364 9.374300
69 3080 Car 0 0 -1.798600 735.098200 177.906400 786.897200 210.944000 1.445642 1.583543 3.662949 7.057163 1.705782 34.024030 -1.606802 4.329700
69 3075 Car 0 0 -1.688000 650.410500 177.053300 688.494400 205.993300 1.417357 1.555889 3.367681 3.008422 1.642574 37.277645 -1.613090 8.057700
70 3084 Car 0 0 -1.824800 722.052000 185.516200 857.792500 277.189800 1.405124 1.554553 3.450742 3.083620 1.652238 13.128699 -1.597547 13.509300
70 3083 Car 0 0 -1.933300 806.628100 178.876200 909.181500 232.284600 1.465464 1.639423 4.017474 7.460562 1.658553 22.141275 -1.613897 9.119600
70 3080 Car 0 0 1.284500 729.898500 177.481400 781.954000 209.113100 1.445060 1.571341 3.556061 7.033012 1.692753 35.223136 1.501793 3.662100
70 3075 Car 0 0 -1.691000 649.105100 177.026900 684.206000 205.356400 1.430610 1.525489 3.215038 2.968620 1.661818 38.632628 -1.613962 8.215300
71 3089 Car 0 0 -2.406800 994.331400 183.081900 1241.000000 374.000000 1.562163 1.599489 4.052683 3.572572 1.649250 3.240511 -1.564617 7.980800
71 3084 Car 0 0 -1.835800 711.832600 184.840300 836.147500 268.851500 1.394912 1.542469 3.305478 3.024516 1.651485 14.007711 -1.614452 12.274000
71 3083 Car 0 0 -1.922700 794.067800 177.373100 888.996100 227.139600 1.459677 1.639409 4.017119 7.398916 1.630583 23.383070 -1.617051 8.484700
71 3080 Car 0 0 1.286300 725.325300 176.590000 775.380800 207.091200 1.448793 1.565074 3.525245 7.014203 1.666294 36.492466 1.485790 4.014000
71 3075 Car 0 0 -1.670800 647.251500 178.271600 680.744800 204.872300 1.410518 1.535261 3.210256 2.935784 1.695426 40.087383 -1.604035 7.420700
72 3089 Car 0 0 -2.339300 956.157400 188.756500 1241.000000 374.000000 1.527448 1.597126 3.985152 3.618511 1.641488 3.943113 -1.585249 10.590100
72 3084 Car 0 0 -1.785100 708.880400 183.749400 817.580300 263.088000 1.412580 1.531611 3.275950 3.013257 1.668276 14.965092 -1.597362 13.003600
72 3083 Car 0 0 -1.901000 786.281600 177.086900 873.260900 223.400400 1.441397 1.630071 3.985711 7.359665 1.600671 24.563773 -1.613497 11.084900
72 3080 Car 0 0 -1.749300 721.771900 174.370900 764.364400 203.875200 1.470923 1.577636 3.628800 6.980855 1.603322 38.082940 -1.602341 1.387900
72 3075 Car 0 0 -1.675200 644.476100 177.033300 676.242500 202.613900 1.407417 1.517177 3.185685 2.866085 1.672045 41.628147 -1.605991 6.070100
73 3089 Car 0 0 -2.264500 917.083400 186.080700 1241.000000 374.000000 1.532493 1.590859 3.896748 3.626677 1.654885 4.694160 -1.600443 9.592700
73 3084 Car 0 0 -1.794600 700.139100 184.677600 806.762700 256.947400 1.387253 1.545263 3.417943 3.006089 1.667023 15.968305 -1.604493 13.273800
73 3083 Car 0 0 -1.918600 773.279200 178.118600 856.749600 222.147100 1.435651 1.624279 3.968461 7.267291 1.622200 25.846724 -1.634388 8.055700
73 3080 Car 0 0 -1.773800 714.749600 174.894100 757.950800 203.445100 1.471527 1.582929 3.712729 6.854044 1.592278 39.325134 -1.602563 0.046300
73 3075 Car 0 0 -1.671700 642.497500 176.647600 673.200400 200.962500 1.395478 1.518674 3.185324 2.813521 1.641774 43.172538 -1.606615 6.961100
74 3089 Car 0 0 -2.189300 877.853700 184.746100 1241.000000 374.000000 1.526687 1.597437 3.899005 3.610558 1.651043 5.508931 -1.608885 12.071300
74 3084 Car 0 0 -1.766800 694.937700 181.690600 791.126000 251.414800 1.414846 1.546769 3.479596 2.979139 1.665436 16.966186 -1.597884 12.795400
74 3083 Car 0 0 -1.861900 768.772200 175.431900 845.030500 219.448700 1.490254 1.642586 4.055752 7.279025 1.625558 27.157921 -1.613506 9.178200
74 3080 Car 0 0 -1.773800 714.749600 174.894100 757.950800 203.445100 1.471527 1.582929 3.712729 6.812768 1.586848 40.482268 -1.602563 0.046300
74 3075 Car 0 0 -1.622900 641.557400 178.355500 670.177800 202.217300 1.397593 1.563127 3.337840 2.779422 1.714766 44.697045 -1.578361 7.611000
75 3089 Car 0 0 -2.120700 852.473200 183.673500 1241.000000 374.000000 1.511676 1.614287 3.922426 3.583544 1.634332 6.245851 -1.604444 12.324600
75 3084 Car 0 0 -1.756300 688.873000 182.213500 776.702300 245.555300 1.400170 1.539434 3.463468 2.938065 1.655677 18.011364 -1.596658 13.116400
75 3083 Car 0 0 -1.864700 761.198300 175.923400 832.622400 216.342700 1.477056 1.634560 4.024385 7.258663 1.607446 28.448155 -1.614924 10.229500
75 3080 Car 0 0 -1.872600 698.681200 176.583600 744.772000 203.074100 1.465212 1.594920 3.807645 6.546685 1.667249 42.247319 -1.688337 -0.359300
75 3075 Car 0 0 -1.656800 639.289800 177.156900 667.435200 200.103500 1.399884 1.539996 3.267298 2.727338 1.698986 46.206420 -1.590561 6.020700
76 3089 Car 0 0 -2.069900 830.712700 177.267000 1241.000000 374.000000 1.554212 1.631167 3.915055 3.577280 1.635183 7.035244 -1.602377 13.493700
76 3084 Car 0 0 -1.761700 682.760800 181.639600 768.541800 240.864000 1.384552 1.554122 3.545315 2.912058 1.639648 19.041040 -1.605275 11.856100
76 3083 Car 0 0 -1.850400 752.799100 175.712300 820.124400 214.910400 1.489629 1.642928 4.022355 7.198914 1.616923 29.776007 -1.614847 10.486800
76 3080 Car 0 0 -1.872600 698.681200 176.583600 744.772000 203.074100 1.465212 1.594920 3.807645 6.485781 1.669313 43.457532 -1.688337 -0.359300
76 3075 Car 0 0 -1.669900 635.252200 177.254000 663.803900 199.605000 1.402737 1.550320 3.307286 2.598040 1.704920 47.650409 -1.606592 6.384000
77 3089 Car 0 0 -2.008800 810.306100 175.447800 1155.470400 369.170700 1.566256 1.654673 3.980842 3.569886 1.617506 7.883086 -1.592317 12.725800
77 3084 Car 0 0 -1.742800 680.416100 179.529000 757.229200 237.685900 1.430131 1.552811 3.424418 2.900628 1.653641 20.094272 -1.601768 11.623300
77 3083 Car 0 0 -1.811700 748.997900 174.806200 810.623000 212.274800 1.500736 1.651192 4.069971 7.216351 1.603580 31.159615 -1.596030 8.551000
77 3080 Car 0 0 1.423700 697.111000 176.635300 732.911800 201.854800 1.478077 1.627381 3.911331 6.457864 1.716494 44.920657 1.536087 1.831600
77 3075 Car 0 0 -1.670100 634.586600 177.277900 662.864600 199.248200 1.415631 1.567489 3.458528 2.570692 1.727357 49.189091 -1.613519 6.603900
78 3089 Car 0 0 -1.982000 792.868800 177.269400 1082.088700 347.059000 1.572834 1.651476 3.953313 3.552316 1.633784 8.741291 -1.596138 13.430700
78 3084 Car 0 0 -1.745000 674.209100 179.322300 746.831400 232.504000 1.419049 1.544584 3.400860 2.850986 1.631374 21.198721 -1.608462 13.415500
78 3083 Car 0 0 -1.854300 739.832200 176.103100 800.954000 211.134800 1.476858 1.629442 4.044217 7.142433 1.611843 32.468237 -1.622649 10.645100
78 3080 Car 0 0 1.423700 697.111000 176.635300 732.911800 201.854800 1.478077 1.627381 3.911331 6.399798 1.722440 46.152632 1.536087 1.831600
78 3075 Car 0 0 -1.642300 633.061000 176.427400 659.099600 197.947600 1.432546 1.570648 3.532675 2.494598 1.713913 50.704597 -1.601147 4.883600
79 3089 Car 0 0 -1.956300 778.535000 178.155500 1016.658100 323.576900 1.558042 1.621825 3.812702 3.525247 1.634060 9.645633 -1.604087 13.338600
79 3084 Car 0 0 -1.736000 670.855300 179.092900 738.154000 229.825700 1.423098 1.533902 3.346560 2.814220 1.632796 22.288521 -1.610093 12.091900
79 3083 Car 0 0 -1.827600 734.546000 175.901100 790.872800 208.934400 1.455623 1.628427 3.979128 7.077262 1.599410 33.792347 -1.622371 9.632400
79 3075 Car 0 0 -1.602600 632.785100 175.801400 656.524700 196.819600 1.445620 1.585575 3.654937 2.450807 1.690107 52.229083 -1.573059 2.732400
80 3089 Car 0 0 -1.924800 766.252200 180.024100 981.683400 308.672600 1.517164 1.623293 3.858065 3.519313 1.622233 10.511907 -1.603168 13.174700
80 3084 Car 0 0 -1.729400 667.340000 179.680100 730.873300 227.528700 1.417599 1.538598 3.274584 2.782070 1.645066 23.366838 -1.610839 12.474300
80 3083 Car 0 0 -1.806700 730.652200 174.974500 783.016600 207.218200 1.465065 1.622045 3.939865 7.046979 1.585655 35.091146 -1.613984 7.947100
80 3075 Car 0 0 -1.657800 630.670800 175.459200 655.642600 195.659000 1.445669 1.574095 3.487118 2.411876 1.662173 53.742439 -1.597682 4.060000
81 3089 Car 0 0 -1.884600 753.528000 178.558300 939.098200 296.033500 1.521574 1.620887 3.866245 3.481815 1.627434 11.436398 -1.596080 13.265400
81 3084 Car 0 0 -1.728900 662.712900 179.149800 725.292600 226.011300 1.437438 1.554730 3.438682 2.748426 1.668421 24.509697 -1.615141 11.003500
81 3083 Car 0 0 -1.837100 723.519400 176.108000 775.428000 206.584600 1.447287 1.611572 3.880988 6.961646 1.599784 36.357326 -1.635563 5.952000
81 3075 Car 0 0 -1.669600 627.669400 177.188800 652.438900 196.806000 1.438272 1.565013 3.453239 2.287921 1.736516 55.225121 -1.617038 2.429200
82 3089 Car 0 0 -1.880100 743.265600 178.253600 911.757300 286.549100 1.535805 1.627261 3.826725 3.470315 1.643498 12.355410 -1.603015 14.388800
82 3084 Car 0 0 -1.718800 659.815600 178.520900 718.437600 221.712900 1.418317 1.562128 3.459830 2.712336 1.639520 25.641969 -1.614436 11.027200
82 3083 Car 0 0 -1.809300 718.841200 173.738400 769.456000 206.771400 1.564351 1.647868 4.059360 6.945198 1.655191 37.835858 -1.631012 6.514700
82 3075 Car 0 0 -1.653600 625.787500 175.101500 649.685200 194.166800 1.440885 1.575141 3.569343 2.167165 1.666146 56.796091 -1.616458 4.379600
83 3089 Car 0 0 -1.848300 731.086500 180.659300 883.311100 277.898700 1.509906 1.629448 3.954951 3.429037 1.655899 13.357639 -1.600904 14.986900
83 3084 Car 0 0 -1.713700 657.282300 178.115800 711.738900 219.260900 1.411632 1.548267 3.384349 2.670896 1.623935 26.751394 -1.614599 12.353700
83 3083 Car 0 0 -1.798700 715.656700 175.899100 761.458800 203.894700 1.480699 1.625700 3.932255 6.899164 1.622021 39.161868 -1.627111 7.819900
83 3075 Car 0 0 -1.623700 626.447400 175.010500 648.612800 193.330900 1.433231 1.588836 3.679018 2.156426 1.628836 58.461554 -1.597881 5.581600
84 3089 Car 0 0 -1.834000 723.532500 177.487300 862.414400 268.979400 1.535613 1.646476 3.991322 3.422975 1.657826 14.377706 -1.601149 13.676200
84 3084 Car 0 0 -1.719400 653.388900 177.736800 707.052300 218.453500 1.439424 1.562193 3.394825 2.625757 1.645622 27.893080 -1.621645 11.252700
84 3083 Car 0 0 -1.807100 710.250900 175.063700 756.521700 203.189000 1.487807 1.644550 4.013863 6.861547 1.622664 40.584301 -1.635077 6.943400
84 3075 Car 0 0 -1.656400 625.393300 175.625600 648.188700 193.658900 1.440875 1.586218 3.725297 2.157916 1.663996 60.190065 -1.611675 4.380200
85 3094 Car 0 0 -2.794600 989.806300 178.651700 1085.324300 214.585500 1.489791 1.545591 3.417603 19.260394 1.792381 32.626082 -2.264569 7.647800
85 3089 Car 0 0 -1.806300 718.034500 178.268200 837.829100 259.416000 1.513417 1.632832 3.861892 3.402901 1.640654 15.405935 -1.594444 13.281200
85 3084 Car 0 0 -1.724000 651.399800 177.603500 702.582300 215.589700 1.427419 1.559107 3.337209 2.599575 1.631009 29.026685 -1.629775 10.977400
85 3083 Car 0 0 -1.783000 706.751000 174.582000 750.318900 202.260700 1.508445 1.659414 4.059373 6.812187 1.625287 41.936867 -1.627242 6.281800
85 3075 Car 0 0 -1.665900 623.445300 176.296800 646.212400 194.366500 1.462213 1.583735 3.781849 2.081942 1.738821 61.627602 -1.624484 1.019200
86 3094 Car 0 0 -2.846900 982.819600 179.095000 1068.782000 213.988500 1.484808 1.498199 3.218655 18.860227 1.775072 32.885908 -2.302818 6.849800
86 3089 Car 0 0 -1.795700 710.202100 179.125300 821.229700 256.514800 1.527189 1.634975 3.852070 3.382918 1.677681 16.472926 -1.594417 14.122900
86 3084 Car 0 0 -1.721100 648.604700 177.886800 697.127600 215.251600 1.443167 1.549152 3.274473 2.546438 1.659633 30.127233 -1.634426 9.076600
86 3083 Car 0 0 -1.714100 704.466600 175.777300 740.169600 201.637600 1.480173 1.610828 3.866254 6.681519 1.638257 43.140302 -1.586549 0.035200
86 3075 Car 0 0 -0.067200 614.709200 180.267900 658.491300 197.820500 1.471599 1.575988 3.717543 2.174744 1.993875 62.564299 0.560325 0.916100
87 3094 Car 0 0 -2.807900 970.719900 179.271900 1059.068100 213.730600 1.478552 1.502160 3.227532 18.540035 1.776440 33.222760 -2.300084 7.245000
87 3089 Car 0 0 -1.802500 701.164200 177.677100 804.815300 246.568700 1.496109 1.623372 3.856168 3.338903 1.633689 17.589491 -1.608312 13.447900
87 3084 Car 0 0 -1.686200 647.579500 178.999100 691.951500 213.629000 1.413707 1.540653 3.330669 2.510332 1.672120 31.308929 -1.617167 9.109200
87 3083 Car 0 0 -1.714100 704.466600 175.777300 740.169600 201.637600 1.480173 1.610828 3.866254 6.635987 1.638994 44.387579 -1.586549 0.035200
87 3075 Car 0 0 -1.673100 621.024800 175.574300 642.778300 192.245400 1.452688 1.582547 3.666034 1.995577 1.807119 64.545677 -2.001695 3.506400
88 3097 Car 0 0 -2.339900 964.016600 173.623600 1241.000000 374.000000 1.654843 1.621906 4.001766 3.683201 1.647394 3.954406 -1.580726 9.662400
88 3094 Car 0 0 -2.800500 950.688800 180.685700 1042.457200 213.392900 1.438093 1.528827 3.381803 18.077373 1.788894 33.768063 -2.306646 10.151700
88 3089 Car 0 0 -1.772700 696.901400 174.770400 791.096500 242.180100 1.538130 1.628581 3.893084 3.321987 1.624254 18.719903 -1.601939 13.521500
88 3084 Car 0 0 -1.701500 644.569200 179.880300 687.669700 212.833900 1.392813 1.526776 3.293730 2.458262 1.700432 32.514757 -1.622935 9.126800
88 3075 Car 0 0 -1.620000 621.692800 176.096000 640.432100 192.278300 1.442312 1.564904 3.520342 1.913830 1.768094 66.296086 -1.748119 2.739900
89 3097 Car 0 0 -2.250600 922.017800 161.621500 1241.000000 374.000000 1.691051 1.622027 3.899383 3.676721 1.665635 4.717854 -1.587508 10.277500
89 3094 Car 0 0 -2.799500 938.357500 178.226800 1030.447400 211.446900 1.455341 1.555572 3.492803 17.692886 1.747389 34.240261 -2.316692 8.731100
89 3089 Car 0 0 -1.763100 691.051500 177.567100 779.367100 240.093600 1.530324 1.633537 3.962746 3.294930 1.653154 19.837747 -1.600432 14.467700
89 3084 Car 0 0 -1.688200 642.619400 178.777400 684.804600 210.881300 1.393547 1.545950 3.430482 2.424589 1.693028 33.707990 -1.618958 9.208800
89 3075 Car 0 0 -1.621200 620.136300 174.759400 638.895700 190.602000 1.444035 1.578127 3.555791 1.820098 1.679524 67.964843 -1.653363 2.798200
90 3097 Car 0 0 -2.172000 889.284700 168.232500 1241.000000 374.000000 1.663604 1.621515 4.014871 3.667807 1.635938 5.425162 -1.581809 10.747400
90 3094 Car 0 0 -2.738000 927.615800 178.000500 1017.218500 211.652500 1.486094 1.543352 3.514247 17.318736 1.754904 34.667931 -2.290678 9.203900
90 3089 Car 0 0 -1.744000 687.048200 177.377100 766.596200 234.638500 1.507380 1.621339 3.955549 3.268431 1.643956 21.006590 -1.594355 13.359600
90 3084 Car 0 0 -1.671900 641.612600 177.812300 681.862700 209.222400 1.410946 1.572186 3.503236 2.412297 1.682688 34.938188 -1.608972 7.943900
90 3075 Car 0 0 1.553600 617.317100 172.798500 634.928700 188.909400 1.495063 1.619024 3.792627 1.610843 1.575153 70.040395 1.542042 1.451100
91 3100 Car 0 0 -0.987800 217.323000 169.975000 268.583100 193.369200 1.594100 1.595865 3.519814 -25.885265 1.392593 50.933294 -1.465488 -0.412200
91 3097 Car 0 0 -2.107600 862.650300 166.984600 1241.000000 374.000000 1.662180 1.633807 3.945841 3.660796 1.627570 6.225664 -1.580011 10.895300
91 3094 Car 0 0 -2.704400 920.147800 180.797800 1007.219400 213.393400 1.467000 1.548882 3.475714 17.001943 1.823176 34.980302 -2.265970 7.371700
91 3089 Car 0 0 -1.750400 680.217400 175.978600 757.331900 230.197100 1.508567 1.632439 4.019918 3.230520 1.625394 22.242062 -1.602479 13.290600
91 3084 Car 0 0 -1.686400 637.852800 177.418700 676.588000 207.433800 1.414008 1.563789 3.403278 2.322339 1.666506 36.179831 -1.617827 8.488500
91 3075 Car 0 0 1.564700 617.602900 173.334900 634.578800 188.742900 1.492737 1.635696 3.965166 1.562699 1.548388 71.869220 1.569580 -0.083900
92 3100 Car 0 0 -0.987800 217.323000 169.975000 268.583100 193.369200 1.594100 1.595865 3.519814 -25.827210 1.412750 50.906475 -1.465488 -0.412200
92 3097 Car 0 0 -2.060500 837.280100 163.911200 1241.000000 374.000000 1.687965 1.656238 3.894394 3.646828 1.635066 7.035939 -1.582971 12.845300
92 3094 Car 0 0 -2.713100 912.472900 177.177000 1002.290800 209.334400 1.464837 1.576519 3.563034 16.795695 1.730493 35.287779 -2.266298 4.141600
92 3089 Car 0 0 -1.742400 676.372200 176.534100 747.306900 227.832100 1.514150 1.626358 3.998955 3.201276 1.640289 23.512606 -1.605891 12.554300
92 3084 Car 0 0 -1.670800 637.240200 177.268500 673.744000 206.983400 1.436499 1.559531 3.349893 2.281698 1.682113 37.361156 -1.612928 9.074500
92 3075 Car 0 0 1.564700 617.602900 173.334900 634.578800 188.742900 1.492737 1.635696 3.965166 1.492642 1.534270 73.456362 1.569580 -0.083900
93 3100 Car 0 0 -1.030100 216.597700 165.981200 268.937100 189.880200 1.617262 1.608718 3.665081 -25.898042 1.192057 50.975365 -1.491005 0.206300
93 3097 Car 0 0 -2.037000 814.501400 168.708000 1170.677300 374.000000 1.672412 1.648983 3.962443 3.628677 1.630349 7.829717 -1.596400 12.977700
93 3094 Car 0 0 -2.668000 897.654000 173.659100 986.351900 204.602000 1.456285 1.574282 3.643605 16.420366 1.566742 35.805247 -2.249427 -0.224900
93 3089 Car 0 0 -1.741300 672.298200 176.654900 739.897300 224.959800 1.508989 1.633430 3.963075 3.172547 1.644922 24.715094 -1.611026 12.057700
93 3084 Car 0 0 -1.683000 635.931200 176.943500 672.665500 204.732100 1.415672 1.571934 3.429686 2.279269 1.650699 38.635985 -1.619585 9.630900
94 3100 Car 0 0 -1.030100 216.597700 165.981200 268.937100 189.880200 1.617262 1.608718 3.665081 -25.871427 1.153462 50.971893 -1.491005 0.206300
94 3097 Car 0 0 -1.995900 793.948000 169.800300 1094.731100 348.089000 1.666286 1.665928 3.996285 3.605337 1.631970 8.709682 -1.602704 12.214300
94 3094 Car 0 0 -2.668000 897.654000 173.659100 986.351900 204.602000 1.456285 1.574282 3.643605 16.065776 1.533182 36.209213 -2.249427 -0.224900
94 3089 Car 0 0 -1.733200 668.739400 175.804100 731.910000 222.305400 1.527042 1.630939 3.972794 3.145734 1.650794 26.009777 -1.612555 11.775000
94 3084 Car 0 0 -1.687400 633.421000 176.720000 668.533700 204.044800 1.424898 1.559305 3.408372 2.213266 1.652979 39.921205 -1.627567 6.737400
95 3097 Car 0 0 -1.955000 782.347800 170.383400 1039.089200 329.858500 1.666356 1.655219 3.996232 3.585309 1.637118 9.535180 -1.598993 13.732500
95 3089 Car 0 0 -1.712300 666.866200 176.569000 724.287700 219.193300 1.501368 1.625971 3.901847 3.130775 1.642217 27.309937 -1.603869 11.525200
95 3084 Car 0 0 -1.635400 632.917200 178.993700 664.467600 205.364800 1.417483 1.565297 3.479463 2.151845 1.735363 41.184478 -1.600394 6.798500
96 3097 Car 0 0 -1.919700 769.917500 172.265400 987.964200 308.959100 1.635543 1.646246 3.953630 3.573634 1.618274 10.449659 -1.594795 13.320700
96 3089 Car 0 0 -1.713800 663.241500 175.876800 718.499000 216.591700 1.500337 1.631860 3.924562 3.115405 1.633848 28.704344 -1.605309 11.920000
96 3084 Car 0 0 -1.685600 629.473700 177.661400 663.385600 203.241500 1.417308 1.580997 3.519782 2.084931 1.722990 42.427558 -1.622956 4.899900
97 3097 Car 0 0 -1.894800 757.346300 170.699600 955.854300 302.228000 1.684527 1.672978 4.020359 3.578798 1.662884 11.386721 -1.592759 12.205200
97 3089 Car 0 0 -1.699200 660.775800 176.362200 710.872300 214.903100 1.496544 1.620204 3.762660 3.075157 1.644274 30.041555 -1.600792 11.238300
97 3084 Car 0 0 -1.687200 626.396900 177.462400 659.667600 202.543500 1.427068 1.588971 3.616145 1.970165 1.726318 43.731535 -1.635467 5.959800
98 3108 Car 0 0 -2.333700 973.224900 194.981300 1241.000000 374.000000 1.489800 1.548917 3.784169 3.582686 1.651133 3.805168 -1.573874 9.827300
98 3107 Car 0 0 -2.627500 868.217600 179.364300 942.538900 209.236300 1.439923 1.513791 3.340546 15.175557 1.809465 37.305732 -2.221063 8.010900
98 3097 Car 0 0 -1.866000 748.146000 174.503700 920.364600 288.861500 1.647552 1.656799 3.993809 3.549543 1.660208 12.274270 -1.588643 13.644000
98 3089 Car 0 0 -1.712200 656.112600 175.303700 707.536200 212.123800 1.495343 1.642265 4.039502 3.045865 1.621911 31.526368 -1.610500 10.677000
98 3084 Car 0 0 -1.627400 627.717200 176.325600 656.588600 200.603700 1.434381 1.590781 3.645844 1.935126 1.688232 45.050903 -1.603844 4.574800
99 3108 Car 0 0 -2.229400 931.386900 196.908000 1241.000000 374.000000 1.476641 1.534126 3.596530 3.600286 1.686845 4.717314 -1.576697 9.167300
99 3107 Car 0 0 -2.625200 858.998800 179.325900 935.925000 208.833400 1.435980 1.540863 3.380119 14.933212 1.807281 37.629884 -2.237800 6.795000
99 3097 Car 0 0 -1.856600 735.667800 168.981300 893.250600 273.863400 1.644182 1.667924 3.996832 3.518226 1.608779 13.244506 -1.595106 13.933100
99 3089 Car 0 0 -1.682600 654.324600 175.584000 700.460700 211.695800 1.523869 1.655574 3.976400 2.999930 1.655711 32.948562 -1.599375 10.351900
99 3084 Car 0 0 -1.656400 627.077800 176.884300 656.400700 199.949100 1.417706 1.585169 3.586671 1.945996 1.681566 46.383644 -1.610059 6.432900
100 3108 Car 0 0 -2.158300 895.823800 192.682400 1241.000000 374.000000 1.463991 1.513440 3.498547 3.599179 1.672261 5.561472 -1.580969 11.033500
100 3107 Car 0 0 -2.605000 850.566800 176.925000 926.316400 207.624200 1.489585 1.542062 3.405480 14.638150 1.771956 38.038298 -2.238233 8.365600
100 3097 Car 0 0 -1.834800 727.680300 172.210600 867.709100 269.597800 1.651857 1.663583 3.937728 3.480708 1.631876 14.190520 -1.595658 12.903400
100 3089 Car 0 0 -1.698200 652.258200 175.514000 696.331700 209.286900 1.515421 1.632847 3.858973 2.976590 1.649151 34.368734 -1.607178 9.383700
100 3084 Car 0 0 -1.642700 625.754500 177.595700 654.119100 200.250200 1.420360 1.602246 3.677911 1.916731 1.726415 47.834970 -1.605449 6.156000
101 3108 Car 0 0 -2.086500 866.371500 194.950700 1241.000000 374.000000 1.450088 1.530662 3.382305 3.613597 1.691622 6.463599 -1.578701 13.327500
101 3107 Car 0 0 -2.583000 845.233400 179.504800 918.907800 207.960300 1.439833 1.526013 3.385712 14.388774 1.782723 38.360589 -2.229559 8.672500
101 3097 Car 0 0 -1.825600 719.439800 169.224400 849.139000 263.134000 1.694281 1.667920 3.935857 3.455412 1.646233 15.153959 -1.599949 13.075900
101 3089 Car 0 0 -1.702400 647.730400 175.814900 691.437700 208.052400 1.506817 1.647094 3.919990 2.901961 1.655050 35.849586 -1.616771 9.451200
101 3084 Car 0 0 -1.654600 624.095900 175.981000 651.914100 197.846700 1.417974 1.595234 3.614926 1.853376 1.669906 49.074440 -1.612650 6.128500
102 3108 Car 0 0 -2.023900 834.090900 190.159100 1170.934800 374.000000 1.420367 1.547682 3.470189 3.607307 1.649167 7.434674 -1.576352 13.209100
102 3107 Car 0 0 -2.554600 840.364600 179.368100 915.820000 207.412300 1.411197 1.532804 3.468152 14.222091 1.770728 38.615029 -2.211784 9.182700
102 3097 Car 0 0 -1.809500 713.806700 173.704000 829.984000 255.732300 1.644603 1.646400 3.895093 3.433548 1.639310 16.133895 -1.600475 13.113300
102 3089 Car 0 0 -1.701300 645.754800 176.255600 686.376800 207.230500 1.506189 1.625590 3.833719 2.837774 1.679400 37.310080 -1.622537 9.240800
102 3084 Car 0 0 -1.624400 623.916500 175.715000 649.870500 197.481100 1.438323 1.601640 3.765092 1.817050 1.662688 50.460216 -1.597663 4.481900
103 3112 Car 0 0 -2.332300 1083.712900 183.336900 1241.000000 370.919600 1.560551 1.622600 4.105206 7.553587 1.702053 8.233389 -1.586640 9.739100
103 3111 Car 0 0 -2.901200 861.666400 176.143800 942.944000 204.887000 1.506677 1.609534 3.937447 16.306645 1.717771 40.410650 -2.473826 -0.055300
103 3108 Car 0 0 -1.981900 816.696900 186.205300 1086.866300 354.802700 1.464886 1.531933 3.384721 3.588258 1.671074 8.324320 -1.576073 11.375400
103 3107 Car 0 0 -2.578100 835.948200 178.907300 912.144000 206.919000 1.405018 1.538487 3.533385 14.074757 1.754401 38.825793 -2.222548 9.908400
103 3097 Car 0 0 -1.809200 704.517200 175.592900 817.143600 249.666500 1.583972 1.667166 4.021794 3.413147 1.626776 17.201787 -1.609143 11.939600
103 3089 Car 0 0 -1.680800 644.490500 175.396300 682.385300 205.462600 1.522265 1.629428 3.774870 2.803801 1.678777 38.841975 -1.614171 8.236100
103 3084 Car 0 0 -1.624400 623.916500 175.715000 649.870500 197.481100 1.438323 1.601640 3.765092 1.774474 1.661098 51.696909 -1.597663 4.481900
104 3112 Car 0 0 -2.267200 1046.159400 182.411000 1241.000000 337.244600 1.552537 1.614243 3.850751 7.522028 1.697546 9.280333 -1.587176 11.870200
104 3111 Car 0 0 -2.901200 861.666400 176.143800 942.944000 204.887000 1.506677 1.609534 3.937447 16.139666 1.611109 40.428408 -2.473826 -0.055300
104 3108 Car 0 0 -1.951600 796.107400 186.356900 1026.057400 325.647800 1.427318 1.534076 3.324697 3.560061 1.631127 9.239580 -1.581837 13.289400
104 3107 Car 0 0 -2.552600 831.742500 178.739900 905.184100 206.218600 1.394068 1.523662 3.505397 13.895958 1.733523 39.080356 -2.215102 10.957900
104 3097 Car 0 0 -1.784500 700.326200 174.056300 801.386700 244.926700 1.583742 1.650253 4.069943 3.382952 1.620299 18.207743 -1.604605 12.734600
104 3089 Car 0 0 -1.693200 640.978800 177.305900 677.324900 204.455400 1.464562 1.605802 3.693308 2.708533 1.687385 40.334993 -1.622161 7.482300
104 3084 Car 0 0 -1.637400 621.017100 175.310600 645.722600 195.675000 1.441997 1.589527 3.659885 1.686180 1.638258 53.306598 -1.603768 4.055100
105 3112 Car 0 0 -2.219500 1004.735800 181.835800 1241.000000 318.629700 1.508637 1.616754 4.042378 7.492507 1.648534 10.198801 -1.585953 12.759200
105 3108 Car 0 0 -1.923100 778.718700 181.706300 982.950900 313.046000 1.475637 1.546204 3.391632 3.551007 1.646144 10.203019 -1.586511 13.296900
105 3107 Car 0 0 -2.544800 828.117100 177.703100 901.431200 205.953500 1.423197 1.523809 3.511765 13.762281 1.723554 39.326206 -2.210280 9.987300
105 3097 Car 0 0 -1.764800 695.502800 170.989600 788.622900 240.896200 1.641811 1.660727 4.084378 3.367314 1.628074 19.287876 -1.597247 12.843900
105 3089 Car 0 0 -1.690900 639.243300 177.403700 673.423000 203.137400 1.431335 1.584849 3.552948 2.637429 1.688329 41.845825 -1.626079 7.269500
105 3084 Car 0 0 -1.644100 616.112800 178.638700 641.088000 199.110100 1.457630 1.599952 3.848291 1.448802 1.827418 54.758230 -1.613661 1.746900
106 3112 Car 0 0 -2.167800 974.605200 179.184900 1241.000000 302.495400 1.515414 1.636007 4.094007 7.472802 1.634732 11.168636 -1.581161 13.021700
106 3108 Car 0 0 -1.914500 763.611900 182.864800 942.191100 302.899200 1.514489 1.555967 3.314543 3.526206 1.695042 11.162310 -1.601028 12.310700
106 3107 Car 0 0 -2.527000 823.808200 177.088600 895.473800 204.442200 1.412507 1.520713 3.482183 13.578757 1.673249 39.534406 -2.201331 10.035800
106 3097 Car 0 0 -1.748500 690.863800 173.086100 776.835900 238.775200 1.662879 1.676223 4.044405 3.345348 1.663965 20.363147 -1.590543 11.748000
106 3089 Car 0 0 -1.693600 636.485100 176.176300 671.400600 202.217100 1.464749 1.612074 3.804087 2.586612 1.694652 43.514298 -1.631345 8.184600
106 3084 Car 0 0 -1.643300 614.556000 177.021000 638.470600 196.732400 1.462945 1.593098 3.862561 1.287482 1.816845 56.326543 -1.618522 1.597400
107 3112 Car 0 0 -2.138900 948.490400 181.176900 1203.952000 286.512800 1.461944 1.628895 4.071073 7.446746 1.600179 12.146175 -1.586129 14.007000
107 3108 Car 0 0 -1.865200 755.863100 185.293600 908.875600 287.401600 1.465424 1.544245 3.297212 3.529008 1.684270 12.155834 -1.589948 14.648000
107 3107 Car 0 0 -2.541100 818.941000 175.905200 891.580700 204.991800 1.473750 1.541286 3.510005 13.417561 1.680784 39.775275 -2.209964 10.009500
107 3097 Car 0 0 -1.754200 685.820900 172.581700 766.358200 233.280100 1.650037 1.660263 3.990695 3.314246 1.645866 21.445578 -1.597439 13.025600
107 3089 Car 0 0 -1.687000 635.612000 176.387200 668.460000 200.999200 1.462185 1.619321 3.788644 2.558123 1.694331 45.153515 -1.630823 7.796600
107 3084 Car 0 0 -1.632000 616.584700 176.952800 639.450500 196.190300 1.462917 1.590811 3.835934 1.325999 1.810922 57.632951 -1.612016 1.338800
108 3112 Car 0 0 -2.124800 924.981200 183.259000 1151.560200 279.633600 1.433920 1.608874 4.050138 7.414592 1.618505 13.100134 -1.600759 13.416600
108 3108 Car 0 0 -1.832400 747.409200 181.823700 878.326200 274.061500 1.460032 1.530620 3.194055 3.532372 1.658165 13.202875 -1.578732 14.032700
108 3107 Car 0 0 -2.511200 816.535400 176.790700 888.447800 205.472000 1.484473 1.561628 3.514143 13.296469 1.704801 39.955888 -2.196946 9.269000
108 3097 Car 0 0 -1.753700 680.044900 173.371000 758.039300 231.061900 1.642783 1.670978 4.031241 3.271860 1.652829 22.519953 -1.605387 12.507300
108 3089 Car 0 0 -1.636700 636.852000 175.568200 665.135600 199.412400 1.466706 1.597924 3.694490 2.562594 1.668044 46.645760 -1.600278 6.401300
108 3084 Car 0 0 -1.599800 617.012900 175.074100 637.629900 193.693300 1.466368 1.582893 3.812859 1.334438 1.713907 59.152683 -1.590126 1.423000
109 3112 Car 0 0 -2.076300 905.541000 180.356700 1107.465600 269.385800 1.437678 1.610188 4.092141 7.403822 1.607462 14.084989 -1.595469 14.624600
109 3108 Car 0 0 -1.838600 733.262900 178.981000 861.521900 269.800300 1.513040 1.545070 3.356935 3.511254 1.675065 14.223053 -1.590578 13.421400
109 3107 Car 0 0 -2.496000 814.862100 176.980000 886.222500 205.531800 1.487271 1.558644 3.524376 13.219505 1.720456 40.114861 -2.184062 9.768300
109 3097 Car 0 0 -1.741400 677.794300 171.517100 749.385800 229.324200 1.701383 1.675194 3.881960 3.251291 1.682594 23.564870 -1.604839 11.292900
109 3089 Car 0 0 -1.664800 631.012500 173.804200 661.780500 198.533600 1.542288 1.645312 4.025515 2.431129 1.660547 48.452040 -1.609933 6.216000
109 3084 Car 0 0 -1.604600 618.776200 173.368900 639.018900 191.711600 1.478316 1.569671 3.838224 1.445558 1.594293 60.482663 -1.583373 -0.240300
110 3112 Car 0 0 -2.043200 888.320200 181.844900 1065.872800 261.256400 1.410869 1.616005 4.057197 7.405274 1.604273 15.124232 -1.590977 14.071500
110 3108 Car 0 0 -1.800000 727.979500 179.593200 837.256600 261.233500 1.517774 1.540330 3.258213 3.495865 1.679237 15.259751 -1.581445 13.343400
110 3107 Car 0 0 -2.490300 811.302100 176.730500 881.548800 205.149400 1.490255 1.548296 3.513390 13.091610 1.719516 40.302244 -2.178832 10.047200
110 3097 Car 0 0 -1.734900 673.853300 172.275200 741.153500 224.289900 1.670368 1.669635 3.881861 3.228372 1.651502 24.755033 -1.605495 11.411600
110 3089 Car 0 0 -1.661400 630.655000 174.878700 659.325100 196.601800 1.476969 1.638877 3.937560 2.369111 1.609830 49.994656 -1.612632 6.371500
110 3084 Car 0 0 1.548900 616.859100 172.659100 636.307900 190.392300 1.475649 1.574633 3.901496 1.385393 1.501690 61.896135 1.566180 0.932400
111 3112 Car 0 0 -2.029500 869.560500 182.425000 1032.519700 258.873900 1.432890 1.619277 4.092241 7.398238 1.658149 16.203012 -1.597789 12.988800
111 3108 Car 0 0 -1.796000 719.948000 182.957500 821.611600 254.091200 1.446222 1.532771 3.256475 3.479463 1.664100 16.288023 -1.584446 12.003500
111 3107 Car 0 0 -2.491600 808.245700 176.600100 879.619300 204.481600 1.477366 1.548422 3.568030 12.995784 1.699914 40.485998 -2.179554 10.793400
111 3097 Car 0 0 -1.733200 669.796500 172.442700 733.281300 220.515800 1.626137 1.657006 3.843629 3.179133 1.608514 25.870959 -1.609392 12.379100
111 3089 Car 0 0 -1.683900 627.555400 173.977500 656.809900 196.581200 1.519324 1.643403 3.943394 2.263629 1.620884 51.514371 -1.629979 3.012100
111 3084 Car 0 0 -1.567200 614.226200 174.702900 632.404900 191.971400 1.471230 1.563241 3.789511 1.222275 1.583675 63.496341 -1.559089 1.198600
112 3112 Car 0 0 -2.001500 854.884100 181.402400 1006.675900 251.660000 1.422328 1.626584 4.204204 7.383888 1.648988 17.211638 -1.596931 15.140300
112 3108 Car 0 0 -1.785000 711.866100 180.030000 808.644400 247.829500 1.443242 1.551268 3.382075 3.470751 1.644305 17.383116 -1.587075 11.742900
112 3107 Car 0 0 -2.477100 807.078400 177.188200 877.426500 204.558800 1.455385 1.547543 3.563994 12.916185 1.697349 40.585580 -2.172104 10.467200
112 3097 Car 0 0 -1.715400 666.771500 171.879400 726.512600 219.786000 1.654853 1.662873 3.897689 3.145444 1.627151 27.072564 -1.603834 10.620400
112 3089 Car 0 0 -1.677200 626.242000 174.596400 653.655600 195.718600 1.496874 1.619607 3.877454 2.161406 1.616531 52.951888 -1.634256 5.390000
112 3084 Car 0 0 -1.567200 614.226200 174.702900 632.404900 191.971400 1.471230 1.563241 3.789511 1.168848 1.574716 64.856948 -1.559089 1.198600
113 3112 Car 0 0 -1.974800 842.543600 180.907600 980.686300 246.275500 1.414338 1.628448 4.252902 7.372639 1.640162 18.230948 -1.593018 14.109500
113 3108 Car 0 0 -1.781700 705.489000 178.872000 793.355100 241.521000 1.441856 1.548198 3.312871 3.448931 1.621856 18.496889 -1.594074 12.827200
113 3107 Car 0 0 -2.456300 805.709600 177.383400 873.458400 204.345700 1.437348 1.543005 3.484148 12.822028 1.694023 40.700177 -2.158505 10.952400
113 3097 Car 0 0 -1.717100 664.329600 172.353100 721.310200 217.010800 1.636526 1.657946 3.857709 3.120264 1.613659 28.163457 -1.605729 10.953400
113 3089 Car 0 0 -1.666400 624.823800 177.104700 650.444200 197.411700 1.471736 1.597539 3.727176 2.052353 1.727238 54.384320 -1.631131 3.785600
114 3112 Car 0 0 -1.956200 829.344600 179.346500 958.193600 241.776800 1.433474 1.646032 4.326571 7.368820 1.638517 19.317860 -1.592574 13.934400
114 3108 Car 0 0 -1.751600 701.331700 180.549700 779.874000 238.270500 1.422786 1.537507 3.268143 3.433347 1.632287 19.624881 -1.584881 12.635200
114 3107 Car 0 0 -2.460400 804.191200 176.973300 872.225900 204.256600 1.444055 1.519022 3.488197 12.757085 1.691724 40.790837 -2.156895 8.401000
114 3097 Car 0 0 -1.724000 660.548900 171.062400 716.105500 214.630100 1.647387 1.658288 3.876492 3.081274 1.594948 29.310125 -1.614425 10.922600
114 3089 Car 0 0 -1.660400 623.505300 174.453800 648.588400 193.959200 1.460342 1.596650 3.862540 1.974746 1.635171 56.006759 -1.627589 4.664500
115 3112 Car 0 0 -1.946500 819.438800 179.939100 932.989700 236.131500 1.408151 1.629449 4.147730 7.342767 1.620739 20.398197 -1.598276 12.682600
115 3108 Car 0 0 -1.771100 694.276000 179.438900 770.650200 234.279400 1.422424 1.530581 3.276336 3.404688 1.628812 20.727787 -1.599911 12.805900
115 3107 Car 0 0 -2.444900 800.076300 177.175200 867.231900 205.087200 1.473069 1.517649 3.482080 12.621962 1.727842 40.988828 -2.150285 5.855200
115 3097 Car 0 0 -1.707100 659.288300 172.697300 711.998400 214.132300 1.641771 1.673746 3.911416 3.076590 1.618006 30.461016 -1.609342 9.566200
115 3089 Car 0 0 -1.677000 622.787000 174.197800 647.574700 192.786900 1.443320 1.595506 3.765670 1.944249 1.575115 57.678124 -1.637175 5.640300
116 3112 Car 0 0 -1.921400 809.209000 179.375500 916.971000 233.021900 1.403669 1.635228 4.212234 7.335391 1.615123 21.473043 -1.594706 11.905400
116 3108 Car 0 0 -1.735800 690.607500 179.030300 760.168300 231.438800 1.438787 1.544066 3.302704 3.393597 1.643577 21.915778 -1.589336 11.720100
116 3107 Car 0 0 -2.453400 798.899000 177.425200 869.257100 205.060200 1.470801 1.527631 3.600261 12.582251 1.737417 41.039938 -2.152766 4.809100
116 3097 Car 0 0 -1.710700 656.077800 172.972700 704.960800 211.699000 1.613236 1.647389 3.715489 3.008815 1.606670 31.549402 -1.613704 10.135000
116 3089 Car 0 0 -1.664200 620.521700 172.871000 644.208700 191.257000 1.455916 1.593587 3.812844 1.820873 1.501004 59.320735 -1.635275 3.670300
117 3112 Car 0 0 -1.911300 801.366100 178.317600 898.621200 229.899600 1.423836 1.630885 4.051401 7.313603 1.617997 22.503951 -1.596309 14.129400
117 3108 Car 0 0 -1.738800 685.420000 178.245600 751.551000 227.687900 1.443307 1.548166 3.296768 3.366013 1.635960 23.066122 -1.592589 12.196000
117 3107 Car 0 0 -2.474100 801.255000 174.747600 871.278200 202.243200 1.474076 1.530764 3.608134 12.645996 1.640944 41.024476 -2.164715 4.445800
117 3097 Car 0 0 -1.709600 651.849200 171.465500 701.364000 211.053500 1.662224 1.679719 3.869572 2.946317 1.623334 32.775299 -1.618090 8.761400
117 3089 Car 0 0 -1.673300 619.608300 174.500100 643.296400 192.358400 1.449602 1.601815 3.805339 1.753423 1.553903 60.755252 -1.640976 3.900200
118 3112 Car 0 0 -1.899900 788.843500 178.002000 883.753900 227.064400 1.431786 1.646592 4.199852 7.277181 1.619128 23.675891 -1.600444 13.272300
118 3108 Car 0 0 -1.748300 680.924200 179.617300 744.350700 225.580000 1.421301 1.539844 3.315205 3.343529 1.646090 24.225467 -1.604400 12.963600
118 3107 Car 0 0 -2.474100 801.255000 174.747600 871.278200 202.243200 1.474076 1.530764 3.608134 12.536099 1.633856 41.186905 -2.164715 4.445800
118 3097 Car 0 0 -1.689800 650.711400 173.242600 696.586800 211.608700 1.685756 1.684713 3.896597 2.904621 1.686280 33.945053 -1.609814 8.471700
118 3089 Car 0 0 -1.688400 619.015600 174.926800 642.589000 192.342500 1.447747 1.599272 3.795859 1.725919 1.602151 62.315348 -1.652981 4.045200
119 3112 Car 0 0 -1.900000 782.906300 177.764700 871.282800 224.844500 1.442858 1.639675 4.150254 7.271183 1.626660 24.733637 -1.608760 12.278300
119 3108 Car 0 0 -1.736600 676.169500 177.574400 736.569100 223.287000 1.460051 1.551374 3.381393 3.306470 1.657188 25.436506 -1.606749 10.416700
119 3107 Car 0 0 -2.498700 799.655000 174.822800 872.013800 201.605000 1.445439 1.547939 3.690745 12.647801 1.568943 41.000130 -2.188294 3.832700
119 3097 Car 0 0 -1.677800 648.294300 171.276500 691.456100 207.134000 1.662607 1.675064 3.947031 2.839475 1.616063 35.122011 -1.602327 9.169600
119 3089 Car 0 0 -1.491200 617.901100 176.549400 638.699600 194.027300 1.446296 1.550217 3.641005 1.610493 1.713749 62.817884 -1.537297 3.789400
120 3112 Car 0 0 -1.878500 773.982600 178.028100 856.854700 222.145600 1.431388 1.641545 4.188909 7.231206 1.625174 25.873708 -1.607672 12.001800
120 3108 Car 0 0 -1.708800 674.378800 176.743200 727.342100 219.080200 1.458042 1.533591 3.182576 3.268580 1.626311 26.599939 -1.594605 10.848200
120 3107 Car 0 0 -2.467700 801.156200 176.028000 869.020100 202.433300 1.424784 1.534941 3.556491 12.641857 1.586609 40.989187 -2.174945 5.271200
120 3097 Car 0 0 -1.698800 645.805700 172.546500 689.052900 207.039700 1.647399 1.669771 3.938668 2.795989 1.620496 36.247522 -1.614486 8.754600
120 3089 Car 0 0 -1.659400 617.810700 176.001500 638.816700 192.661200 1.449327 1.572456 3.617331 1.589808 1.736846 64.988550 -1.597495 1.043500
121 3112 Car 0 0 -1.874300 767.897700 177.298900 845.730400 219.938300 1.440233 1.646152 4.105654 7.205187 1.623985 26.941007 -1.611089 12.388400
121 3108 Car 0 0 -1.716700 670.032900 178.653600 722.006000 218.926000 1.446830 1.531186 3.214852 3.235220 1.659435 27.827418 -1.598928 10.879500
121 3107 Car 0 0 -2.430800 799.195500 176.718400 869.385400 204.114200 1.446872 1.548498 3.632593 12.619804 1.651631 41.028992 -2.147939 5.913200
121 3097 Car 0 0 -1.669600 645.220600 172.668000 685.108800 207.148900 1.680712 1.674301 3.965881 2.775877 1.667096 37.514925 -1.602875 6.271200
121 3089 Car 0 0 -1.544200 617.669000 174.443900 636.172700 190.812700 1.466059 1.606537 3.828309 1.567309 1.670243 67.131586 -1.550033 0.675800
122 3112 Car 0 0 -1.851100 759.677600 175.807500 834.594400 218.521100 1.490892 1.662127 4.268658 7.173443 1.638291 28.145535 -1.605781 10.725300
122 3108 Car 0 0 -1.730900 665.636500 177.864100 716.822100 216.291700 1.444772 1.542134 3.234906 3.198276 1.659189 29.099596 -1.613249 11.906700
122 3107 Car 0 0 -2.449700 798.809300 177.742900 869.367700 204.742700 1.437614 1.548437 3.660237 12.596516 1.697276 41.006387 -2.149584 8.264000
122 3097 Car 0 0 -1.701400 642.010700 172.018800 681.860000 204.441000 1.662720 1.653472 3.865277 2.713429 1.630493 38.673083 -1.620752 9.176100
122 3089 Car 0 0 1.580500 615.908500 172.596800 633.223600 188.611000 1.479743 1.608245 3.926324 1.433835 1.536817 68.925654 1.597209 1.611300
123 3112 Car 0 0 -1.850900 754.424800 177.099400 823.829200 215.739400 1.454618 1.658093 4.141060 7.135375 1.623883 29.241373 -1.609624 10.783600
123 3108 Car 0 0 -1.723300 662.238900 177.632300 711.504800 214.753500 1.452824 1.556575 3.318151 3.160808 1.667796 30.396979 -1.617607 9.453600
123 3107 Car 0 0 -2.471300 802.071400 176.962100 868.223700 204.318900 1.452934 1.531602 3.476027 12.635148 1.703626 40.990716 -2.162574 7.771300
123 3097 Car 0 0 -1.671800 641.500600 171.787100 678.532200 203.340600 1.664809 1.663502 3.788470 2.685140 1.617007 39.920542 -1.610769 7.225900
123 3089 Car 0 0 1.549600 616.500700 172.458700 634.345300 188.050400 1.486947 1.643445 4.062833 1.439396 1.479273 70.877033 1.580640 2.269700
124 3112 Car 0 0 -1.859600 747.422200 177.554800 815.200900 214.800400 1.439156 1.640731 4.178229 7.088810 1.634825 30.354907 -1.622712 10.408000
124 3108 Car 0 0 -1.734600 659.572500 178.561400 706.533100 212.402900 1.405220 1.537988 3.265463 3.115679 1.649764 31.543995 -1.629283 10.719200
124 3107 Car 0 0 -2.457600 801.176600 177.456500 866.894300 204.615600 1.451677 1.518684 3.406851 12.620270 1.717866 41.013756 -2.159871 9.890800
124 3097 Car 0 0 -1.668700 638.818200 172.883400 673.999400 201.897500 1.614619 1.648112 3.786511 2.601807 1.595986 41.213651 -1.608069 7.531900
124 3089 Car 0 0 1.549600 616.500700 172.458700 634.345300 188.050400 1.486947 1.643445 4.062833 1.379727 1.465166 72.469828 1.580640 2.269700
125 3122 Car 0 0 -2.346800 1058.478300 104.434300 1241.000000 374.000000 2.102466 1.847843 4.788940 7.101482 1.625636 7.545210 -1.584900 7.718600
125 3112 Car 0 0 -1.832400 742.655100 176.046800 806.350500 212.486800 1.452286 1.643369 4.226974 7.047526 1.617910 31.444295 -1.616277 10.779200
125 3108 Car 0 0 -1.722700 657.931300 178.745300 702.382400 211.940200 1.406258 1.538119 3.210357 3.097493 1.675082 32.746699 -1.628737 10.022900
125 3107 Car 0 0 -2.466300 802.720100 177.452600 867.177600 203.884500 1.426414 1.492798 3.330492 12.636193 1.696333 40.968725 -2.163535 9.766900
125 3097 Car 0 0 -1.665000 637.716300 172.900500 671.791600 201.740000 1.620293 1.648104 3.784774 2.561361 1.615055 42.479561 -1.606110 7.193500
126 3122 Car 0 0 -2.244000 1030.338900 124.801600 1241.000000 356.049100 2.080722 1.806842 4.487565 7.097332 1.635070 8.584528 -1.566627 6.840100
126 3112 Car 0 0 -1.834200 737.892300 175.902800 798.937800 211.566900 1.478437 1.660693 4.161417 7.042633 1.632795 32.634058 -1.619629 10.275200
126 3108 Car 0 0 -1.692100 656.600100 178.540600 697.146400 210.969300 1.423527 1.532854 3.158160 3.073751 1.702414 33.991822 -1.612275 9.491300
126 3107 Car 0 0 -2.456900 801.117000 177.424900 867.721500 204.028300 1.421523 1.498238 3.391930 12.631028 1.692530 40.979738 -2.159620 10.363200
126 3097 Car 0 0 -1.635200 637.531200 172.892100 668.751200 201.424700 1.642608 1.644393 3.790290 2.536228 1.643338 43.734897 -1.588243 5.954200
127 3122 Car 0 0 -2.216100 980.287500 129.339900 1241.000000 334.033200 2.083493 1.813128 4.549534 7.042175 1.640868 9.631012 -1.579482 8.086900
127 3112 Car 0 0 -1.827300 732.505900 176.117800 790.932600 209.690000 1.463334 1.658163 4.173087 6.996115 1.622096 33.766791 -1.622021 10.040500
127 3108 Car 0 0 -1.674800 654.431000 177.326200 692.849000 208.317700 1.421965 1.528556 3.236613 3.033324 1.669817 35.188036 -1.598014 9.583500
127 3107 Car 0 0 -2.459600 801.653200 176.958600 868.225800 204.543500 1.454017 1.509895 3.403283 12.649292 1.709286 40.978084 -2.159299 9.842600
127 3097 Car 0 0 -1.633900 636.390000 172.713600 666.163700 200.389200 1.649896 1.626166 3.740668 2.501216 1.645788 44.957138 -1.582098 5.447000
128 3122 Car 0 0 -2.159600 955.700600 136.218400 1241.000000 308.567500 2.042143 1.791475 4.466680 7.018746 1.602637 10.644917 -1.578195 7.830400
128 3112 Car 0 0 -1.841100 727.168500 175.850000 784.162600 208.191200 1.458183 1.651017 4.158942 6.954061 1.613243 34.940102 -1.636347 10.238600
128 3108 Car 0 0 -1.707200 650.112100 176.298800 689.889000 207.032000 1.448500 1.545826 3.296740 2.971040 1.655830 36.429901 -1.615619 8.267700
128 3107 Car 0 0 -2.446900 801.028400 176.995100 867.482300 204.652400 1.469025 1.514904 3.414356 12.636375 1.719853 40.990493 -2.151945 10.123100
128 3097 Car 0 0 -1.649000 633.876000 172.848900 663.575000 199.894300 1.659107 1.620439 3.652433 2.430294 1.658689 46.193660 -1.591246 3.810600
129 3122 Car 0 0 -2.134500 927.082200 148.792600 1223.358800 295.946000 1.961028 1.793283 4.495864 7.000736 1.597420 11.643106 -1.587593 10.655600
129 3112 Car 0 0 -1.804100 723.549800 177.223200 777.518200 208.666000 1.456525 1.669362 4.289939 6.935388 1.661767 36.166506 -1.623092 8.682300
129 3108 Car 0 0 -1.690900 648.657900 177.497500 685.644800 206.577700 1.438364 1.543029 3.266493 2.921110 1.675442 37.670202 -1.614557 8.269100
129 3107 Car 0 0 -2.447900 800.107300 177.838400 869.033000 203.987800 1.419258 1.526273 3.516606 12.640151 1.698119 40.989341 -2.149569 10.873900
129 3097 Car 0 0 -1.634100 632.030500 173.015900 660.633900 198.514600 1.630241 1.630242 3.774969 2.348781 1.636819 47.509262 -1.587509 5.405800
130 3122 Car 0 0 -2.104000 908.260800 143.873200 1161.004200 283.094700 1.997537 1.792923 4.399535 7.013481 1.596759 12.653662 -1.593716 9.403100
130 3112 Car 0 0 -1.803100 719.400500 176.837600 769.892000 206.518600 1.436423 1.654429 4.192945 6.870722 1.649553 37.282204 -1.622046 9.738200
130 3108 Car 0 0 -1.696600 647.384700 178.347000 683.101500 205.996300 1.414778 1.531701 3.190479 2.893787 1.697356 38.801559 -1.619157 7.613100
130 3107 Car 0 0 -2.468300 800.933900 177.984600 868.688300 204.640200 1.418110 1.521037 3.495218 12.652513 1.714041 40.980974 -2.160960 10.015500
130 3097 Car 0 0 -1.596700 632.109800 172.247900 657.760500 196.340700 1.592577 1.630525 3.861451 2.305207 1.567283 48.873384 -1.564080 5.525400
131 3122 Car 0 0 -2.072300 886.425600 148.316700 1107.419100 272.613700 1.994238 1.798780 4.334311 6.995885 1.596448 13.709436 -1.598465 7.021900
131 3112 Car 0 0 -1.787900 716.095500 176.775500 763.992500 205.601500 1.431712 1.647922 4.166836 6.830253 1.649829 38.424128 -1.615961 8.375700
131 3108 Car 0 0 -1.685900 644.935300 178.082300 679.934900 204.871300 1.405459 1.546039 3.300564 2.846603 1.702256 40.041481 -1.616711 7.099500
131 3107 Car 0 0 -2.460900 801.604200 177.507100 868.470700 204.241800 1.421997 1.518295 3.453613 12.663300 1.706005 40.963376 -2.160614 9.237100
131 3097 Car 0 0 -1.648300 630.153800 171.146400 657.578200 193.966300 1.554768 1.622228 3.801470 2.284719 1.467115 50.237238 -1.587949 5.045500
132 3122 Car 0 0 -2.032600 871.238800 147.133600 1070.503000 265.066500 2.028083 1.805405 4.376948 7.013392 1.598774 14.739814 -1.592059 11.212400
132 3112 Car 0 0 -1.796200 711.208200 176.430300 757.730000 204.254900 1.431334 1.640801 4.134058 6.771477 1.642981 39.674060 -1.623278 8.415300
132 3108 Car 0 0 -1.659200 644.293900 177.723700 677.075600 203.834300 1.410305 1.563691 3.366221 2.828792 1.705235 41.341962 -1.600697 8.149200
132 3107 Car 0 0 -2.462800 801.361100 177.534600 869.680400 204.911000 1.443939 1.542030 3.478821 12.687203 1.725761 40.961914 -2.161285 10.082100
132 3097 Car 0 0 -1.653600 627.305000 171.453300 654.485800 194.721100 1.585071 1.625486 3.814776 2.181282 1.488503 51.597609 -1.602875 4.125000
133 3122 Car 0 0 -2.007200 852.828500 149.497300 1034.143000 258.463400 2.041814 1.812262 4.465792 7.000332 1.605697 15.819490 -1.591775 9.154700
133 3112 Car 0 0 -1.783500 708.226000 176.141200 752.687000 203.573700 1.444106 1.640862 4.106890 6.719851 1.646047 40.780618 -1.621499 8.331500
133 3108 Car 0 0 -1.733900 639.736200 177.880300 674.800800 202.809400 1.398930 1.557331 3.301624 2.749785 1.704022 42.618631 -1.643652 5.888900
133 3107 Car 0 0 -2.457300 801.328600 176.805200 868.019300 204.051900 1.451826 1.519577 3.450131 12.669453 1.704272 40.969215 -2.158822 9.596300
133 3097 Car 0 0 -1.643500 625.650300 170.884700 651.951000 193.419400 1.592567 1.641502 3.842479 2.083612 1.464663 53.001714 -1.604003 4.254400
134 3122 Car 0 0 -1.986100 837.814700 151.725900 1000.313800 251.670800 2.037664 1.813089 4.456403 6.970500 1.604484 16.905120 -1.594572 8.235400
134 3112 Car 0 0 -1.799100 703.843700 176.272700 747.907200 202.611000 1.440271 1.643172 4.085698 6.664934 1.647007 41.980882 -1.634231 9.475600
134 3108 Car 0 0 -1.709000 638.146800 176.880500 672.024500 201.638600 1.415598 1.571959 3.445982 2.688531 1.690648 43.912824 -1.646525 6.421800
134 3107 Car 0 0 -2.443300 799.830200 177.510800 868.340200 204.647800 1.448225 1.520518 3.527119 12.650693 1.716954 41.010507 -2.149723 9.176100
134 3097 Car 0 0 -1.608900 626.568800 171.410000 650.108600 193.282200 1.588941 1.627966 3.787178 2.057774 1.471865 54.226780 -1.583421 3.721000
135 3122 Car 0 0 -1.971100 824.966800 159.832000 973.421900 247.402100 1.955055 1.788869 4.474386 6.934755 1.614711 17.948440 -1.599904 9.259300
135 3112 Car 0 0 -1.784100 701.681100 176.180400 743.335000 201.554700 1.432502 1.632559 4.093116 6.643177 1.640630 43.193520 -1.632481 8.115300
135 3108 Car 0 0 -1.642000 638.249300 176.867700 667.840200 200.658900 1.417330 1.588424 3.566819 2.645951 1.685550 45.341367 -1.607882 7.266100
135 3107 Car 0 0 -2.477100 802.536300 176.537500 872.564700 205.481000 1.505378 1.523844 3.571606 12.730733 1.745112 40.889989 -2.164418 5.089300
135 3097 Car 0 0 -1.600500 625.426100 171.451500 648.199900 193.199900 1.609743 1.634538 3.836325 2.013084 1.498486 55.664591 -1.571665 5.002100
136 3122 Car 0 0 -1.927200 814.823800 158.222100 951.733200 244.411500 1.981473 1.819110 4.557088 6.936241 1.643671 19.014328 -1.585996 11.189000
136 3112 Car 0 0 -1.718900 699.701400 176.140300 737.078900 201.127000 1.443069 1.649210 4.208246 6.606655 1.654922 44.480432 -1.594916 7.574300
136 3108 Car 0 0 -1.654100 637.732300 176.605100 666.938000 199.796000 1.419722 1.587977 3.538934 2.645968 1.677689 46.568178 -1.601095 8.256800
136 3107 Car 0 0 -2.483100 799.126200 176.562400 874.105300 205.001600 1.509162 1.561270 3.775059 12.747185 1.738474 40.924708 -2.174604 2.806700
136 3097 Car 0 0 -1.609000 624.467300 170.237200 646.752700 189.750300 1.536727 1.620794 3.794716 1.968043 1.361122 57.000502 -1.573355 4.662800
137 3122 Car 0 0 -1.916900 801.854100 159.836700 926.661800 238.163900 1.959858 1.809524 4.591705 6.902939 1.630972 20.181947 -1.587791 9.662100
137 3112 Car 0 0 -1.725500 698.178400 176.047600 733.876200 200.244800 1.445622 1.638326 4.075587 6.611263 1.657787 45.667204 -1.586563 7.635800
137 3108 Car 0 0 -1.647000 633.640700 175.156400 661.753000 198.272800 1.446655 1.588485 3.540582 2.495337 1.641376 47.807418 -1.598070 6.517900
137 3107 Car 0 0 -2.483100 799.126200 176.562400 874.105300 205.001600 1.509162 1.561270 3.775059 12.737589 1.741550 40.945746 -2.174604 2.806700
137 3097 Car 0 0 -1.569400 624.093200 172.460100 644.809600 192.391800 1.549504 1.619438 3.857622 1.941528 1.462832 58.323233 -1.550207 0.844500
138 3122 Car 0 0 -1.912500 793.350200 159.842200 908.286100 234.613100 1.970020 1.804627 4.497266 6.891861 1.632325 21.285129 -1.595151 10.290100
138 3112 Car 0 0 -1.740900 692.448700 175.778700 729.193500 199.728900 1.461492 1.655615 4.181032 6.516366 1.666802 46.936681 -1.597216 7.621900
138 3108 Car 0 0 -1.614000 634.686200 174.881500 660.224000 196.667200 1.433889 1.586455 3.565191 2.483311 1.593802 49.243779 -1.576581 5.631700
138 3097 Car 0 0 -1.673900 619.509800 169.615400 643.493100 188.464200 1.525213 1.607672 3.803407 1.784949 1.321751 59.695223 -1.608792 2.401600
139 3122 Car 0 0 -1.887100 784.567200 157.192700 892.959600 231.028900 2.026372 1.824511 4.569103 6.895772 1.627351 22.420493 -1.591288 7.907700
139 3112 Car 0 0 -1.709500 692.188000 175.704800 724.710400 198.660600 1.455935 1.634963 3.976319 6.482190 1.656784 48.074476 -1.583733 6.905300
139 3108 Car 0 0 -1.605900 635.053600 176.029400 659.753100 197.405700 1.430806 1.592725 3.622241 2.521176 1.634666 50.571104 -1.563429 6.233400
139 3097 Car 0 0 -1.522500 621.197800 170.689000 642.395300 189.118800 1.520693 1.612263 3.943264 1.816716 1.326615 61.314952 -1.536734 1.717500
140 3122 Car 0 0 -1.885700 774.981700 160.068300 878.703400 228.378300 2.015512 1.844714 4.631399 6.878687 1.631237 23.545639 -1.597846 10.740300
140 3112 Car 0 0 -1.729000 686.567700 176.487700 720.233300 198.898200 1.448682 1.640796 4.056466 6.349048 1.687346 49.243495 -1.594899 6.394900
140 3108 Car 0 0 -1.648100 630.979500 175.179700 657.262500 196.165900 1.438157 1.597901 3.667641 2.425089 1.621810 51.864146 -1.587267 4.848400
140 3097 Car 0 0 -1.608600 621.740700 172.136100 641.364600 189.448900 1.480896 1.580766 3.682414 1.801925 1.365848 62.515930 -1.563165 0.464000
141 3122 Car 0 0 -1.858800 768.390700 160.830100 860.343200 225.027600 2.006049 1.828327 4.508287 6.832917 1.627907 24.678065 -1.592812 7.523200
141 3112 Car 0 0 -1.710900 686.283600 175.175700 717.224300 196.624600 1.439670 1.628314 3.943263 6.344125 1.633905 50.539399 -1.589276 6.639800
141 3108 Car 0 0 -1.590700 631.545000 175.003500 653.669800 195.261700 1.436453 1.572561 3.524108 2.363118 1.606059 53.189619 -1.562133 4.229700
141 3097 Car 0 0 -1.658900 620.102700 173.510000 642.516800 192.789000 1.588189 1.624049 3.782898 1.811450 1.589289 63.949769 -1.604595 0.915200
142 3122 Car 0 0 -1.858900 761.427000 162.301400 849.337100 223.038400 1.992236 1.814219 4.509408 6.818730 1.635485 25.812812 -1.597811 10.884000
142 3112 Car 0 0 -1.689200 683.907300 176.335900 713.411500 197.522700 1.441913 1.630221 3.997673 6.300282 1.678810 51.789579 -1.576312 5.321800
142 3108 Car 0 0 -1.585800 631.843800 174.070800 653.090500 193.939200 1.444331 1.557999 3.377629 2.373258 1.564038 54.478459 -1.549505 4.019300
142 3097 Car 0 0 -1.590600 620.587800 171.794200 639.412800 189.952400 1.595365 1.625379 3.914726 1.771245 1.538403 65.464641 -1.579259 1.942400
143 3130 Car 0 0 -2.449500 801.970900 177.135800 869.458500 204.794600 1.488346 1.547500 3.547163 12.712826 1.724738 40.881174 -2.142106 5.076200
143 3122 Car 0 0 -1.846200 753.052300 162.552400 837.149600 221.231800 2.003957 1.827681 4.593517 6.781568 1.650788 27.013598 -1.599905 9.996800
143 3112 Car 0 0 -1.697800 682.241400 176.164400 711.015300 196.923200 1.446911 1.617847 3.934588 6.281627 1.695129 52.973370 -1.578344 4.760600
143 3108 Car 0 0 -1.554900 630.119700 174.497300 650.929600 194.172800 1.460134 1.559298 3.410738 2.355236 1.585833 55.879196 -1.526696 2.822000
143 3097 Car 0 0 -1.535300 619.824000 172.380700 638.782500 189.262200 1.552248 1.626875 3.962113 1.779587 1.503473 67.089133 -1.535527 3.122200
144 3130 Car 0 0 -2.460000 802.270900 176.405700 867.733900 203.912800 1.479648 1.517876 3.422268 12.711137 1.688280 40.914374 -2.152954 7.265900
144 3122 Car 0 0 -1.843900 746.160000 163.844700 826.174700 219.729900 2.006517 1.822316 4.672924 6.750803 1.673757 28.245561 -1.606268 9.712900
144 3112 Car 0 0 -1.712700 677.407000 175.602600 706.971200 196.222800 1.462170 1.628201 4.027301 6.146150 1.690511 54.124910 -1.592037 4.269600
144 3108 Car 0 0 -1.539600 627.859400 175.666000 649.513300 194.778200 1.457146 1.588841 3.678385 2.299639 1.650357 57.376577 -1.510074 3.722900
144 3097 Car 0 0 -1.535300 619.824000 172.380700 638.782500 189.262200 1.552248 1.626875 3.962113 1.743054 1.503247 68.447311 -1.535527 3.122200
145 3130 Car 0 0 -2.473600 802.984400 177.238700 867.907000 204.266500 1.458392 1.527545 3.325375 12.726717 1.695273 40.920341 -2.165050 8.514400
145 3122 Car 0 0 -1.829100 740.386300 162.660300 815.625100 216.942400 2.031352 1.842639 4.651031 6.724747 1.667964 29.482552 -1.605793 8.779600
145 3112 Car 0 0 -1.709500 675.525900 174.315300 704.275200 194.188600 1.461632 1.637224 4.042195 6.079116 1.618120 55.368134 -1.597206 3.644200
145 3108 Car 0 0 -1.603700 628.487700 176.127700 649.788600 194.706800 1.452235 1.599755 3.743350 2.302776 1.699489 58.782734 -1.543526 3.772400
145 3097 Car 0 0 -1.524300 618.391300 172.275100 636.605300 187.841000 1.492443 1.604678 3.831493 1.705504 1.435503 70.003539 -1.509820 0.112800
146 3130 Car 0 0 -2.460800 802.578400 176.490400 867.563600 203.571700 1.453204 1.517874 3.308391 12.703780 1.669176 40.897521 -2.161990 9.421700
146 3122 Car 0 0 -1.804100 737.006300 163.595900 804.895800 215.259500 2.035337 1.832541 4.506206 6.702211 1.672380 30.653364 -1.595476 9.287600
146 3112 Car 0 0 1.427500 674.722200 171.146500 702.836900 190.797700 1.480462 1.644811 3.968343 6.098843 1.450112 56.696736 1.538647 2.415300
146 3108 Car 0 0 1.550200 626.827800 172.210400 647.850100 191.788000 1.534659 1.643725 3.987257 2.249961 1.593198 60.369101 1.591351 2.289600
146 3097 Car 0 0 -0.037200 615.006600 169.449500 657.359300 185.032500 1.500390 1.623108 3.986227 2.236231 1.260451 70.793866 -0.555295 0.103600
147 3130 Car 0 0 -2.450700 799.498500 177.084900 867.695800 203.998400 1.443375 1.534268 3.442143 12.656929 1.678251 40.978214 -2.155878 10.753400
147 3122 Car 0 0 -1.820300 729.699200 165.456100 797.117500 213.034200 1.980185 1.815582 4.581108 6.647286 1.654916 31.832722 -1.607666 10.254400
147 3112 Car 0 0 -1.715600 671.591300 173.814800 698.356700 192.454200 1.457927 1.618785 3.868875 6.000146 1.492058 57.984128 -1.609221 3.878400
147 3108 Car 0 0 -1.580900 626.068000 175.082700 645.296400 192.670700 1.481966 1.614724 3.805705 2.176452 1.626279 61.763447 -1.547620 4.531400
147 3097 Car 0 0 -0.037200 615.006600 169.449500 657.359300 185.032500 1.500390 1.623108 3.986227 2.249821 1.239401 72.117486 -0.555295 0.103600
148 3130 Car 0 0 -2.451000 799.937900 177.305900 868.284400 204.522200 1.449076 1.548688 3.492672 12.661616 1.702150 41.012434 -2.153296 9.978200
148 3122 Car 0 0 -1.807200 725.234400 164.276800 789.393300 212.279600 2.023519 1.832033 4.596492 6.627403 1.674621 33.086339 -1.608985 7.381400
148 3112 Car 0 0 -1.754200 668.172300 172.389200 695.911400 190.816300 1.458961 1.601489 3.820622 5.880544 1.442556 59.136222 -1.637947 2.321500
148 3108 Car 0 0 -1.621500 623.545600 175.283000 643.802000 192.382200 1.455782 1.594561 3.722515 2.063497 1.646976 63.112428 -1.573503 3.766700
149 3130 Car 0 0 -2.451500 800.015300 176.979900 867.279500 204.637000 1.467199 1.545111 3.469884 12.638083 1.715316 40.998508 -2.152989 8.560800
149 3122 Car 0 0 -1.797100 720.715900 165.887800 782.381700 209.932400 1.979812 1.837513 4.710401 6.609233 1.655880 34.346080 -1.607944 8.089100
149 3112 Car 0 0 1.417600 666.939800 170.798700 693.722200 189.020900 1.471531 1.615896 4.010407 5.844539 1.352149 60.561800 1.509921 4.059400
149 3108 Car 0 0 1.516300 622.483700 172.760100 642.676900 189.663100 1.464384 1.597552 3.764965 1.990967 1.526343 64.580472 1.554994 2.835700
150 3130 Car 0 0 -2.456400 799.775800 177.552100 865.768500 204.403400 1.448412 1.530271 3.420389 12.615436 1.715373 41.052686 -2.156519 10.905700
150 3122 Car 0 0 -1.789800 716.754700 163.971700 774.529800 208.348000 2.018370 1.826813 4.653109 6.564973 1.641835 35.527253 -1.607669 9.810700
150 3112 Car 0 0 -1.659200 667.882000 173.599700 690.515700 191.231500 1.466073 1.603538 3.906573 5.854857 1.459697 61.888965 -1.590095 3.369600
150 3108 Car 0 0 -1.642700 621.554000 175.523200 641.804100 192.030300 1.455803 1.590165 3.684457 1.937010 1.637007 65.876475 -1.603163 1.989100
151 3130 Car 0 0 -2.446300 801.516700 176.946800 865.272600 204.169700 1.456562 1.515765 3.315886 12.625347 1.707560 41.047957 -2.151130 9.989700
151 3122 Car 0 0 -1.789800 713.304200 165.557100 767.656500 206.936800 1.992246 1.804432 4.502056 6.525671 1.632699 36.690723 -1.611582 8.873000
151 3112 Car 0 0 1.444600 661.977600 172.703000 687.945800 190.959700 1.514235 1.666307 4.298979 5.697720 1.502740 63.250874 1.540374 3.627900
151 3108 Car 0 0 1.561200 620.439700 173.909100 637.942800 190.254400 1.469398 1.589136 3.840290 1.800958 1.599795 67.381663 1.568571 1.649700
152 3130 Car 0 0 -2.439800 798.523900 176.705300 863.376900 203.764100 1.456029 1.506084 3.342594 12.556051 1.691788 41.117384 -2.146971 10.161000
152 3122 Car 0 0 -1.761300 711.461100 167.160100 761.885900 205.442200 1.934308 1.804474 4.425941 6.537177 1.621739 37.937242 -1.598429 8.104600
152 3112 Car 0 0 -1.681300 663.050700 174.464700 685.708100 191.251300 1.474844 1.627119 4.018652 5.691554 1.563714 64.600359 -1.596201 4.608500
152 3108 Car 0 0 1.564100 620.367900 174.384400 637.236600 190.321100 1.473973 1.578422 3.878861 1.761391 1.617302 69.041625 1.581630 0.418400
153 3130 Car 0 0 -2.465500 798.566400 177.569000 863.621900 204.327200 1.444021 1.506897 3.339878 12.542387 1.707574 41.159911 -2.161080 10.866500
153 3122 Car 0 0 -1.773500 705.781900 164.336600 756.675500 204.787400 2.015204 1.814873 4.534381 6.482949 1.626905 39.145757 -1.605518 7.098400
153 3112 Car 0 0 -1.589100 663.591300 175.914900 681.683700 192.468700 1.460911 1.594475 3.792110 5.662430 1.678725 65.862498 -1.538723 2.871600
153 3108 Car 0 0 -1.519700 619.322100 176.024200 637.268700 191.547000 1.463483 1.571795 3.732411 1.760401 1.719740 70.384685 -1.519381 0.998300
154 3130 Car 0 0 -2.442900 795.093800 177.348300 862.675800 204.264400 1.445615 1.526738 3.463066 12.477380 1.712506 41.266486 -2.154418 11.367300
154 3122 Car 0 0 -1.754100 702.644900 166.589700 748.831100 203.491500 1.978428 1.793320 4.421972 6.408721 1.624610 40.393590 -1.600563 8.536100
154 3112 Car 0 0 -1.614900 661.888800 176.122800 680.680000 192.353200 1.452684 1.582130 3.681970 5.631266 1.734980 66.992429 -1.533826 1.236800
154 3108 Car 0 0 -1.556300 618.060200 174.272800 634.492600 189.609400 1.472764 1.578597 3.815592 1.656031 1.660188 71.840569 -1.528231 -0.381900
155 3130 Car 0 0 -2.441700 795.802400 177.497600 859.612700 203.447800 1.417671 1.512376 3.368528 12.425290 1.689654 41.346049 -2.151873 10.784100
155 3122 Car 0 0 -1.754600 699.188900 167.492700 743.790100 202.417700 1.933294 1.772295 4.388554 6.342699 1.616729 41.572098 -1.602440 7.635100
155 3112 Car 0 0 -1.735100 657.988000 175.114500 680.794300 190.935300 1.449666 1.579577 3.655166 5.586138 1.696525 68.371573 -1.607851 3.680500
155 3108 Car 0 0 -1.556300 618.060200 174.272800 634.492600 189.609400 1.472764 1.578597 3.815592 1.601018 1.662414 73.229293 -1.528231 -0.381900
156 3130 Car 0 0 -2.434600 793.363300 176.824500 858.632400 203.937400 1.448714 1.517088 3.401761 12.355197 1.699512 41.427062 -2.147934 9.954500
156 3122 Car 0 0 -1.760600 697.657500 168.493800 740.434900 200.950300 1.866303 1.754375 4.228264 6.339224 1.592109 42.694503 -1.608781 7.111000
156 3112 Car 0 0 1.536400 657.765200 172.249700 676.119300 187.974600 1.469773 1.611915 3.949000 5.505960 1.522921 69.940946 1.583715 2.894100
157 3130 Car 0 0 -2.431400 791.099800 177.313800 857.437000 203.586900 1.432575 1.528096 3.469707 12.291548 1.693671 41.553993 -2.145812 10.559400
157 3122 Car 0 0 -1.717800 694.827600 168.422700 735.517600 201.900900 1.913334 1.790854 4.383042 6.324832 1.651827 44.021190 -1.588027 6.183400
157 3112 Car 0 0 1.600900 657.022900 171.998600 675.110500 187.530600 1.483572 1.643920 4.075574 5.524627 1.446953 71.382288 1.642357 1.902700
158 3130 Car 0 0 -2.421400 789.595900 177.226700 854.068200 203.705900 1.437164 1.516850 3.443622 12.196612 1.699759 41.665235 -2.140737 10.825200
158 3122 Car 0 0 -1.742100 690.183700 168.045200 731.427100 200.458600 1.924252 1.802254 4.460765 6.252152 1.647898 45.245113 -1.598764 6.949800
158 3112 Car 0 0 1.600900 657.022900 171.998600 675.110500 187.530600 1.483572 1.643920 4.075574 5.479314 1.433729 72.679466 1.642357 1.902700
159 3130 Car 0 0 -2.430600 786.139500 176.704800 852.400800 202.983300 1.437063 1.554025 3.488972 12.105093 1.680484 41.847687 -2.146524 9.776300
159 3122 Car 0 0 -1.729100 687.716100 168.314300 726.835800 199.086400 1.899684 1.788748 4.567706 6.193035 1.621477 46.492214 -1.597736 7.291000
160 3130 Car 0 0 -2.420200 783.490300 175.816500 849.044200 202.773700 1.467060 1.546531 3.517728 11.988345 1.670191 42.024572 -2.144655 9.921800
160 3122 Car 0 0 -1.716600 686.964500 170.021200 723.467200 199.392000 1.868360 1.779200 4.392922 6.181623 1.653369 47.615075 -1.591162 6.689300
161 3130 Car 0 0 -2.420700 784.246500 177.692400 844.897900 202.722200 1.412018 1.504053 3.344290 11.901136 1.670612 42.141531 -2.145486 10.596100
161 3122 Car 0 0 -1.722200 682.456400 169.671200 718.896200 197.997600 1.844837 1.772896 4.520038 6.093054 1.635436 48.893144 -1.595945 8.247900
162 3130 Car 0 0 -2.415900 779.424500 177.174500 842.502100 202.631200 1.410276 1.509768 3.396520 11.774897 1.671951 42.348999 -2.145804 8.512300
162 3122 Car 0 0 -1.731000 680.760100 169.967300 717.011300 197.241100 1.821947 1.777843 4.567047 6.079713 1.623243 50.131388 -1.604693 8.844100
163 3130 Car 0 0 -2.428700 777.427200 177.509600 840.693500 202.654000 1.401082 1.518749 3.420673 11.685040 1.677679 42.528766 -2.155319 9.353000
163 3122 Car 0 0 -1.719100 676.853800 169.865700 711.349500 196.973300 1.834958 1.775591 4.567636 5.953285 1.633913 51.353264 -1.604697 7.665500
164 3130 Car 0 0 -2.417400 773.142800 176.902600 834.853400 202.213600 1.412589 1.508583 3.405610 11.513054 1.672489 42.796847 -2.155987 9.495800
164 3122 Car 0 0 -1.697200 676.596800 170.518800 709.235500 195.795800 1.786901 1.777142 4.616995 5.937592 1.608666 52.514821 -1.592091 6.925900
165 3130 Car 0 0 -2.387700 769.587000 176.634100 833.089600 201.923000 1.419147 1.532511 3.508692 11.381038 1.663083 43.038430 -2.140112 9.144700
165 3122 Car 0 0 -1.735200 673.646400 170.377700 706.739800 194.427500 1.742526 1.746461 4.547964 5.896529 1.562288 53.737012 -1.613048 7.061900
166 3130 Car 0 0 -2.391000 767.515100 177.242900 828.717300 202.018900 1.408179 1.533864 3.458265 11.248110 1.670790 43.269496 -2.138559 8.354300
166 3122 Car 0 0 -1.721300 670.875200 168.699400 702.825000 194.416900 1.826624 1.745991 4.577095 5.810199 1.568716 55.003476 -1.615243 5.764000
167 3130 Car 0 0 -2.358700 762.030600 176.924600 825.177500 201.937800 1.417771 1.555950 3.582512 11.078089 1.677141 43.586149 -2.121712 7.387100
167 3122 Car 0 0 -1.717100 667.725800 169.856200 699.794400 195.432600 1.880193 1.788332 4.669124 5.713599 1.645722 56.317570 -1.616020 4.376800
168 3130 Car 0 0 -2.359000 759.140000 176.683400 819.201200 201.810500 1.434167 1.537625 3.520701 10.885129 1.683599 43.864197 -2.118985 8.838700
168 3122 Car 0 0 -1.715700 666.135700 168.806500 698.503700 194.018500 1.907885 1.822489 4.955939 5.688597 1.627284 57.639047 -1.616749 2.868200
169 3130 Car 0 0 -2.333200 755.848600 176.400200 816.169600 202.073600 1.465645 1.552628 3.542888 10.730343 1.701965 44.139279 -2.104594 8.358300
169 3122 Car 0 0 -1.700100 664.932100 169.851700 694.891500 194.407900 1.914816 1.818293 4.875756 5.631796 1.664969 58.840837 -1.609364 4.231400
170 3130 Car 0 0 -2.347000 755.265600 175.654400 813.806300 201.180600 1.479832 1.542228 3.468608 10.642357 1.680319 44.334870 -2.108739 8.244900
170 3122 Car 0 0 -1.718300 663.188200 170.495800 693.116100 194.360900 1.908008 1.811375 4.717072 5.587120 1.699653 59.965443 -1.619213 5.184900
171 3130 Car 0 0 -2.301000 749.726300 176.818500 806.614200 201.341400 1.455771 1.544374 3.447343 10.437115 1.691633 44.750217 -2.087022 7.583500
171 3122 Car 0 0 -1.699300 661.543700 169.543300 690.088500 192.707000 1.894406 1.810464 4.724382 5.519239 1.647816 61.154681 -1.613210 2.016800
172 3130 Car 0 0 -2.286800 745.710200 176.956900 802.975600 201.867500 1.465801 1.554093 3.497686 10.252675 1.723445 45.107448 -2.073103 8.238800
172 3122 Car 0 0 -1.711100 659.141800 168.686000 688.336400 191.689300 1.908061 1.819695 4.949234 5.467839 1.597180 62.584590 -1.619940 3.761700
173 3130 Car 0 0 -2.275400 742.379900 176.314800 797.375200 201.098300 1.476616 1.537967 3.457955 10.062024 1.716534 45.490153 -2.064325 9.551400
173 3122 Car 0 0 -1.689000 659.952700 169.746300 685.394100 190.477500 1.819274 1.763828 4.565723 5.448979 1.532667 63.672304 -1.609656 3.393100
174 3130 Car 0 0 -2.258300 739.451200 176.213300 793.071300 200.275200 1.461897 1.526430 3.423188 9.896334 1.690576 45.864403 -2.053370 7.569600
174 3122 Car 0 0 -1.684500 657.880100 168.610800 683.058300 190.059100 1.847472 1.758248 4.525598 5.393722 1.505820 64.968379 -1.604801 1.497900
175 3130 Car 0 0 -2.227800 735.004400 176.826700 788.970400 200.116000 1.431862 1.540132 3.496803 9.717040 1.683240 46.281013 -2.033859 7.603000
175 3122 Car 0 0 -1.714800 654.354600 170.282300 679.193400 188.930400 1.729445 1.711928 4.320227 5.222937 1.451605 66.222953 -1.624763 2.390200
176 3130 Car 0 0 -2.198300 731.815100 177.199000 783.078100 200.590700 1.433183 1.533685 3.457556 9.522460 1.711827 46.714144 -2.011820 9.139400
176 3122 Car 0 0 -1.712700 655.286900 171.503000 678.896900 189.125100 1.646477 1.670811 4.111995 5.239165 1.460743 67.387233 -1.630719 0.486500
177 3130 Car 0 0 -2.185300 727.677500 176.402100 777.390100 199.872700 1.449572 1.525474 3.410922 9.308134 1.705762 47.183198 -1.999385 8.885300
177 3122 Car 0 0 -1.729000 651.345700 170.614300 677.072200 189.348500 1.696985 1.716415 4.399446 5.143527 1.496454 68.807649 -1.645664 1.955300
178 3130 Car 0 0 -2.172300 723.879900 176.894300 773.377300 200.413700 1.464978 1.537233 3.421353 9.123017 1.736789 47.659267 -1.989815 8.075500
178 3122 Car 0 0 -1.672000 651.782000 170.178500 674.242700 189.025800 1.745819 1.728210 4.419936 5.101342 1.511788 70.164909 -1.617071 2.105900
179 3130 Car 0 0 -2.138500 720.806800 177.282900 769.456800 200.108900 1.451271 1.540735 3.483433 8.968100 1.747519 48.166037 -1.968174 7.491700
179 3122 Car 0 0 -1.640300 652.205400 170.941600 672.871600 189.170300 1.747476 1.728389 4.458541 5.116983 1.544743 71.437968 -1.586867 0.190100
180 3130 Car 0 0 -2.160200 716.968900 177.276200 765.975400 199.980600 1.448941 1.551962 3.500408 8.802254 1.755775 48.605991 -1.976410 5.754500
180 3122 Car 0 0 -1.640300 652.205400 170.941600 672.871600 189.170300 1.747476 1.728389 4.458541 5.068400 1.542336 72.690772 -1.586867 0.190100
181 3130 Car 0 0 -2.123300 712.859900 176.970000 760.987900 199.672100 1.458619 1.571515 3.551267 8.605711 1.758047 49.118447 -1.960459 5.698400
182 3150 Car 0 0 1.608400 525.856300 183.477700 547.990000 203.701600 1.472606 1.579089 3.855614 -5.736096 2.345716 56.540747 1.524214 0.941300
182 3130 Car 0 0 1.020100 710.928200 175.657100 758.153900 198.860400 1.496431 1.574781 3.547456 8.482229 1.735188 49.598062 1.186366 4.036500
183 3150 Car 0 0 1.666500 524.379400 183.400200 549.050600 203.677000 1.475159 1.572111 3.797917 -5.724951 2.331726 56.430642 1.549900 1.071400
183 3130 Car 0 0 -2.025200 707.582400 176.003400 751.056800 197.751900 1.466066 1.577327 3.579312 8.298686 1.697670 50.332156 -1.898104 3.119000
184 3150 Car 0 0 1.646300 524.148600 182.828500 547.322200 202.580800 1.459218 1.545555 3.874149 -5.824477 2.277525 56.815350 1.546187 2.056600
184 3130 Car 0 0 1.242900 705.551500 171.090500 747.476000 195.070200 1.568186 1.636765 3.958159 8.179179 1.575671 51.095362 1.341083 1.103700
185 3150 Car 0 0 1.646300 524.148600 182.828500 547.322200 202.580800 1.459218 1.545555 3.874149 -5.859873 2.253938 56.950241 1.546187 2.056600
185 3130 Car 0 0 -2.021100 701.062100 176.262000 745.061700 198.062600 1.510347 1.619296 3.852377 8.004123 1.670678 51.501290 -1.841665 3.652800
186 3130 Car 0 0 -1.820100 704.610700 177.916200 739.552900 200.455700 1.531640 1.617877 3.796397 7.980144 1.836174 52.155234 -1.733901 3.712500
187 3130 Car 0 0 -1.869000 699.796900 178.694400 734.696100 200.415300 1.512394 1.586804 3.585835 7.787126 1.909516 52.635092 -1.726979 3.657400
188 3130 Car 0 0 -1.869000 696.569100 180.244100 731.905500 201.422700 1.488727 1.591313 3.603180 7.650066 2.001912 53.329102 -1.726868 5.128200
189 3130 Car 0 0 -1.865000 692.133400 181.298600 728.398900 202.500700 1.485435 1.614234 3.789344 7.472941 2.101867 54.044881 -1.727691 6.059500
190 3130 Car 0 0 -1.859700 691.322900 182.246600 725.145700 202.347300 1.444561 1.595239 3.641978 7.351085 2.147140 54.561738 -1.726337 5.366200
191 3130 Car 0 0 -1.781200 690.126700 181.650500 721.458800 201.763500 1.440259 1.604547 3.752187 7.247876 2.151008 55.190839 -1.679405 6.072700
192 3130 Car 0 0 -1.859000 683.877500 181.133200 716.753500 200.941400 1.436885 1.590118 3.598923 6.975471 2.125068 55.681337 -1.714136 4.681500
193 3156 Car 0 0 1.720500 469.389500 178.331300 495.462100 198.185300 1.731523 1.753874 4.725260 -12.347320 2.357799 69.881134 1.546197 -0.760000
193 3130 Car 0 0 -1.842900 680.191700 181.546700 713.188600 201.289500 1.441221 1.600552 3.701564 6.757186 2.149247 56.389945 -1.720479 5.350600
194 3156 Car 0 0 1.720500 469.389500 178.331300 495.462100 198.185300 1.731523 1.753874 4.725260 -12.542120 2.461003 69.252108 1.546197 -0.760000
194 3130 Car 0 0 -1.767300 678.608100 183.565700 707.982300 203.209900 1.441517 1.598048 3.737309 6.546292 2.267573 56.974064 -1.679022 5.624400
195 3130 Car 0 0 -1.814400 674.374500 183.980100 705.555700 203.587600 1.446451 1.602221 3.757389 6.338897 2.344664 57.537744 -1.695139 3.966300
196 3130 Car 0 0 -1.831300 669.446900 184.118200 700.808600 203.663400 1.451796 1.605298 3.700660 6.036982 2.386824 57.948303 -1.715819 5.870000
197 3130 Car 0 0 -1.798900 666.776200 185.602900 695.780800 204.931800 1.446792 1.580887 3.592900 5.747944 2.476960 58.280989 -1.706908 3.553300
198 3130 Car 0 0 -1.771700 662.310900 186.105500 691.358100 205.829600 1.468181 1.601846 3.767495 5.452139 2.572500 58.867298 -1.690525 3.870000
199 3130 Car 0 0 -1.775200 659.951700 185.697000 687.972800 205.318100 1.484571 1.593289 3.677698 5.219966 2.596868 59.346304 -1.688779 4.573700
200 3130 Car 0 0 -1.786600 654.188400 187.364500 682.430200 207.110300 1.496455 1.590206 3.624919 4.849966 2.706602 59.694048 -1.699978 4.957400
201 3130 Car 0 0 -1.755700 650.413200 186.863200 677.145300 205.619300 1.460946 1.580005 3.628801 4.495430 2.682451 60.113680 -1.688991 3.760800
202 3130 Car 0 0 -1.714700 649.076700 186.076100 674.039900 204.832500 1.454181 1.577159 3.602534 4.255677 2.635998 60.355345 -1.661309 2.549900
203 3130 Car 0 0 -1.725000 646.289400 185.550200 671.122200 203.869600 1.440411 1.570386 3.512713 4.037338 2.580145 60.720235 -1.659511 3.680800
204 3130 Car 0 0 -1.771700 639.124800 183.073100 666.804800 202.421500 1.496274 1.597403 3.683220 3.663296 2.488997 61.175863 -1.692631 3.692200
205 3130 Car 0 0 -1.689100 641.306400 182.105400 665.197000 200.901300 1.498082 1.593507 3.725543 3.554318 2.378616 61.452715 -1.653985 2.201100
206 3174 Car 0 0 1.734000 412.701700 174.625900 449.931600 204.798700 2.222428 1.950772 5.546030 -13.902869 2.360795 56.323233 1.496517 1.067900
206 3130 Car 0 0 -1.712500 636.866100 181.766500 660.791200 199.640600 1.461320 1.574344 3.569710 3.287842 2.278861 61.744208 -1.657393 2.627300
207 3174 Car 0 0 1.748100 410.465100 174.203400 452.512900 208.346800 2.369247 2.020522 5.969233 -13.675077 2.514124 55.254320 1.502926 -0.008600
207 3130 Car 0 0 -1.712100 636.265700 181.587300 660.719000 199.711200 1.462853 1.583649 3.649183 3.186678 2.250872 62.078445 -1.658757 2.612000
208 3174 Car 0 0 1.765500 405.704500 173.080600 448.138700 204.958100 2.303498 1.986500 6.005765 -13.694776 2.351118 54.289193 1.512343 1.260300
208 3130 Car 0 0 -1.795000 634.673400 180.435000 661.915100 198.322900 1.461893 1.583681 3.639120 3.160172 2.175370 62.496858 -1.710698 2.895100
209 3174 Car 0 0 1.756400 408.172700 174.372400 448.628200 204.838000 2.187548 1.939872 5.684957 -13.427409 2.261930 53.201408 1.511327 0.676600
209 3130 Car 0 0 -1.644100 639.868900 179.320300 660.767900 196.770300 1.447497 1.567129 3.498443 3.275285 2.065963 62.629773 -1.635485 4.228400
210 3174 Car 0 0 1.758700 404.741800 173.535100 448.309600 205.349900 2.170397 1.964922 5.816451 -13.233868 2.216553 52.120350 1.511001 1.714300
210 3130 Car 0 0 -1.722100 637.062100 179.748100 660.827900 197.251600 1.445459 1.560127 3.472830 3.255301 2.055518 62.839010 -1.656198 2.254800
211 3179 Car 0 0 1.693100 620.222400 185.773500 646.309400 206.298800 1.484747 1.584545 3.960066 1.852776 2.548906 56.959209 1.692538 1.299900
211 3174 Car 0 0 1.756600 404.793600 172.461400 452.395700 209.199400 2.329298 2.046923 6.218023 -12.856236 2.332174 50.992657 1.511495 6.157900
211 3130 Car 0 0 1.427600 639.582700 178.975500 664.501200 197.125800 1.484482 1.606154 3.760074 3.449719 2.053991 63.318550 1.485151 2.345500
212 3179 Car 0 0 1.693100 620.222400 185.773500 646.309400 206.298800 1.484747 1.584545 3.960066 2.035228 2.570301 56.981455 1.692538 1.299900
212 3174 Car 0 0 1.766000 407.777000 175.321900 453.258300 208.897100 2.231650 2.000371 5.956086 -12.485447 2.342321 49.995320 1.518791 -0.437800
212 3130 Car 0 0 -1.671100 646.002400 179.158400 667.807800 196.425500 1.457609 1.577073 3.618251 3.808914 2.018980 63.448754 -1.625823 2.615000
213 3174 Car 0 0 1.766000 407.777000 175.321900 453.258300 208.897100 2.231650 2.000371 5.956086 -12.299791 2.333604 48.932676 1.518791 -0.437800
213 3130 Car 0 0 -1.674200 653.385600 179.736400 675.950400 197.135200 1.456367 1.590439 3.749305 4.417241 2.054045 63.823725 -1.609431 3.412700
214 3174 Car 0 0 1.776900 418.824400 173.833900 467.702900 210.811100 2.288272 2.001911 5.957833 -11.290950 2.368438 48.153734 1.542242 2.347500
214 3130 Car 0 0 -1.725400 659.854400 179.959200 684.539000 197.580900 1.470046 1.598202 3.826371 5.100093 2.098366 64.146995 -1.628509 1.138300
215 3174 Car 0 0 1.763600 425.640700 176.165200 474.362300 212.804300 2.248294 2.006967 5.973380 -10.616566 2.427493 47.295931 1.545127 1.712000
215 3130 Car 0 0 -1.737000 669.353800 180.068400 694.139500 197.412700 1.466062 1.592515 3.821383 5.936120 2.114494 64.483449 -1.634807 2.760300
216 3174 Car 0 0 1.757300 438.224100 173.631200 484.833900 210.203300 2.221754 1.972567 5.662185 -9.754103 2.316662 46.347645 1.551560 0.474300
216 3130 Car 0 0 -1.737000 669.353800 180.068400 694.139500 197.412700 1.466062 1.592515 3.821383 6.048739 2.107159 64.841385 -1.634807 2.760300
217 3174 Car 0 0 1.753200 449.796800 173.336400 498.559000 211.313000 2.232789 1.990334 5.744991 -8.794958 2.284306 45.462355 1.562035 1.700100
218 3174 Car 0 0 1.757600 463.535200 172.076300 514.092900 212.065500 2.278348 2.010339 5.812182 -7.731586 2.265690 44.531846 1.580988 0.539300
219 3174 Car 0 0 1.764900 477.320900 167.221500 531.706600 212.823600 2.454584 2.067545 6.028631 -6.617400 2.249343 43.640961 1.606026 2.605000
220 3174 Car 0 0 1.751100 498.358600 168.944600 549.641800 209.944800 2.330307 2.023019 5.885042 -5.364856 2.106798 42.630400 1.623315 0.493800
221 3174 Car 0 0 1.754200 519.232600 165.777000 573.530800 210.018200 2.355333 2.034008 6.050897 -3.992084 2.022596 41.765135 1.650994 1.303900
222 3174 Car 0 0 1.754200 519.232600 165.777000 573.530800 210.018200 2.355333 2.034008 6.050897 -3.276266 1.991269 40.798987 1.650994 1.303900
255 3260 Car 0 0 0.434700 84.924300 171.996700 160.375900 195.669900 1.478377 1.607729 3.709529 -31.235284 1.430337 46.295960 -0.204220 1.348300
256 3262 Car 0 0 -1.623800 641.331400 178.312200 667.690800 201.226700 1.497954 1.587229 3.714794 3.031193 1.855257 49.847686 -1.559771 0.783700
256 3260 Car 0 0 0.434700 84.924300 171.996700 160.375900 195.669900 1.478377 1.607729 3.709529 -31.055903 1.253067 45.651934 -0.204220 1.348300
257 3266 Car 0 0 1.995300 277.197100 183.364700 335.775300 213.148600 1.581474 1.646840 3.956449 -17.527836 2.208226 41.838353 1.596260 1.274600
257 3262 Car 0 0 -1.598200 646.270500 174.581000 671.293200 197.933500 1.503409 1.581535 3.672389 3.248840 1.701478 48.733107 -1.542452 2.132000
258 3266 Car 0 0 2.014800 266.075400 183.268300 327.823600 213.496400 1.568581 1.644196 3.969203 -17.546863 2.194676 40.662938 1.602584 -0.172800
258 3262 Car 0 0 -1.598200 646.270500 174.581000 671.293200 197.933500 1.503409 1.581535 3.672389 3.520441 1.746520 47.769533 -1.542452 2.132000
259 3267 Car 0 0 -1.089500 165.888500 180.648800 259.190200 221.557400 1.680734 1.708531 4.542711 -17.410582 1.995936 32.007035 -1.637791 0.431400
259 3266 Car 0 0 2.014800 266.075400 183.268300 327.823600 213.496400 1.568581 1.644196 3.969203 -17.442403 2.228684 39.501157 1.602584 -0.172800
260 3269 Car 0 0 -1.561200 648.772800 174.144800 674.988600 199.457100 1.512723 1.578643 3.680114 3.287699 1.584598 45.986302 -1.542566 0.400500
260 3267 Car 0 0 -1.021500 153.572200 180.340800 252.858200 221.699300 1.636932 1.691735 4.447410 -17.393053 1.963572 31.118839 -1.572001 -0.273200
261 3269 Car 0 0 -1.561200 648.772800 174.144800 674.988600 199.457100 1.512723 1.578643 3.680114 3.694635 2.305161 43.287542 -1.542566 0.400500
261 3267 Car 0 0 -1.021500 153.572200 180.340800 252.858200 221.699300 1.636932 1.691735 4.447410 -17.244435 1.948993 30.212347 -1.572001 -0.273200
264 3274 Car 0 0 -1.588100 649.955900 171.209000 678.048000 198.513400 1.529526 1.577566 3.574755 3.084165 1.437486 42.138205 -1.523506 2.883300
265 3274 Car 0 0 -1.616100 649.625600 170.565100 680.122900 198.233200 1.518385 1.572057 3.582920 3.064002 1.392732 41.208170 -1.535262 4.450900
266 3274 Car 0 0 -1.616100 649.625600 170.565100 680.122900 198.233200 1.518385 1.572057 3.582920 3.044331 1.361169 40.193059 -1.535262 4.450900
267 3274 Car 0 0 -1.596700 648.873100 157.534400 680.531000 188.347300 1.575232 1.602246 3.672581 2.918615 0.879275 39.263541 -1.526373 2.042500
268 3280 Car 0 0 -0.923300 0.000000 163.651900 117.960900 217.067300 1.633657 1.668857 4.155509 -17.754341 1.295346 22.987479 -1.577212 1.397200
268 3274 Car 0 0 -1.596700 648.873100 157.534400 680.531000 188.347300 1.575232 1.602246 3.672581 2.875730 0.749136 38.267165 -1.526373 2.042500
269 3280 Car 0 0 -0.923300 0.000000 163.651900 117.960900 217.067300 1.633657 1.668857 4.155509 -17.578688 1.059205 21.684062 -1.577212 1.397200
269 3274 Car 0 0 -1.628700 649.753800 152.971100 686.169900 184.961500 1.574989 1.635936 3.912174 2.911109 0.600333 37.488770 -1.544242 4.861600
