Car -1 -1 -1.414000 509.298900 170.530900 534.949700 188.527800 1.460818 1.579684 3.666613 -7.331840 1.232910 60.104067 -1.549450 1.348800 2899
Car -1 -1 1.631300 538.849700 176.969900 562.685800 197.179200 1.472165 1.605638 3.847093 -4.484141 1.784835 55.044347 1.555627 6.450100 2897
Car -1 -1 1.968600 264.781100 180.311200 319.506500 204.748500 1.474613 1.650887 4.185517 -20.570887 2.005350 47.077336 1.571836 4.643700 2893
Car -1 -1 2.105600 137.401300 176.132900 218.269200 209.584300 1.524473 1.611641 3.967779 -21.027013 1.713180 35.236874 1.567150 6.498600 2889
Car -1 -1 2.257800 23.940000 177.076300 138.515300 217.764500 1.500701 1.620854 3.906890 -21.068972 1.709632 29.002244 1.599997 5.189200 2886
Car -1 -1 2.041700 212.434000 178.182000 272.681700 206.734800 1.545437 1.571847 3.736723 -21.204203 1.891596 41.786770 1.568739 6.067300 2885
Car -1 -1 -2.329200 1191.169500 201.445300 1241.000000 240.895900 1.471361 1.567773 3.544405 27.850354 2.793682 30.465495 -1.011824 -0.305900 2879
Car -1 -1 1.731000 489.838100 180.109100 536.170900 214.404100 1.459879 1.556181 3.355549 -4.356711 1.793890 32.529017 1.586424 9.298300 2869
Car -1 -1 2.394200 1112.395400 198.272100 1233.436700 236.422300 1.466201 1.601139 4.041526 23.330333 2.606179 30.032672 3.066452 9.273800 2846
Car -1 -1 -1.546900 570.738700 177.668500 622.917900 226.756000 1.605131 1.715692 4.469655 -0.473653 1.786695 25.903592 -1.567435 10.911400 2605
