Car -1 -1 -1.589500 621.207600 158.826900 640.787700 176.631100 1.463831 1.604511 3.772454 1.700594 0.297091 60.456684 -1.569655 2.520200 251
Car -1 -1 -1.656300 622.168200 174.470800 678.567800 223.517500 1.566237 1.619848 3.953983 1.313627 1.590153 25.016097 -1.616168 6.174400 247
Car -1 -1 -1.683800 633.238600 176.325100 707.116000 237.266400 1.526641 1.603111 3.715810 1.566558 1.599120 20.046338 -1.616215 8.968600 243
Car -1 -1 -1.803000 653.420600 177.287300 780.503600 263.521700 1.496264 1.620108 3.986689 2.003094 1.567049 14.688997 -1.675044 13.367200 238
Car -1 -1 1.771300 349.133900 182.127000 426.674200 239.288100 1.501595 1.546321 3.524207 -6.503210 1.775229 21.499775 1.472276 9.404700 234
Car -1 -1 1.817200 277.257600 188.824200 398.210800 267.353500 1.427130 1.569142 3.894727 -5.878107 1.805813 15.994630 1.458827 10.707400 225
Car -1 -1 2.010500 78.074800 177.022800 343.908000 322.449100 1.703189 1.693314 4.360459 -5.654017 1.772375 10.877622 1.518479 11.734700 210
Car -1 -1 -2.476300 969.200000 97.813500 1241.000000 374.000000 1.485128 1.532163 3.864310 2.790887 1.495088 2.244748 -1.593616 7.269200 178
Car -1 -1 -1.882900 711.544500 171.951600 932.687800 323.889000 1.588867 1.607302 3.674854 2.407098 1.568098 9.440586 -1.633557 14.268800 175
Car -1 -1 2.345100 0.000000 198.880100 185.672200 374.000000 1.545061 1.637272 4.043335 -5.452723 1.825390 5.677093 1.566823 8.696400 170
Car -1 -1 -1.545800 551.806700 165.320400 583.129000 198.155100 1.861042 1.763298 4.279087 -2.694309 1.374344 42.976974 -1.623917 5.762100 156
