Car -1 -1 1.673500 507.742600 161.534000 529.767500 178.142100 1.478863 1.619580 3.942303 -8.332151 0.467912 65.992330 1.544151 2.128400 239
Car -1 -1 -1.776700 537.061700 176.592200 613.778200 230.575400 1.514360 1.606566 3.880366 -1.234706 1.640805 22.641194 -1.841486 5.817000 238
Car -1 -1 3.311800 300.677500 179.464900 364.123600 203.582900 1.448690 1.548566 3.520977 -16.378376 1.619120 43.993247 2.934146 2.459200 235
Car -1 -1 1.663200 302.054200 184.442500 356.881700 228.736700 1.516389 1.633479 3.969767 -10.894406 2.016403 28.099292 1.286934 4.937200 234
Car -1 -1 1.692600 279.428500 189.760500 347.211000 242.593600 1.430651 1.541114 3.600910 -9.323382 2.014907 22.520551 1.300869 9.104700 225
Car -1 -1 1.788900 210.858200 182.012900 327.428400 265.338200 1.755348 1.691132 4.196942 -8.373560 1.986715 17.498505 1.346057 10.092400 210
Car -1 -1 -1.818200 508.030700 177.709200 571.279800 221.882900 1.584105 1.601549 3.652172 -3.451777 1.824786 27.752039 -1.879972 2.157200 200
Car -1 -1 -1.573600 858.310000 166.382500 1153.736400 374.000000 1.567886 1.664995 3.987530 3.219746 1.537438 6.518574 -1.106584 10.584500 184
Car -1 -1 -1.911000 644.352800 180.947800 830.495600 302.390200 1.446046 1.575715 3.567781 1.428550 1.568351 10.622518 -1.770725 13.832300 178
Car -1 -1 -1.788200 567.660500 172.942300 666.567300 245.991900 1.583338 1.622210 3.596830 -0.227967 1.588117 17.516537 -1.792814 13.688500 175
Car -1 -1 1.953000 90.104700 194.524100 279.231800 305.983600 1.511658 1.584908 3.609387 -7.310851 1.962242 12.324257 1.416063 14.210900 170
Car -1 -1 -1.520700 444.526400 169.252300 480.246700 204.538800 1.902862 1.749220 4.249019 -8.600101 1.727543 40.115901 -1.744866 7.336100 156
