Car -1 -1 1.655600 277.561100 195.705200 339.463900 246.492600 1.498714 1.646991 4.145898 -10.584330 2.365282 25.381887 1.254908 3.690800 225
Car -1 -1 -1.475700 474.027600 183.771200 506.657700 211.920300 1.591375 1.627929 3.838925 -7.612455 2.396580 44.081391 -1.626708 0.500100 224
Car -1 -1 1.664100 472.115600 173.522300 493.191800 189.720800 1.480659 1.592021 3.879141 -12.135120 1.553722 68.185564 1.525704 0.146100 220
Car -1 -1 1.716200 235.610400 186.345000 326.585300 261.459900 1.797003 1.718399 4.195330 -9.307285 2.205297 20.149728 1.302365 7.020800 210
Car -1 -1 -1.682500 493.426600 187.311900 539.538400 227.091400 1.516729 1.559445 3.611446 -4.381433 2.153297 30.673790 -1.823050 5.797100 200
Car -1 -1 -1.771200 506.989000 193.499200 571.656500 241.829100 1.531516 1.605981 3.922027 -2.872981 2.215137 25.891492 -1.880992 0.030200 188
Car -1 -1 -1.448400 737.401100 184.077700 898.949700 328.565400 1.490468 1.608820 3.913114 2.802978 1.658393 9.853344 -1.154702 12.545400 184
Car -1 -1 -1.898700 599.862300 186.826700 743.447600 282.006000 1.480778 1.593660 3.699468 0.789283 1.791296 13.827722 -1.829872 13.681100 178
Car -1 -1 -1.782500 539.893500 182.640100 621.179200 245.724400 1.555820 1.598126 3.466083 -1.179006 1.872631 20.611673 -1.824108 10.893300 175
Car -1 -1 1.823300 160.943500 198.279000 298.466900 290.625300 1.504246 1.590201 3.857676 -8.025930 2.097615 15.070503 1.351512 13.689200 170
Car -1 -1 -1.546700 418.651700 179.448300 454.391900 217.943900 1.920375 1.767812 4.295209 -9.572629 2.277644 38.937938 -1.788755 7.382700 156
