Car -1 -1 1.588600 628.091000 161.985600 648.733800 180.658900 1.485952 1.629575 4.047328 2.378162 0.595387 60.042623 1.606964 -0.209400 251
Car -1 -1 -1.664000 628.435100 177.417100 689.083100 228.755200 1.564729 1.641355 3.996138 1.547839 1.693076 24.365884 -1.607276 4.057300 247
Car -1 -1 -1.696400 641.966500 178.506000 719.417100 242.845800 1.522599 1.584501 3.745284 1.788449 1.652032 19.318177 -1.610087 9.808000 243
Car -1 -1 -1.794800 664.531300 179.763000 795.464700 272.086300 1.488993 1.613552 3.924893 2.150651 1.609878 13.942928 -1.656785 10.953800 238
Car -1 -1 1.774900 348.778900 186.457100 428.716800 243.957700 1.470449 1.536976 3.498678 -6.278338 1.833282 20.894936 1.476864 10.496200 234
Car -1 -1 1.829500 271.664700 191.738100 395.069400 274.851000 1.441265 1.563183 3.708373 -5.714003 1.859919 15.347074 1.465485 10.995500 225
Car -1 -1 2.037500 47.779800 178.251200 337.289100 333.658200 1.700415 1.692749 4.356220 -5.536925 1.781157 10.258450 1.532830 13.798800 210
Car -1 -1 -2.476300 969.200000 97.813500 1241.000000 374.000000 1.485128 1.532163 3.864310 2.817370 1.479948 1.581278 -1.593616 7.269200 178
Car -1 -1 -1.895300 724.429300 173.034200 972.770300 342.251900 1.592101 1.613172 3.721853 2.504474 1.583925 8.738071 -1.621964 15.499800 175
Car -1 -1 2.434500 0.000000 206.307300 146.625500 374.000000 1.548855 1.611888 4.102088 -5.454041 1.859941 5.066707 1.592210 7.706600 170
Car -1 -1 -1.556100 557.615400 167.076300 588.369000 201.093200 1.904958 1.752607 4.254992 -2.296292 1.512905 43.153837 -1.613709 7.759700 156
