Car -1 -1 3.319400 362.967700 179.562600 432.367600 205.719200 1.441743 1.544597 3.619995 -12.037849 1.863079 41.050099 3.032364 4.602800 244
Car -1 -1 -1.681300 586.383300 179.988100 649.522100 232.466300 1.540623 1.612856 3.859440 0.132882 1.797824 23.436585 -1.682577 8.514100 243
Car -1 -1 1.539200 575.171700 163.386800 595.506300 180.945700 1.496705 1.650497 4.181481 -2.235587 0.715838 63.465489 1.503396 1.190000 239
Car -1 -1 -1.763900 604.004800 180.012200 699.766600 248.636300 1.484524 1.619196 4.027185 0.907007 1.691682 18.167134 -1.726905 11.609900 238
Car -1 -1 1.737700 337.380300 184.875200 405.169900 235.718600 1.532643 1.589430 3.603428 -8.014905 1.967859 24.431883 1.415624 8.447500 234
Car -1 -1 1.757300 293.628200 192.023400 384.670700 256.152600 1.405085 1.549079 3.710207 -7.038770 1.953865 18.919640 1.399099 9.892200 225
Car -1 -1 1.897900 172.962600 184.187600 350.485700 293.148600 1.691181 1.689473 4.353826 -6.542360 1.921682 13.824197 1.452060 13.461400 210
Car -1 -1 -2.069500 763.311200 184.267300 1241.000000 374.000000 1.484581 1.590342 3.787587 2.482408 1.605526 5.893049 -1.667983 12.397700 178
Car -1 -1 -1.813200 647.213100 174.052800 789.514600 278.912800 1.590897 1.608409 3.579070 1.599593 1.613560 12.891799 -1.691445 13.950000 175
Car -1 -1 2.093400 0.000000 197.427000 256.753200 374.000000 1.542855 1.630142 4.054511 -6.039468 1.935707 8.608888 1.489449 12.718300 170
Car -1 -1 -1.557800 508.684700 170.944800 541.478000 204.344700 1.857004 1.784205 4.555395 -5.200478 1.733644 41.957926 -1.686410 7.944800 156
