Car -1 -1 1.570300 293.750900 190.666800 345.752900 239.706700 1.530954 1.626637 4.078991 -10.730438 2.262537 26.571017 1.187371 3.846100 225
Car -1 -1 1.875600 475.018400 171.883600 502.461300 187.670400 1.467555 1.581566 3.723295 -11.591782 1.349686 68.807664 1.675609 2.567100 220
Car -1 -1 1.729300 252.606000 178.614900 342.508600 253.402500 1.862143 1.739489 4.390492 -9.331613 2.084973 21.367211 1.320996 1.578500 210
Car -1 -1 -1.691300 494.887900 186.296100 541.527300 224.487200 1.529775 1.586623 3.731629 -4.388579 2.088285 31.930655 -1.821042 5.713800 200
Car -1 -1 -1.809800 507.758700 186.211000 575.860100 231.748000 1.509195 1.606463 4.103243 -2.876455 1.992784 26.921893 -1.902010 6.803800 188
Car -1 -1 -1.428500 720.485900 182.118200 868.955400 309.079300 1.513177 1.625370 3.952348 2.794681 1.678327 11.082927 -1.160342 11.560700 184
Car -1 -1 -1.891000 600.302400 187.856000 729.472500 272.628100 1.458015 1.566318 3.588254 0.773968 1.782503 14.999789 -1.827648 12.490200 178
Car -1 -1 -1.754100 547.175500 181.581800 622.063500 238.640900 1.548965 1.615424 3.620756 -1.155484 1.813151 21.878393 -1.811376 9.925000 175
Car -1 -1 1.797200 195.181200 191.674400 314.539500 274.626700 1.519381 1.590817 3.857530 -8.091917 1.989748 16.304023 1.352587 13.714100 170
Car -1 -1 -1.593000 426.133400 176.096600 462.337500 215.828000 1.966281 1.784187 4.210398 -9.106957 2.118923 38.568861 -1.808135 7.298900 156
