Car -1 -1 3.314300 373.521800 176.038300 447.756700 202.817100 1.440468 1.562604 3.656415 -10.998903 1.683703 40.039465 3.034484 4.572300 244
Car -1 -1 -1.687600 605.498200 175.739500 671.655600 231.126700 1.535379 1.593776 3.716548 0.769938 1.650688 22.092935 -1.658093 9.450300 243
Car -1 -1 -1.789200 623.746200 175.625800 731.704600 251.484600 1.510364 1.612796 4.085387 1.408769 1.619650 16.831808 -1.711344 11.625200 238
Car -1 -1 1.761200 342.885600 182.514800 415.421100 233.324300 1.482924 1.560186 3.640240 -7.346315 1.833138 23.286376 1.442072 8.566300 234
Car -1 -1 1.787000 292.317600 187.677800 389.226800 256.013400 1.432194 1.518455 3.552782 -6.521609 1.853792 17.733644 1.422981 10.371800 225
Car -1 -1 1.908900 157.098500 179.516300 346.812400 296.949200 1.703525 1.686867 4.215875 -6.138708 1.850235 12.717305 1.461965 14.074200 210
Car -1 -1 -2.206100 821.515100 183.848000 1241.000000 374.000000 1.503058 1.585426 3.828720 2.671149 1.610994 4.427714 -1.656190 9.990500 178
Car -1 -1 -1.836500 670.184700 172.731200 834.496900 288.799200 1.565203 1.598352 3.631796 1.963965 1.563716 11.552792 -1.668661 14.015600 175
Car -1 -1 2.170800 0.000000 202.968700 229.760700 374.000000 1.493142 1.598651 3.862880 -5.757042 1.886399 7.464164 1.515482 11.305800 170
Car -1 -1 -1.560800 526.434600 166.045400 558.527600 200.652800 1.909168 1.780546 4.478329 -4.176972 1.585990 42.402426 -1.658536 5.850800 156
