Car -1 -1 3.314300 373.521800 176.038300 447.756700 202.817100 1.440468 1.562604 3.656415 -10.395112 1.647709 39.552654 3.034484 4.572300 244
Car -1 -1 -1.687200 613.801200 173.124900 683.815700 230.579200 1.541387 1.600033 3.861385 1.045674 1.579105 21.442484 -1.646849 9.882800 243
Car -1 -1 -1.778100 634.340400 174.163200 745.305800 252.747900 1.516196 1.614714 4.078906 1.625638 1.573218 16.157988 -1.692034 9.798800 238
Car -1 -1 1.761900 346.768600 179.788500 420.284900 234.751000 1.525059 1.558835 3.569698 -7.030843 1.790924 22.694377 1.452967 8.929300 234
Car -1 -1 1.802300 289.871000 186.928100 394.831500 257.015700 1.421629 1.547469 3.517380 -6.268234 1.800708 17.147556 1.440545 11.788400 225
Car -1 -1 1.955900 136.657900 178.267000 347.260400 298.386200 1.653140 1.659756 4.181157 -5.944870 1.768071 12.093808 1.486214 13.086700 210
Car -1 -1 -2.277400 871.657400 186.485100 1241.000000 374.000000 1.487200 1.546845 3.717771 2.746464 1.589632 3.694348 -1.638088 9.825000 178
Car -1 -1 -1.841400 685.782800 166.004900 863.599700 296.526300 1.598699 1.609877 3.620179 2.141335 1.540464 10.849195 -1.651318 14.698000 175
Car -1 -1 2.227700 0.000000 195.130300 214.523300 374.000000 1.533474 1.597136 3.867528 -5.661604 1.848430 6.873773 1.531006 10.229600 170
Car -1 -1 -1.575600 535.272600 162.719100 567.437400 197.710500 1.938668 1.790406 4.414468 -3.684317 1.450177 42.616406 -1.658081 8.387000 156
