Car -1 -1 1.672200 274.796800 195.297800 335.484800 246.248300 1.488011 1.584810 3.886893 -10.463823 2.342061 24.769280 1.266524 4.526000 225
Car -1 -1 -1.601300 480.367600 183.160100 509.874000 212.535800 1.616535 1.628201 3.801964 -7.076716 2.299893 43.372761 -1.724995 1.063400 224
Car -1 -1 1.712400 477.214000 171.476100 500.731700 187.710500 1.480870 1.610126 4.018308 -11.705882 1.454669 67.844950 1.538501 1.879800 220
Car -1 -1 1.747600 226.468600 185.677300 324.710100 262.730100 1.802378 1.725940 4.213667 -9.286969 2.214142 19.768452 1.312028 4.889300 210
Car -1 -1 -1.679400 493.417800 186.008700 541.258800 227.355400 1.536859 1.578452 3.636077 -4.271888 2.146767 30.185966 -1.815108 5.563200 200
Car -1 -1 -1.771200 506.989000 193.499200 571.656500 241.829100 1.531516 1.605981 3.922027 -3.297093 2.234838 25.343709 -1.880992 0.030200 188
Car -1 -1 -1.478500 750.906500 181.665500 919.405000 343.753100 1.513293 1.630192 3.988938 2.855389 1.659090 9.254858 -1.160263 11.636700 184
Car -1 -1 -1.889600 602.883900 185.707300 758.093400 287.529700 1.487837 1.611113 3.830944 0.865132 1.771682 13.230126 -1.817590 12.509800 178
Car -1 -1 -1.781500 540.238500 181.571400 625.418500 246.575900 1.571444 1.611707 3.550393 -1.119931 1.855180 20.034097 -1.825339 12.318800 175
Car -1 -1 1.856700 140.531200 197.984100 290.660900 295.654800 1.531411 1.600213 3.861584 -7.983668 2.123014 14.510109 1.359848 13.328600 170
Car -1 -1 -1.539500 421.136000 178.907800 456.431800 216.822200 1.906608 1.744196 4.193846 -9.560826 2.265385 39.059088 -1.778400 6.475000 156
