Car -1 -1 3.311800 300.677500 179.464900 364.123600 203.582900 1.448690 1.548566 3.520977 -17.054183 1.813715 44.501452 2.934146 2.459200 235
Car -1 -1 1.659300 297.537400 187.491500 351.706800 230.352500 1.499447 1.639723 3.985585 -11.275879 2.103307 28.591595 1.275479 3.992800 234
Car -1 -1 1.709900 274.925400 190.579200 342.921100 242.732700 1.450311 1.556346 3.657071 -9.685641 2.085821 23.088030 1.295640 6.868400 225
Car -1 -1 -1.666600 483.475500 175.532000 517.106100 205.442800 1.646453 1.611215 3.636971 -6.542449 1.875576 41.637247 -1.793891 2.857200 224
Car -1 -1 1.777600 212.706400 178.045500 325.124900 262.452000 1.826295 1.719984 4.195553 -8.659751 2.025440 18.048847 1.333691 7.815900 210
Car -1 -1 -1.818200 508.030700 177.709200 571.279800 221.882900 1.584105 1.601549 3.652172 -3.245356 1.842590 28.345893 -1.879972 2.157200 200
Car -1 -1 -1.547000 822.929100 167.749200 1065.908400 374.000000 1.542623 1.652042 3.943082 3.114960 1.541541 7.224434 -1.125165 11.187800 184
Car -1 -1 -1.907400 626.577900 177.781600 809.142700 294.856100 1.476053 1.596451 3.789743 1.236822 1.592229 11.310873 -1.789212 12.664000 178
Car -1 -1 -1.780500 560.123800 172.162500 653.167900 243.811000 1.594726 1.609281 3.580374 -0.488589 1.626321 18.102768 -1.801574 13.358200 175
Car -1 -1 1.916200 97.210200 196.296900 281.441800 304.879900 1.501398 1.586862 3.827802 -7.522628 1.991249 12.852317 1.390925 13.072600 170
Car -1 -1 -1.566100 436.663700 168.903900 471.149300 207.263800 1.980627 1.768831 4.206171 -9.002113 1.859228 39.811930 -1.781863 6.295000 156
