Car -1 -1 1.666700 283.243800 193.485300 344.056100 243.214900 1.520817 1.633661 4.104816 -10.678414 2.323208 26.023935 1.244204 3.730900 225
Car -1 -1 -1.475700 474.027600 183.771200 506.657700 211.920300 1.591375 1.627929 3.838925 -7.393035 2.308145 44.666131 -1.626708 0.500100 224
Car -1 -1 1.705200 472.658000 172.117400 494.687200 188.162700 1.477652 1.567720 3.831518 -12.006060 1.436110 68.580040 1.584670 -0.698100 220
Car -1 -1 1.733300 243.219300 185.721200 333.003200 258.225800 1.815455 1.718236 4.224987 -9.352863 2.168986 20.737695 1.318650 6.744800 210
Car -1 -1 -1.712500 489.986000 186.142600 538.770400 225.643000 1.532634 1.586053 3.698732 -4.485364 2.130627 31.344933 -1.837208 6.730300 200
Car -1 -1 -1.793200 509.034000 184.121000 580.074600 236.219800 1.602088 1.651417 4.110571 -2.808239 2.064729 26.228452 -1.893599 5.870700 188
Car -1 -1 -1.419500 726.697100 181.720200 885.134600 318.449000 1.521967 1.619208 3.882233 2.790109 1.675139 10.470498 -1.150984 12.405500 184
Car -1 -1 -1.899500 596.352900 187.264900 738.149200 279.467300 1.478154 1.588741 3.776597 0.756927 1.804126 14.431880 -1.832254 12.579100 178
Car -1 -1 -1.773400 544.004300 184.839200 620.489200 242.636100 1.511843 1.592666 3.462010 -1.167080 1.848159 21.229722 -1.815223 10.109300 175
Car -1 -1 1.831000 177.408700 197.156800 306.627400 281.091500 1.483609 1.580980 3.800034 -8.098139 2.038636 15.705232 1.360753 12.683300 170
Car -1 -1 -1.561600 421.683100 179.298000 457.002100 217.944500 1.934897 1.762008 4.172576 -9.379285 2.230956 38.734488 -1.799523 7.252700 156
