Car -1 -1 -1.696300 510.965200 173.994800 545.945500 200.367300 1.535740 1.640586 3.937641 -4.580686 1.624360 44.272375 -1.796263 -0.145800 240
Car -1 -1 1.807500 534.873600 162.518300 562.553100 179.460400 1.481397 1.615351 3.937568 -5.574763 0.546432 65.101181 1.662772 0.108300 239
Car -1 -1 -1.771100 563.058000 178.890800 646.506400 237.760800 1.481438 1.612608 4.045945 -0.319823 1.667225 20.843710 -1.789879 9.792600 238
Car -1 -1 1.690300 319.490100 186.893400 376.794100 232.399600 1.495137 1.580850 3.677405 -9.581675 1.994420 26.455986 1.327636 3.617000 234
Car -1 -1 1.729700 286.874800 190.352100 365.188700 247.855900 1.435155 1.553694 3.671179 -8.289117 1.975546 21.012266 1.345311 9.553700 225
Car -1 -1 1.827500 202.331800 182.506300 339.084000 276.191800 1.713789 1.687917 4.252989 -7.519877 1.940045 15.948658 1.385284 10.782300 210
Car -1 -1 -1.778600 1034.351200 174.835800 1241.000000 374.000000 1.511411 1.526532 3.516536 3.361893 1.516267 4.325366 -1.100086 8.689600 184
Car -1 -1 -1.953400 682.334200 181.861400 945.994600 345.305400 1.435302 1.598209 3.793980 1.931178 1.575499 8.659907 -1.727581 13.749800 178
Car -1 -1 -1.794800 600.004100 171.368800 709.262700 256.759000 1.619643 1.608923 3.523648 0.610400 1.587376 15.608306 -1.748188 13.025700 175
Car -1 -1 2.012100 24.768400 196.098000 275.389900 331.361300 1.500167 1.604813 3.945226 -6.722141 1.916666 10.745814 1.453517 13.808800 170
Car -1 -1 -1.562700 471.270000 170.369800 505.128100 205.530400 1.873103 1.779680 4.400133 -7.258971 1.685413 40.932596 -1.727111 6.512200 156
