Car -1 -1 -1.674800 614.543900 170.847300 673.841500 220.290700 1.577074 1.639655 4.045305 1.062159 1.536662 25.614264 -1.634353 -0.742500 247
Car -1 -1 -1.682100 624.491200 174.161200 694.546000 233.625000 1.546772 1.592287 3.754660 1.319421 1.579065 20.775059 -1.630317 9.336100 243
Car -1 -1 -1.792000 644.357600 173.493200 761.769400 256.502200 1.522255 1.608958 3.982303 1.821039 1.548441 15.393800 -1.682557 10.497100 238
Car -1 -1 1.777200 346.509300 181.138600 424.240500 234.852800 1.485407 1.558813 3.593308 -6.760977 1.742779 22.098215 1.468191 9.491100 234
Car -1 -1 1.812000 280.893100 187.168800 397.386000 262.556100 1.426370 1.559663 3.830859 -6.067430 1.790816 16.569847 1.452074 10.447900 225
Car -1 -1 1.970800 111.211500 175.419300 346.168300 310.004200 1.692978 1.674245 4.295025 -5.799024 1.762082 11.522477 1.498380 13.045600 210
Car -1 -1 -2.373800 906.561200 183.243900 1241.000000 374.000000 1.495853 1.527411 3.725823 2.780645 1.575430 3.014779 -1.630370 8.560500 178
Car -1 -1 -1.856700 697.256500 171.951300 892.336800 312.010400 1.601110 1.607790 3.631255 2.272115 1.569870 10.152709 -1.640121 15.130800 175
Car -1 -1 2.273600 0.000000 197.438800 203.914400 374.000000 1.526877 1.626223 3.923010 -5.543066 1.817262 6.288969 1.545341 8.445900 170
Car -1 -1 -1.581400 542.905100 162.705900 574.274900 195.150400 1.866934 1.772356 4.345083 -3.239182 1.309741 42.782945 -1.655497 7.280800 156
