Car -1 -1 -1.662200 503.624600 173.486700 534.569700 198.314900 1.504817 1.604271 3.797017 -5.784263 1.532134 45.471814 -1.772671 0.222000 240
Car -1 -1 1.730600 516.265900 161.897600 540.599600 178.738500 1.482378 1.612857 3.876006 -7.399454 0.477344 65.561712 1.590332 2.265700 239
Car -1 -1 -1.749800 542.245700 176.815700 618.485600 232.152800 1.509957 1.612387 3.977490 -1.027077 1.635123 22.127493 -1.813867 6.260700 238
Car -1 -1 1.648300 308.904000 182.889400 363.426100 229.359600 1.562319 1.647021 3.990577 -10.510445 1.989681 27.731871 1.286851 4.406700 234
Car -1 -1 1.717100 277.196200 189.100000 353.639300 245.591700 1.451942 1.579423 3.758811 -8.985204 1.999695 21.957331 1.319985 7.555200 225
Car -1 -1 1.802200 213.376800 180.007300 331.891600 263.807000 1.720647 1.669666 4.070033 -8.079031 1.924319 17.031299 1.361349 10.160900 210
Car -1 -1 -1.625100 913.554600 165.794500 1241.000000 374.000000 1.547129 1.659374 4.003518 3.352980 1.505927 5.873171 -1.094789 10.636500 184
Car -1 -1 -1.919700 651.942800 182.153500 862.764700 315.536700 1.429701 1.574284 3.670386 1.580044 1.564285 9.970788 -1.756371 12.366000 178
Car -1 -1 -1.783200 578.098000 169.933400 680.813000 249.233300 1.616379 1.622945 3.655772 0.054793 1.572893 16.888255 -1.776304 13.988200 175
Car -1 -1 1.958200 61.886600 197.323000 280.203300 315.862800 1.474108 1.593741 3.870762 -7.104920 1.937175 11.779812 1.423564 14.688100 170
Car -1 -1 -1.575800 453.158500 167.533900 487.089800 203.345200 1.897447 1.762186 4.307906 -8.236310 1.643796 40.417760 -1.759411 8.595800 156
