Car -1 -1 3.317500 405.348000 182.900100 479.396100 212.503700 1.436691 1.508457 3.446703 -8.475668 1.949252 36.502005 3.097517 4.731000 258
Car -1 -1 -1.627800 620.480600 177.992700 653.787900 207.931400 1.576257 1.628391 3.846530 1.447876 1.890588 40.683427 -1.604723 2.491900 257
Car -1 -1 -1.682800 631.449100 175.305800 679.090400 215.472300 1.630739 1.630388 3.686199 1.874215 1.758485 31.586543 -1.636368 4.015700 254
Car -1 -1 1.485100 634.303900 161.715500 659.499200 180.762900 1.496683 1.662713 4.260008 3.101928 0.666927 59.050024 1.586762 1.579600 251
Car -1 -1 -1.706800 641.853800 183.247900 709.909300 236.917800 1.520775 1.605125 3.893192 1.987288 1.843551 22.928057 -1.620385 7.737500 247
Car -1 -1 -1.698400 655.737800 180.036100 738.635200 250.970300 1.541101 1.572927 3.682571 2.087543 1.735579 17.933282 -1.593931 10.136000 243
Car -1 -1 -1.823200 681.922300 181.889000 837.619900 292.139300 1.525357 1.613965 3.967756 2.401736 1.704564 12.543979 -1.645059 10.733500 238
Car -1 -1 1.787000 342.700300 188.631800 430.434900 251.437200 1.455225 1.530170 3.601974 -5.916549 1.908543 19.607465 1.488583 10.456400 234
Car -1 -1 1.857700 253.076100 196.033100 393.407200 286.195400 1.409006 1.552418 3.696201 -5.424071 1.903966 14.132856 1.484689 11.527500 225
Car -1 -1 2.086300 0.000000 183.768400 319.813000 367.821800 1.683483 1.693249 4.357659 -5.339083 1.835484 9.041029 1.539988 14.615300 210
Car -1 -1 -1.955300 756.043600 177.425600 1084.561100 374.000000 1.571517 1.613766 3.733938 2.673487 1.603512 7.317870 -1.610446 14.749500 175
Car -1 -1 2.468300 0.000000 213.164100 107.844500 374.000000 1.528117 1.623762 4.208088 -5.358115 1.867167 3.819584 1.582439 5.945700 170
Car -1 -1 -1.565500 567.566800 171.539300 598.365100 204.315900 1.880990 1.754751 4.338123 -1.662365 1.742657 43.470063 -1.606477 6.245200 156
