Car -1 -1 1.628900 272.591300 191.823600 332.760800 243.955700 1.479661 1.605447 3.964030 -10.293540 2.226288 24.153145 1.242591 5.482600 225
Car -1 -1 -1.601300 480.367600 183.160100 509.874000 212.535800 1.616535 1.628201 3.801964 -7.111926 2.343170 42.757800 -1.724995 1.063400 224
Car -1 -1 1.712400 477.214000 171.476100 500.731700 187.710500 1.480870 1.610126 4.018308 -11.900373 1.541000 67.416393 1.538501 1.879800 220
Car -1 -1 1.760400 218.520600 183.963700 323.669200 262.962800 1.787559 1.734753 4.236864 -9.106664 2.155994 19.142965 1.320787 9.128100 210
Car -1 -1 -1.700400 498.089500 182.641000 547.465500 223.798300 1.527243 1.560003 3.560629 -4.004863 2.019640 29.509647 -1.820480 6.028500 200
Car -1 -1 -1.487000 775.154800 180.782300 962.212600 353.035600 1.475597 1.626736 4.026862 2.971594 1.596238 8.553356 -1.142796 11.163000 184
Car -1 -1 -1.901000 606.979400 184.225600 772.506700 289.277700 1.470880 1.616729 3.889259 0.960307 1.716932 12.621279 -1.813208 11.525400 178
Car -1 -1 -1.792700 546.318200 178.964800 633.759100 244.601700 1.562208 1.605646 3.476357 -0.941273 1.776466 19.375731 -1.826613 12.440900 175
Car -1 -1 1.871200 128.443700 194.905000 283.898600 293.094400 1.518116 1.583827 3.761720 -7.863518 2.047098 13.925736 1.365937 14.251400 170
Car -1 -1 -1.586700 424.930000 174.746900 459.625500 212.888900 1.933920 1.747289 4.151111 -9.519194 2.139676 39.304753 -1.802132 7.972600 156
