Car -1 -1 -1.696300 510.965200 173.994800 545.945500 200.367300 1.535740 1.640586 3.937641 -5.161214 1.607487 44.866693 -1.796263 -0.145800 240
Car -1 -1 1.651500 525.747000 162.242700 547.232500 179.108700 1.485115 1.623528 3.939620 -6.629219 0.512726 65.509381 1.565434 -0.681700 239
Car -1 -1 -1.756200 553.131200 179.027600 633.492600 234.762700 1.472110 1.620069 4.070139 -0.670399 1.643087 21.481320 -1.796807 7.912200 238
Car -1 -1 1.648300 308.904000 182.889400 363.426100 229.359600 1.562319 1.647021 3.990577 -10.140812 1.927226 27.276290 1.286851 4.406700 234
Car -1 -1 1.707800 285.865800 189.454700 358.313200 245.981900 1.452719 1.554008 3.622281 -8.634703 1.986495 21.506032 1.326237 9.216000 225
Car -1 -1 1.804800 204.312000 180.350200 334.235700 268.164000 1.695649 1.682604 4.266239 -7.811015 1.891519 16.485781 1.367623 11.211400 210
Car -1 -1 -1.698800 978.885500 176.307700 1241.000000 374.000000 1.529064 1.607970 3.776936 3.362442 1.529245 5.120173 -1.099740 9.313000 184
Car -1 -1 -1.935600 666.292600 185.308900 902.985500 331.369700 1.413137 1.585604 3.776635 1.759412 1.579933 9.330339 -1.742112 13.205800 178
Car -1 -1 -1.776500 589.288000 172.826500 695.384600 253.809600 1.607740 1.630643 3.649609 0.341237 1.584368 16.245022 -1.755288 14.154000 175
Car -1 -1 1.981800 39.295300 194.504200 280.417500 321.492600 1.479727 1.614543 4.047852 -6.918435 1.904875 11.278446 1.436071 13.803500 170
Car -1 -1 -1.520700 462.098100 168.250800 497.490700 202.710900 1.861943 1.759908 4.242267 -7.723327 1.600845 40.691769 -1.721951 8.525000 156
