Car -1 -1 3.343400 340.424800 180.013000 413.490900 205.945600 1.479403 1.615186 3.843874 -13.730158 1.921355 42.520538 3.021626 3.095000 244
Car -1 -1 -1.664700 558.396900 177.839000 613.381800 226.589500 1.562600 1.582423 3.678534 -0.950573 1.750633 25.411254 -1.711671 6.101200 243
Car -1 -1 1.598800 546.885100 163.994500 566.622800 181.148700 1.485231 1.637569 4.056315 -4.731801 0.661709 64.701314 1.577807 -0.306900 239
Car -1 -1 -1.779100 573.114300 177.808000 660.950400 241.313400 1.523257 1.621503 3.985781 0.026681 1.691292 20.099726 -1.781981 8.847200 238
Car -1 -1 1.741400 321.728200 186.648700 386.101300 235.448300 1.529098 1.579173 3.673731 -9.167871 2.044837 25.936341 1.374509 6.276700 234
Car -1 -1 1.739300 289.432400 191.624300 370.879200 250.737500 1.424553 1.550113 3.734170 -7.965138 1.987616 20.540661 1.361868 10.612200 225
Car -1 -1 1.851900 192.770000 183.094000 342.788800 279.704600 1.698098 1.694705 4.363006 -7.258046 1.939877 15.396271 1.406184 12.348800 210
Car -1 -1 -1.841600 1087.406600 174.429500 1241.000000 374.000000 1.516781 1.567240 3.713172 3.508406 1.522089 3.766450 -1.087487 7.363900 184
Car -1 -1 -1.986400 699.456900 184.264400 999.090100 369.958600 1.455263 1.602592 3.778974 2.095493 1.602221 7.973669 -1.719435 12.817200 178
Car -1 -1 -1.789600 609.996500 174.472700 728.300400 262.350200 1.589024 1.621022 3.637584 0.869079 1.595119 14.951779 -1.731076 13.216400 175
Car -1 -1 2.018300 0.000000 198.842900 273.403500 349.275500 1.531398 1.615559 4.005839 -6.533688 1.967688 10.226363 1.457771 13.743600 170
Car -1 -1 -1.571600 480.912100 170.706500 514.328600 206.874100 1.920442 1.783895 4.422733 -6.771878 1.775096 41.201795 -1.726981 7.486400 156
