Car -1 -1 3.345200 344.870900 181.911000 415.123300 208.501600 1.484827 1.592057 3.726394 -13.291142 2.021714 42.029976 3.031152 4.108600 244
Car -1 -1 -1.678000 566.311900 180.416500 626.286200 230.341700 1.544015 1.611596 3.864113 -0.593975 1.808782 24.848308 -1.705577 8.531800 243
Car -1 -1 1.615600 554.226300 164.394700 574.756000 181.694400 1.489291 1.641358 4.115267 -3.980128 0.732921 64.324073 1.562352 0.245800 239
Car -1 -1 -1.758200 584.265500 181.547400 672.214800 244.000900 1.473964 1.612292 4.018425 0.334690 1.700935 19.425961 -1.756777 11.307800 238
Car -1 -1 1.727400 328.401200 185.299000 392.219300 235.637800 1.560791 1.584709 3.623911 -8.777110 2.042984 25.470922 1.387589 7.291800 234
Car -1 -1 1.751700 291.881400 192.520300 376.135500 252.310400 1.408946 1.556656 3.635797 -7.642763 1.987424 20.022232 1.378698 11.525700 225
Car -1 -1 1.861900 192.447800 182.527300 343.284300 282.864400 1.706937 1.676223 4.225737 -7.006416 1.940576 14.866186 1.420161 12.000500 210
Car -1 -1 -1.914000 1157.658000 188.689200 1241.000000 374.000000 1.486571 1.561468 3.776291 3.600635 1.557611 3.186646 -1.070499 7.039900 184
Car -1 -1 -1.991100 721.847800 192.751100 1063.174600 374.000000 1.430008 1.580718 3.826888 2.238991 1.641610 7.261846 -1.693765 13.279000 178
Car -1 -1 -1.800700 622.113400 176.354500 743.559400 266.912100 1.557242 1.598698 3.561390 1.110856 1.603676 14.283010 -1.719966 13.999200 175
Car -1 -1 2.061800 0.000000 202.243900 266.802200 359.910600 1.509521 1.613668 3.980476 -6.362645 1.971604 9.648995 1.475712 13.981900 170
Car -1 -1 -1.583800 490.374700 171.010400 523.768000 206.729600 1.930367 1.793292 4.442181 -6.272202 1.811403 41.448059 -1.726993 6.138300 156
