Car -1 -1 3.278700 295.324200 179.349300 360.969600 203.887700 1.477509 1.572371 3.649700 -17.585994 1.911754 45.007090 2.916491 -0.339300 235
Car -1 -1 1.670200 274.820500 191.886800 339.826200 244.269600 1.468128 1.599299 3.821739 -9.971445 2.164540 23.594033 1.262374 6.352100 225
Car -1 -1 -1.666600 483.475500 175.532000 517.106100 205.442800 1.646453 1.611215 3.636971 -6.602469 1.914767 42.235932 -1.793891 2.857200 224
Car -1 -1 1.758200 214.146400 180.528800 321.688500 264.325500 1.822565 1.729343 4.220879 -8.894571 2.104823 18.528619 1.320733 9.131100 210
Car -1 -1 -1.699600 503.270100 179.839800 555.392500 224.003300 1.580553 1.591274 3.605851 -3.681264 1.949037 28.927729 -1.816661 3.323700 200
Car -1 -1 -1.503800 789.810700 176.920600 1004.188700 374.000000 1.529553 1.656318 4.011496 3.042301 1.605585 7.906465 -1.128831 11.666500 184
Car -1 -1 -1.898400 616.099400 180.676100 786.966700 292.395900 1.482450 1.608182 3.828161 1.083005 1.663230 11.980168 -1.800719 13.827300 178
Car -1 -1 -1.782500 551.287200 176.046300 644.516500 245.470500 1.575676 1.618473 3.659940 -0.730748 1.707341 18.722099 -1.814800 13.086500 175
Car -1 -1 1.890200 114.470200 194.826700 281.602800 296.623700 1.503335 1.586962 3.719558 -7.697759 1.995393 13.366309 1.375432 13.828100 170
Car -1 -1 -1.554600 430.654700 171.671900 465.952600 209.574900 1.951707 1.775354 4.266800 -9.273058 1.987938 39.607994 -1.785364 8.764500 156
