Car -1 -1 -1.705200 624.911000 174.488300 670.629300 212.966600 1.617374 1.591242 3.471997 1.582110 1.692064 32.150917 -1.657868 6.685700 254
Car -1 -1 1.661700 632.111600 161.516800 656.243000 180.281500 1.489695 1.626311 4.080976 2.881169 0.638491 59.514819 1.670233 2.617000 251
Car -1 -1 -1.699700 636.023100 179.708200 698.988000 232.530800 1.555686 1.596752 3.791072 1.777141 1.770631 23.575097 -1.618418 4.944600 247
Car -1 -1 -1.703600 647.570800 180.520300 729.609500 248.720800 1.532364 1.583326 3.801288 1.948068 1.719550 18.648959 -1.605954 9.597400 243
Car -1 -1 -1.820600 672.979100 181.822600 814.715200 280.545400 1.491470 1.605980 3.873353 2.286280 1.656373 13.259681 -1.655187 11.672800 238
Car -1 -1 1.789700 344.157800 188.765400 430.027600 248.458400 1.447984 1.538536 3.574586 -6.093049 1.883630 20.242620 1.486775 9.387000 234
Car -1 -1 1.852800 262.281600 194.757200 396.341200 280.270300 1.414031 1.555035 3.708822 -5.546330 1.882019 14.713293 1.480142 11.891600 225
Car -1 -1 2.028800 17.144800 182.244000 329.592400 352.112700 1.689281 1.687342 4.407752 -5.412321 1.814704 9.661539 1.523788 13.984200 210
Car -1 -1 -1.932900 739.664900 172.223100 1027.280600 362.747400 1.603905 1.629567 3.711994 2.605563 1.596135 8.022356 -1.618773 13.941700 175
Car -1 -1 2.468300 0.000000 213.164100 107.844500 374.000000 1.528117 1.623762 4.208088 -5.404751 1.870678 4.404569 1.582439 5.945700 170
Car -1 -1 -1.565800 563.365900 169.932900 593.962100 203.065500 1.892623 1.745125 4.320199 -1.949671 1.641335 43.298898 -1.611293 6.238500 156
