Car -1 -1 3.286000 370.596300 179.565100 437.317900 206.125000 1.439121 1.522967 3.497871 -11.510945 1.833928 40.534637 3.017306 4.078900 244
Car -1 -1 -1.674200 596.672600 176.571000 660.252400 230.390600 1.536962 1.604416 3.861764 0.467187 1.705868 22.823539 -1.665038 8.076400 243
Car -1 -1 1.539200 575.171700 163.386800 595.506300 180.945700 1.496705 1.650497 4.181481 -1.359878 0.724186 63.097222 1.503396 1.190000 239
Car -1 -1 -1.777600 613.235000 178.792000 715.045700 250.293400 1.487167 1.622659 4.041842 1.158372 1.664878 17.512315 -1.718373 10.981500 238
Car -1 -1 1.739800 342.585300 184.364800 410.555100 236.710900 1.537004 1.574888 3.567008 -7.666864 1.948495 23.909238 1.423582 6.803500 234
Car -1 -1 1.763400 294.675800 188.889000 387.503700 256.809500 1.439951 1.540872 3.660513 -6.768225 1.920415 18.354664 1.405960 10.739700 225
Car -1 -1 1.906600 162.997400 179.286000 350.463900 297.355100 1.737545 1.705744 4.349484 -6.333443 1.910038 13.275335 1.460614 10.613400 210
Car -1 -1 -2.137000 788.096700 187.393900 1241.000000 374.000000 1.463023 1.575112 3.789758 2.564089 1.593656 5.148670 -1.665398 11.643900 178
Car -1 -1 -1.822400 659.967700 173.458300 808.876900 284.682400 1.592877 1.606364 3.517718 1.795615 1.605267 12.205237 -1.677820 14.362900 175
Car -1 -1 2.150400 0.000000 202.206400 246.962300 374.000000 1.528483 1.627211 3.994555 -5.881983 1.929605 8.008409 1.509628 11.846900 170
Car -1 -1 -1.547300 517.337600 168.366500 549.772900 202.823500 1.885493 1.781915 4.525300 -4.678546 1.678296 42.176029 -1.665391 10.150400 156
