Car -1 -1 0.753200 264.679600 177.411300 311.939700 194.664400 1.471300 1.600100 3.716500 -28.378900 1.882100 63.613700 0.333600 -0.117000 1144
Car -1 -1 -1.493700 802.164000 136.851600 865.809500 199.705800 1.970900 1.770800 4.358100 7.783900 0.842400 24.974600 -1.191500 0.602100 1143
Car -1 -1 -1.069000 1013.870900 159.541600 1117.345700 208.374300 1.647200 1.614900 3.594800 16.333000 1.198500 25.914300 -0.506700 0.805800 1142
Car -1 -1 -0.722200 297.780600 177.215100 347.261900 194.681800 1.509200 1.591600 4.175400 -26.135200 1.920000 65.673200 -1.101000 -0.059600 1141
Car -1 -1 -1.936600 885.074400 155.646800 925.452800 175.754600 1.460208 1.585183 3.683367 22.094917 0.210691 54.183397 -1.562758 -0.118000 1140
Car -1 -1 1.288500 853.354000 170.136900 894.804100 193.004700 1.533200 1.653100 4.043700 18.375300 1.351400 50.445800 1.637900 0.795500 1139
Car -1 -1 1.164300 949.145300 144.876200 999.688700 167.486100 1.490200 1.636100 4.200700 25.512200 -0.392900 50.716800 1.630300 2.400800 1138
Car -1 -1 2.165700 183.189400 178.959300 276.682900 216.783200 1.444292 1.595017 3.768300 -15.781685 1.713105 30.100026 1.682075 7.180200 1137
Car -1 -1 2.205600 64.760700 170.785200 199.166500 229.158000 1.823575 1.715683 4.132133 -16.236591 1.764993 24.720434 1.625933 9.486800 1136
Car -1 -1 2.336400 0.000000 181.073700 78.345300 241.873600 1.500608 1.551050 3.371775 -16.854986 1.744498 19.969546 1.633233 7.830900 1135
