Car -1 -1 -3.652100 961.961800 197.446900 1093.761400 239.852200 1.474800 1.619200 3.965800 15.453100 2.420000 26.886800 -3.130500 0.638100 1557
Car -1 -1 2.734800 819.971300 175.492900 970.964900 223.604500 1.506100 1.661100 4.282800 9.209000 1.596100 23.588300 3.107100 1.413500 1556
Car -1 -1 -0.633200 939.448100 174.179200 1051.839900 209.234100 1.474000 1.642500 4.170600 16.774700 1.534300 31.533200 -0.144300 1.427600 1555
Car -1 -1 -0.378900 864.834800 171.447800 967.279500 204.870600 1.471200 1.614300 3.943300 13.730500 1.409600 32.602900 0.019700 -0.094800 1554
Car -1 -1 -0.699800 1165.312200 166.374600 1241.000000 205.642700 1.640800 1.647200 3.910900 26.398500 1.370400 30.980800 0.005900 -0.779300 1553
Car -1 -1 1.352800 754.652500 140.659300 791.963900 164.900500 1.479300 1.566000 3.919300 10.619500 -0.542400 47.277900 1.573700 -0.557000 1552
Car -1 -1 -1.846000 851.886000 153.573800 893.162600 176.317400 1.472533 1.614100 3.876675 17.614673 0.224276 48.650230 -1.507175 0.196100 1551
Car -1 -1 1.374200 797.443900 141.680300 838.123900 167.841900 1.523100 1.659400 4.077700 12.841800 -0.326200 44.908900 1.652700 1.519700 1550
Car -1 -1 0.921800 1100.211300 172.864000 1190.658000 204.641300 1.475066 1.598806 3.811640 26.113027 1.472298 35.417455 1.428586 -0.199500 1549
Car -1 -1 1.935400 304.922100 174.696500 342.629300 195.599400 1.500194 1.528029 3.386646 -21.340082 1.638420 53.821903 1.566380 1.292000 1547
Car -1 -1 1.960100 280.136500 174.397000 324.559200 197.707100 1.530563 1.554729 3.681683 -21.190448 1.642135 49.740768 1.548069 5.851900 1546
Car -1 -1 -2.159200 865.450700 193.883400 1241.000000 374.000000 1.465514 1.616900 4.119034 3.390354 1.676248 5.282541 -1.587337 9.587900 1545
