Car -1 -1 -0.378900 864.834800 171.447800 967.279500 204.870600 1.471200 1.614300 3.943300 13.730500 1.409600 32.602900 0.019700 -0.094800 1554
Car -1 -1 -0.699800 1165.312200 166.374600 1241.000000 205.642700 1.640800 1.647200 3.910900 26.398500 1.370400 30.980800 0.005900 -0.779300 1553
Car -1 -1 1.352800 754.652500 140.659300 791.963900 164.900500 1.479300 1.566000 3.919300 10.619500 -0.542400 47.277900 1.573700 -0.557000 1552
Car -1 -1 -1.935800 839.784200 150.260700 883.866900 172.694200 1.491600 1.604200 3.855500 17.346900 -0.011100 49.950600 -1.601500 0.694100 1551
Car -1 -1 1.374200 797.443900 141.680300 838.123900 167.841900 1.523100 1.659400 4.077700 12.841800 -0.326200 44.908900 1.652700 1.519700 1550
Car -1 -1 -2.608900 1074.500600 170.909600 1175.039600 201.754700 1.470400 1.604567 3.855417 25.885642 1.377800 36.472860 -1.959899 -0.491700 1549
Car -1 -1 -0.468900 917.429800 174.279200 1019.566900 206.609300 1.477200 1.623800 3.990900 16.734400 1.546100 33.869600 -0.010000 -0.242500 1548
Car -1 -1 1.958900 309.107300 174.218300 347.393000 194.548700 1.495775 1.542267 3.447108 -21.454717 1.602006 54.989055 1.582442 2.336400 1547
Car -1 -1 1.924500 286.207000 174.426000 328.662700 196.738600 1.511900 1.570883 3.726117 -21.284209 1.620112 50.818437 1.529992 4.129900 1546
Car -1 -1 -2.175400 876.625100 192.577200 1241.000000 374.000000 1.470717 1.609617 4.071758 3.409601 1.667002 5.083975 -1.585300 8.479100 1545
