Car -1 -1 1.733200 518.979600 179.901800 551.035000 203.207400 1.506441 1.586339 3.898914 -5.161472 2.020372 49.585458 1.623287 3.972400 451
Car -1 -1 1.710100 497.220200 181.720800 533.014500 208.849200 1.457720 1.554435 3.734240 -5.460634 2.003331 41.815909 1.578100 4.695400 444
Car -1 -1 1.499200 480.182300 169.870200 502.723600 188.297500 1.470378 1.591281 3.850115 -9.713527 1.216252 59.182562 1.389456 0.921700 439
Car -1 -1 1.722500 475.869800 181.663000 519.114300 213.951700 1.475509 1.586951 3.703061 -5.596576 1.942624 36.025273 1.572908 5.544100 436
Car -1 -1 1.749900 453.418900 182.733000 505.013500 219.621500 1.476019 1.582654 3.687142 -5.630684 1.898149 31.187533 1.576222 7.608200 424
Car -1 -1 -2.215500 0.000000 226.328400 65.934000 374.000000 1.512655 1.620957 3.990052 -6.982067 1.984690 4.555745 -2.507429 0.676100 414
Car -1 -1 -1.155900 219.020000 180.553800 394.968200 284.480700 1.701232 1.674648 4.139415 -5.892661 1.909056 14.556128 -1.546806 11.304100 405
Car -1 -1 1.815200 410.300900 182.685300 484.759200 231.498600 1.544388 1.653473 3.994563 -5.695314 1.903502 25.654161 1.595339 11.313400 397
Car -1 -1 -3.748200 984.323200 138.108100 1241.000000 245.473900 1.631808 1.711792 4.403350 8.648173 1.110206 11.911350 -3.131238 11.128800 392
Car -1 -1 2.248300 1188.478500 133.938900 1241.000000 317.278800 1.608295 1.658183 4.394379 8.498732 1.218800 5.900886 3.129088 1.546700 354
Car -1 -1 -1.842600 755.163900 184.404800 971.387300 329.742000 1.491332 1.620401 3.991938 3.089578 1.656047 9.851640 -1.538667 13.817000 320
