Car -1 -1 1.690900 496.380200 178.937900 527.929500 203.287400 1.477809 1.594229 3.878737 -6.271805 1.904916 46.384215 1.536671 2.356600 322
Car -1 -1 -1.596400 634.441000 175.565900 652.331200 191.572400 1.459777 1.595133 3.716083 3.103696 1.698783 67.548599 -1.537378 1.201200 320
Car -1 -1 -1.528800 561.711400 180.000700 581.919000 197.520800 1.478233 1.648197 4.115039 -3.397009 2.145186 64.278474 -1.568921 2.962100 319
Car -1 -1 1.754500 461.094500 183.562200 507.135100 216.291200 1.492870 1.595384 3.833466 -6.186095 2.058787 35.464972 1.576346 3.809800 312
Car -1 -1 1.695200 525.061600 180.361900 549.576900 199.016700 1.486791 1.605151 4.022172 -6.131205 2.189578 61.216422 1.609046 2.144900 309
Car -1 -1 0.814500 1176.463500 139.276800 1241.000000 194.197000 1.899062 1.776060 4.510294 24.684480 0.785622 27.987685 1.533179 2.390100 304
Car -1 -1 1.761700 425.496800 181.506000 488.214400 224.709000 1.563791 1.667738 4.207479 -6.087776 1.957445 28.889135 1.547377 9.755000 289
Car -1 -1 1.876000 342.200300 190.522000 440.468500 251.573400 1.482901 1.597320 3.826136 -6.134946 2.052521 20.515542 1.590246 11.557700 266
Car -1 -1 1.991900 232.451600 195.772500 381.743300 282.901900 1.485125 1.539865 3.515229 -6.158520 2.015188 14.929553 1.597694 13.977200 265
Car -1 -1 -1.759200 684.215100 177.642600 777.992200 246.620500 1.555191 1.625840 3.963388 2.931083 1.706360 18.563100 -1.601171 12.321100 264
