Car -1 -1 1.650300 520.085000 180.058500 547.325800 203.445700 1.521257 1.601151 3.843257 -5.352469 2.068089 50.643080 1.612329 4.598500 451
Car -1 -1 1.713300 499.629800 181.492500 534.495900 207.966800 1.460365 1.550082 3.765173 -5.517959 2.005771 43.021095 1.575650 2.784100 444
Car -1 -1 1.656600 482.111100 169.544700 506.291400 187.952400 1.491054 1.651603 4.067606 -9.756536 1.216461 60.550465 1.476760 3.487000 439
Car -1 -1 1.728800 478.561000 182.250200 520.809800 213.175000 1.463713 1.577487 3.725650 -5.671511 1.953101 37.235021 1.580526 5.781400 436
Car -1 -1 1.756800 456.355100 181.097400 507.792800 218.741700 1.515045 1.595201 3.809537 -5.706148 1.915278 32.375073 1.584186 9.280700 424
Car -1 -1 -2.215500 0.000000 226.328400 65.934000 374.000000 1.512655 1.620957 3.990052 -6.911753 1.990480 5.594259 -2.507429 0.676100 414
Car -1 -1 -1.198200 256.797700 183.862000 405.529800 273.320100 1.628959 1.643984 4.063876 -5.905024 1.893133 15.711677 -1.554905 11.242700 405
Car -1 -1 1.809900 419.039100 181.065000 489.031300 227.990600 1.546147 1.651327 3.956317 -5.717890 1.889910 26.798808 1.594431 10.859800 397
Car -1 -1 -3.737300 930.566500 143.297500 1241.000000 238.545700 1.623084 1.750450 4.792084 8.603154 1.127370 13.125029 3.133277 12.358900 392
Car -1 -1 2.248300 1188.478500 133.938900 1241.000000 317.278800 1.608295 1.658183 4.394379 8.468439 1.220274 7.065925 3.129088 1.546700 354
Car -1 -1 -1.804000 741.966100 180.791300 914.537400 300.467300 1.476659 1.601310 3.861748 3.055795 1.600104 11.041146 -1.539585 12.103700 320
