Car -1 -1 -1.364000 437.653600 182.003700 492.065200 223.070500 1.678326 1.639643 3.902503 -6.568845 2.148329 32.781645 -1.557698 6.545700 405
Car -1 -1 1.786700 451.351700 171.854800 484.929900 192.142000 1.480012 1.621391 4.095381 -10.749946 1.373795 54.788450 1.585930 2.325900 404
Car -1 -1 -1.861200 954.341000 156.433900 1006.725900 183.642000 1.505610 1.616810 3.958620 21.372493 0.579333 41.011746 -1.985906 2.968100 401
Car -1 -1 1.768800 480.208100 184.825100 519.173300 211.281600 1.486442 1.600898 3.912019 -6.726136 2.193553 44.159238 1.606227 4.756000 397
Car -1 -1 2.854200 739.925700 167.889700 849.830900 207.382500 1.622387 1.664250 4.171628 7.767912 1.379103 30.808165 3.113790 6.477400 392
Car -1 -1 1.851500 327.172100 188.854000 464.564200 283.900200 1.482811 1.558573 3.594700 -3.978579 1.842457 13.663523 1.567427 11.799100 365
Car -1 -1 2.768000 800.122200 167.019100 959.365900 221.230300 1.558566 1.661859 4.209963 7.905860 1.365692 21.461447 3.129327 9.125200 357
Car -1 -1 2.811700 773.485200 158.858000 923.154400 213.318400 1.780731 1.726288 4.455820 7.949260 1.298858 24.633092 3.123853 8.255000 354
Car -1 -1 2.315100 0.000000 204.483100 132.343500 374.000000 1.444606 1.563358 3.569964 -6.637007 1.841591 7.043942 1.562662 4.054800 337
Car -1 -1 -1.667400 649.674700 178.280000 701.519600 221.112200 1.518522 1.645818 3.912811 2.461585 1.749086 28.434710 -1.577874 11.008500 320
Car -1 -1 2.036800 0.000000 197.318700 372.581200 374.000000 1.456200 1.656108 4.316335 -3.689398 1.757306 6.524766 1.536128 13.128000 319
