Car -1 -1 -3.354600 772.508400 161.496300 862.598000 193.164300 1.465142 1.594764 3.825655 9.689431 0.949055 34.149056 -3.021346 2.188200 456
Car -1 -1 1.681100 515.290000 181.388800 547.368100 206.292500 1.474488 1.603961 3.912718 -5.125545 2.046152 45.803195 1.453574 3.671100 451
Car -1 -1 1.700300 488.371300 180.309200 527.675400 211.005100 1.515371 1.603202 3.839760 -5.392734 1.949847 38.414563 1.561749 7.071100 444
Car -1 -1 1.630400 474.447000 170.204700 499.549100 190.320000 1.497236 1.667214 4.197391 -9.481475 1.314025 55.871758 1.464782 0.644500 439
Car -1 -1 1.757500 461.095100 182.912100 512.017800 219.045300 1.475345 1.584662 3.814016 -5.504587 1.952724 32.459951 1.585208 7.991700 436
Car -1 -1 1.791700 431.286600 184.387600 493.864900 227.785000 1.473777 1.573500 3.725756 -5.553406 1.932984 27.539201 1.591908 8.250800 424
Car -1 -1 -1.066800 81.417100 190.582600 339.862600 327.069600 1.608964 1.658291 4.046546 -5.804617 1.917895 11.073355 -1.546889 11.266400 405
Car -1 -1 1.860200 377.777000 185.416400 468.647400 242.473000 1.522990 1.647529 3.974843 -5.638694 1.910023 22.197663 1.609494 11.288600 397
Car -1 -1 2.294000 1105.539000 138.517400 1241.000000 289.348000 1.595401 1.610501 3.919731 8.258565 1.186021 8.430218 3.089618 5.479300 392
Car -1 -1 -1.986500 818.959700 182.879200 1241.000000 374.000000 1.517274 1.625926 3.971840 3.108098 1.634219 6.301360 -1.532491 13.757200 320
