Car -1 -1 1.232400 474.978600 167.150400 506.366400 184.390000 1.587200 1.662567 4.142651 -10.973924 1.055152 67.301943 1.185818 0.272100 468
Car -1 -1 -1.790000 724.961000 168.629000 769.017000 196.862600 1.460108 1.582844 3.722547 7.372249 1.236506 39.237108 -1.593850 2.477000 467
Car -1 -1 -0.621700 1105.432700 137.269800 1241.000000 174.310100 1.509856 1.660995 4.401713 23.146697 0.055984 29.613065 0.040639 3.562700 465
Car -1 -1 -0.600400 1019.430500 147.163400 1116.983000 175.642400 1.468811 1.641064 4.126498 24.043871 0.176831 38.180726 -0.025912 4.474000 462
Car -1 -1 -0.214900 789.142500 159.548100 899.962300 195.141100 1.470450 1.634135 4.080656 9.748027 0.901718 30.454029 0.069436 2.176000 456
Car -1 -1 1.761400 502.516800 180.312100 542.395200 207.902800 1.494422 1.597125 3.917046 -5.083251 1.959708 42.411545 1.615792 6.153400 451
Car -1 -1 1.749700 472.973700 182.136000 520.602800 214.749400 1.463368 1.614820 3.900658 -5.434435 1.926767 34.899616 1.590337 8.993200 444
Car -1 -1 1.760400 462.141300 170.203600 492.561700 190.967100 1.458523 1.568429 3.616871 -9.484694 1.283822 51.947443 1.553670 4.674200 439
Car -1 -1 1.779700 441.673700 184.235300 499.343300 225.483200 1.492008 1.560675 3.621967 -5.525020 1.947133 28.877291 1.583649 7.430400 436
Car -1 -1 1.821400 400.911200 186.130100 476.590600 234.951000 1.427600 1.579441 3.722705 -5.602973 1.895291 24.024607 1.591633 10.690900 424
Car -1 -1 -0.887200 0.000000 194.250400 235.877500 374.000000 1.656961 1.640688 3.948495 -5.809400 1.932209 7.516672 -1.548579 9.367900 405
Car -1 -1 1.899800 325.941800 190.171600 445.901800 257.223600 1.453856 1.638409 4.146710 -5.654352 1.912589 18.685974 1.610951 11.817200 397
Car -1 -1 -2.317000 964.346100 187.684700 1241.000000 374.000000 1.505264 1.583127 3.856530 3.050218 1.590709 2.876505 -1.520549 8.598700 320
