Car -1 -1 1.249000 830.152100 160.185800 870.537600 180.442800 1.487066 1.686409 4.209419 18.294229 0.572197 55.326414 1.595028 1.484300 293
Car -1 -1 1.725300 477.213400 181.100900 516.822600 211.016100 1.542458 1.624844 3.963852 -6.229237 2.038713 40.506745 1.570682 2.540200 289
Car -1 -1 -0.927200 16.832400 203.844900 110.143100 240.988200 1.496507 1.594028 3.715124 -25.905941 3.060638 34.267846 -1.571691 6.116800 288
Car -1 -1 -1.118500 176.103700 196.965500 250.085200 234.186500 1.486090 1.598875 3.668334 -18.354941 2.713872 33.495709 -1.606317 3.194500 287
Car -1 -1 -1.039600 72.668700 203.396100 153.710200 238.725900 1.431680 1.566106 3.610245 -23.452509 2.973449 34.176327 -1.619153 7.881700 286
Car -1 -1 -1.026600 116.654100 200.368200 197.159000 237.387100 1.499620 1.581731 3.521537 -20.812542 2.806732 33.257653 -1.587634 8.509900 281
Car -1 -1 1.772600 444.048400 186.341800 496.804500 223.949400 1.490418 1.597655 3.926479 -6.210317 2.134472 32.224248 1.580531 7.873400 266
Car -1 -1 1.822900 405.759800 189.742400 472.835800 234.747600 1.484258 1.563932 3.600619 -6.267928 2.116855 26.610665 1.593761 12.857100 265
Car -1 -1 -1.690400 654.853500 174.631000 704.752400 214.516500 1.566982 1.626828 3.907406 2.830252 1.641835 30.305955 -1.606478 9.497800 264
Car -1 -1 2.478700 0.000000 227.563700 105.024100 374.000000 1.497659 1.630362 4.139817 -6.031285 2.023775 4.037246 1.601927 4.454100 262
