Car -1 -1 1.295500 825.150100 160.989000 862.974000 180.561500 1.478891 1.687559 4.230396 18.261844 0.584605 56.605401 1.637126 1.888600 293
Car -1 -1 1.724300 482.686700 182.667400 522.710900 210.800200 1.526209 1.644332 4.037239 -6.083328 2.070198 41.598424 1.571137 4.698300 289
Car -1 -1 -0.929900 34.086100 204.003900 123.266400 239.555000 1.477748 1.578541 3.650118 -25.903624 3.069520 35.242218 -1.567954 6.695500 288
Car -1 -1 -1.108500 189.554200 199.516100 263.525300 234.594500 1.444005 1.605468 3.763044 -18.257237 2.757991 34.502932 -1.583854 4.252300 287
Car -1 -1 -1.006100 87.701600 203.012800 171.595400 238.124200 1.438929 1.586987 3.628440 -23.419048 3.017037 35.217440 -1.583319 6.045200 286
Car -1 -1 -1.051000 132.446700 198.623800 212.739300 235.840100 1.525380 1.585827 3.627417 -20.829247 2.802852 34.381031 -1.590117 7.749500 281
Car -1 -1 1.753800 448.101400 186.738300 500.851300 222.173600 1.462941 1.625736 4.120123 -6.227948 2.133950 33.360904 1.577507 8.131300 266
Car -1 -1 1.819200 412.794000 187.416900 477.651200 231.926300 1.516552 1.574015 3.576541 -6.268409 2.109201 27.623038 1.596610 10.391400 265
Car -1 -1 -1.722400 651.717300 174.889500 703.205400 213.947300 1.579413 1.642245 3.864376 2.827476 1.669008 31.289480 -1.621006 9.608300 264
Car -1 -1 2.478700 0.000000 227.563700 105.024100 374.000000 1.497659 1.630362 4.139817 -6.036492 2.031272 5.130553 1.601927 4.454100 262
