Car -1 -1 1.638200 714.764100 168.469400 741.532200 191.567500 1.464591 1.544274 3.627057 7.069396 1.145008 46.817538 2.271401 0.541600 431
Car -1 -1 1.759200 476.170400 182.687800 519.355200 212.537400 1.486308 1.613195 3.897093 -6.107677 2.050500 39.349796 1.596074 4.234700 424
Car -1 -1 2.072900 94.084100 202.046100 321.634200 322.584500 1.461146 1.543244 3.620782 -6.168154 1.985999 11.481110 1.575752 14.472400 414
Car -1 -1 1.706500 520.400900 181.790100 546.439300 201.534500 1.479512 1.570630 3.818217 -6.129063 2.206892 57.551214 1.590177 0.860000 412
Car -1 -1 -1.281500 365.886400 182.889000 455.969400 240.967100 1.605284 1.641575 4.049581 -6.148678 1.963525 22.603449 -1.549243 9.688700 405
Car -1 -1 1.765000 415.838900 176.090000 455.787400 202.893000 1.478857 1.570870 3.797955 -10.128577 1.692749 42.245403 1.522470 0.131700 404
Car -1 -1 1.762600 451.721500 183.345100 503.805400 219.291500 1.500971 1.626121 3.978216 -6.129607 2.042021 33.748756 1.575300 8.981900 397
Car -1 -1 2.719200 816.656900 156.319200 1009.778900 220.683800 1.719814 1.732918 4.540307 8.369019 1.285585 20.257893 3.109475 10.639100 392
Car -1 -1 2.523300 0.000000 219.257100 145.768600 374.000000 1.446134 1.515432 3.493569 -3.762605 1.748282 1.195742 1.586411 3.902900 365
Car -1 -1 2.478200 989.458800 155.149200 1241.000000 270.829600 1.592629 1.670606 4.306901 8.205989 1.357203 10.911004 3.136282 10.596900 357
Car -1 -1 2.598100 898.609600 145.494700 1189.702200 243.882800 1.802090 1.743404 4.591897 8.279777 1.299861 14.118033 3.136845 10.142500 354
Car -1 -1 -1.736600 684.686000 182.331200 777.161200 248.324900 1.451376 1.616934 3.985826 2.856754 1.697296 18.038928 -1.572332 13.470200 320
