Car -1 -1 -1.253100 343.656400 168.011300 387.009600 189.849100 1.472754 1.648374 4.217531 -17.078832 1.143820 50.341185 -1.617326 2.707700 342
Car -1 -1 -0.080200 957.340600 152.585100 1097.597000 197.780800 1.481477 1.646883 4.128278 14.490584 0.816784 25.212954 0.409068 3.096600 339
Car -1 -1 1.758900 455.929300 182.276300 503.569300 214.727400 1.464305 1.613592 3.935451 -6.365487 1.922558 35.377458 1.583916 4.517600 337
Car -1 -1 -1.558700 638.020000 174.708400 659.811600 196.483000 1.573419 1.633292 3.937604 3.104503 1.721550 56.900353 -1.516936 2.065400 320
Car -1 -1 1.621300 538.530300 178.942800 568.928900 204.552300 1.509241 1.679929 4.281680 -3.490217 1.864579 45.383162 1.556460 7.965000 319
Car -1 -1 1.803700 390.977100 179.099300 462.483500 229.237700 1.560986 1.581438 3.827003 -6.199033 1.797665 24.649736 1.567670 6.909000 312
Car -1 -1 1.683100 508.332600 178.816700 537.990900 202.396400 1.549364 1.638947 3.959806 -6.031822 1.974916 50.248571 1.552014 7.693500 309
Car -1 -1 1.885400 304.958800 185.270000 421.240500 255.302000 1.538890 1.624003 3.944174 -6.028283 1.818549 17.995915 1.560404 12.560800 289
Car -1 -1 2.148100 0.000000 203.399500 291.307200 350.606900 1.437850 1.598595 3.962386 -6.044319 1.921838 9.747950 1.592011 14.015000 266
Car -1 -1 2.470700 0.000000 218.401500 80.873900 374.000000 1.468766 1.548823 3.615397 -6.049106 1.894815 4.169465 1.604802 4.874200 265
Car -1 -1 -1.974100 772.335900 181.886200 1109.996600 374.000000 1.529647 1.632818 3.944835 3.004408 1.633055 7.655200 -1.600406 14.158200 264
