Car -1 -1 1.874700 493.754100 182.972300 538.082700 208.789800 1.493940 1.626811 4.086900 -5.954358 2.171958 45.784757 1.761511 2.596000 511
Car -1 -1 1.761900 486.601700 172.677900 510.466000 188.652500 1.471309 1.548264 3.860962 -10.555069 1.447432 68.335217 1.602383 -0.618300 509
Car -1 -1 -0.435700 813.451000 161.143700 945.387900 206.221100 1.531797 1.629205 4.026846 8.972966 1.060449 24.262058 -0.067649 0.916800 507
Car -1 -1 -0.713000 1191.957500 134.668200 1241.000000 177.237200 1.446562 1.632755 4.161500 23.112196 0.084771 24.226328 0.005049 6.503400 503
Car -1 -1 1.735200 471.019000 185.295700 513.918400 217.720300 1.487944 1.574044 3.663348 -6.002847 2.161915 36.861167 1.579296 6.282200 494
Car -1 -1 2.690500 851.385300 148.017800 1018.716400 206.075900 1.669141 1.669839 4.220558 9.622756 0.952129 21.769590 3.104492 6.328400 488
Car -1 -1 -0.757300 1166.840200 138.900800 1241.000000 181.576400 1.497789 1.662572 4.242790 23.384963 0.285694 26.833620 -0.033937 6.959100 487
Car -1 -1 -1.677700 658.976500 174.722300 708.162400 216.457000 1.635082 1.649406 3.916717 3.027168 1.749233 30.758757 -1.576945 7.595500 484
Car -1 -1 -1.742300 667.965700 174.883200 733.581300 223.923400 1.535723 1.617226 3.917906 3.022084 1.640156 25.142859 -1.617654 8.274500 470
Car -1 -1 -3.561700 861.852000 151.139400 1048.675400 211.729100 1.544932 1.651178 4.176731 9.066092 0.989239 19.238677 -3.128690 9.837400 456
Car -1 -1 1.803600 439.544900 186.925500 497.997800 224.908600 1.446873 1.596862 3.949435 -5.985295 2.091903 30.801433 1.610704 10.784900 451
Car -1 -1 1.830700 378.461700 190.456600 461.027800 242.083000 1.440274 1.597717 3.955950 -6.086038 2.052909 23.293044 1.572123 11.438100 444
Car -1 -1 1.683500 404.168500 172.656500 442.350500 200.821000 1.508776 1.630009 4.044008 -10.579458 1.511078 40.643389 1.419138 0.811200 439
Car -1 -1 1.890800 293.423000 196.165500 414.757200 268.119100 1.417692 1.576603 3.829811 -6.040974 2.032671 17.321100 1.558796 10.690400 436
Car -1 -1 2.016500 147.122400 202.096400 352.417700 312.553900 1.461531 1.601799 3.889312 -6.006216 2.031470 12.459999 1.566493 13.682600 424
Car -1 -1 2.251300 0.000000 218.172200 208.170200 374.000000 1.463455 1.591054 3.807462 -5.888410 1.982482 7.152386 1.564850 9.000600 397
