Car -1 -1 -0.492100 906.408400 155.861300 978.218700 179.532700 1.480089 1.589620 3.720889 20.842324 0.417671 45.513675 -0.548549 2.969300 402
Car -1 -1 -0.504600 938.480700 153.386700 1018.572100 178.929400 1.475574 1.588039 3.773182 21.453296 0.363683 42.843009 0.475079 3.637600 401
Car -1 -1 1.746400 482.706500 180.666100 518.744600 206.373600 1.537157 1.622737 3.904226 -6.957846 2.069297 46.381085 1.601954 5.211200 397
Car -1 -1 -2.113700 306.916800 179.926800 375.182200 210.267900 1.445253 1.585230 3.695364 -13.766959 1.774063 35.816216 -2.478862 2.426000 396
Car -1 -1 2.886800 729.075000 165.422500 825.168600 200.444300 1.587537 1.643276 4.061824 7.520211 1.239094 33.043727 3.129018 5.907300 392
Car -1 -1 -0.584100 962.017200 150.148800 1054.874100 179.365500 1.543920 1.660214 4.137817 21.717715 0.354502 39.715212 -0.350764 4.146000 380
Car -1 -1 1.807600 382.066400 188.779700 485.760500 262.956600 1.471976 1.568348 3.545967 -4.043547 1.875405 16.729445 1.571106 10.425700 365
Car -1 -1 2.834200 778.676100 164.523600 927.873800 213.509500 1.564463 1.676078 4.320651 7.889125 1.298997 23.732693 -3.136522 7.072800 357
Car -1 -1 -3.410300 756.071600 156.007500 891.125800 205.780000 1.789380 1.720625 4.466413 7.864578 1.162218 26.921695 3.133935 5.973300 354
Car -1 -1 2.206400 0.000000 197.815400 236.068900 360.428100 1.521350 1.618570 3.900197 -6.754233 1.952938 9.381146 1.581198 10.366100 337
Car -1 -1 -1.655900 644.726000 177.280000 691.198000 214.893200 1.496090 1.632230 3.900265 2.346235 1.673827 30.791478 -1.573887 9.714200 320
Car -1 -1 1.927500 155.156100 195.977700 427.972000 357.555400 1.463748 1.671213 4.435104 -3.759268 1.816542 9.198066 1.545465 14.727800 319
