Car -1 -1 1.933100 280.887200 195.773000 401.860500 272.571100 1.525377 1.571671 3.510426 -6.318343 2.143773 17.250606 1.559569 7.260200 414
Car -1 -1 -0.198800 739.204000 171.405900 799.746600 192.113000 1.481578 1.608526 3.949878 11.783030 1.390357 51.498291 -0.550587 0.827500 407
Car -1 -1 -1.321300 413.451200 186.825400 481.466700 231.014500 1.585176 1.655769 4.093220 -6.329945 2.120020 28.357206 -1.544799 7.691600 405
Car -1 -1 1.783200 442.077100 170.457100 478.233900 192.736900 1.480985 1.619723 4.070046 -10.430753 1.358508 50.113206 1.575085 3.545800 404
Car -1 -1 1.761500 473.482700 185.718600 515.354700 215.343600 1.480544 1.595272 3.792381 -6.279153 2.241352 39.564490 1.603824 6.121200 397
Car -1 -1 2.776500 769.030400 166.119800 901.920600 213.338500 1.620603 1.674624 4.239275 8.064616 1.416134 26.098926 3.081150 8.705200 392
Car -1 -1 2.018600 95.471600 203.699800 391.499300 374.000000 1.428579 1.533123 3.525764 -3.833673 1.863619 8.028238 1.580596 12.845500 365
Car -1 -1 -3.604300 850.532400 167.256100 1081.972600 239.675100 1.577228 1.721867 4.531356 8.140805 1.457015 16.851012 3.137590 10.246500 357
Car -1 -1 -3.529400 817.124800 154.284000 1013.425200 222.145600 1.811328 1.768424 4.643089 8.251615 1.364491 20.022819 3.135729 7.524800 354
Car -1 -1 -1.690900 662.949400 182.373000 725.985600 231.894800 1.457833 1.605623 3.857140 2.652663 1.810799 23.843469 -1.577598 11.803800 320
Car -1 -1 2.455400 0.000000 204.782500 195.950300 374.000000 1.483050 1.627941 4.269181 -3.550785 1.686855 1.122876 1.525904 7.221600 319
