Car -1 -1 2.764700 799.948100 153.445400 941.301100 202.726400 1.653094 1.663683 4.329683 8.985323 1.004840 25.198916 3.097891 3.948200 507
Car -1 -1 1.318500 257.965200 178.004100 327.764700 223.161500 1.484877 1.515743 3.389814 -11.882205 1.548230 25.346350 0.917129 3.167000 504
Car -1 -1 -0.713000 1191.957500 134.668200 1241.000000 177.237200 1.446562 1.632755 4.161500 23.166632 0.150182 25.352834 0.005049 6.503400 503
Car -1 -1 1.748600 475.483300 185.858300 517.513400 216.167300 1.451108 1.558697 3.654765 -5.968815 2.175343 38.012636 1.588127 3.156600 494
Car -1 -1 2.728700 837.776000 149.267400 988.347800 203.474000 1.656426 1.651295 4.096062 9.549639 0.926853 22.931259 3.097845 4.421900 488
Car -1 -1 -0.720200 1146.849400 140.135600 1241.000000 178.565700 1.442110 1.644728 4.174977 23.386264 0.220011 27.943586 -0.024613 8.012600 487
Car -1 -1 -1.677300 659.434800 175.814200 705.752500 214.230100 1.599616 1.627733 3.878720 3.088351 1.751092 31.803815 -1.572810 7.868000 484
Car -1 -1 -1.723900 667.274000 176.763700 729.041000 220.645300 1.488513 1.623254 3.998009 3.062498 1.638419 26.264897 -1.610297 8.085900 470
Car -1 -1 2.722900 850.469000 151.863700 1027.549700 209.175700 1.545470 1.646611 4.157041 9.119891 0.986808 20.351401 -3.139192 8.888700 456
Car -1 -1 1.791200 447.257100 186.878900 503.155300 223.371600 1.458319 1.601816 4.064048 -5.933285 2.111931 32.001765 1.609578 7.680200 451
Car -1 -1 1.811200 390.566900 188.671200 466.496000 238.276100 1.458677 1.589491 3.897780 -6.063731 2.057628 24.387910 1.566498 11.727400 444
Car -1 -1 1.710100 406.967600 171.861400 445.563600 199.859300 1.510518 1.616270 3.952926 -10.628918 1.524073 41.579519 1.400432 2.602700 439
Car -1 -1 1.874200 317.483800 193.284000 423.797400 260.632300 1.431109 1.555896 3.713169 -6.017667 2.028072 18.402170 1.563643 12.299200 436
Car -1 -1 1.977400 192.692400 196.865200 369.921200 297.229200 1.477437 1.592574 3.847423 -5.999348 2.020521 13.590182 1.564054 12.219400 424
Car -1 -1 2.182000 0.000000 201.889500 251.219400 374.000000 1.504319 1.609426 3.839115 -5.888849 1.937013 8.255415 1.565739 12.233500 397
