Car -1 -1 1.761100 497.042700 183.221600 534.059300 209.805900 1.511689 1.604477 3.899055 -5.857127 2.191520 44.726292 1.680304 2.465300 511
Car -1 -1 2.841700 773.919300 162.491100 902.460100 205.036000 1.477004 1.592266 4.073328 8.004661 1.110076 25.680507 3.128749 5.965600 510
Car -1 -1 1.761900 486.601700 172.677900 510.466000 188.652500 1.471309 1.548264 3.860962 -10.600575 1.418363 67.067066 1.602383 -0.618300 509
Car -1 -1 2.660600 822.175500 151.696200 960.765600 207.930500 1.655384 1.632111 3.911092 8.964415 1.076564 23.235227 3.046006 1.571400 507
Car -1 -1 1.729400 468.104200 186.776300 511.307100 219.393200 1.473462 1.566820 3.627027 -5.985130 2.168074 35.757269 1.570179 4.897500 494
Car -1 -1 2.694400 867.557500 145.582200 1025.663100 204.714500 1.639759 1.621855 3.945929 9.528594 0.902717 20.620535 3.117599 7.238900 488
Car -1 -1 -0.757300 1166.840200 138.900800 1241.000000 181.576400 1.497789 1.662572 4.242790 23.331436 0.300488 25.742177 -0.033937 6.959100 487
Car -1 -1 -1.686000 661.756700 174.361400 713.249100 217.496000 1.639048 1.642727 3.944333 3.030397 1.724678 29.602388 -1.580502 7.917400 484
Car -1 -1 -1.743500 672.382300 175.864100 743.553200 226.529200 1.532680 1.642302 4.014316 3.072827 1.640109 24.073891 -1.615643 8.507400 470
Car -1 -1 -3.580300 879.814600 146.640100 1075.042500 210.365500 1.531995 1.635864 4.106998 9.050331 0.928590 18.108212 -3.121156 11.483600 456
Car -1 -1 1.802100 434.109900 187.232500 496.068100 227.993500 1.468088 1.606527 4.017088 -5.962426 2.107835 29.695886 1.607364 10.173300 451
Car -1 -1 1.822500 362.993300 189.674200 452.500000 247.556200 1.483923 1.625765 4.111787 -6.125772 2.070889 22.164760 1.560181 12.558200 444
Car -1 -1 1.683500 404.168500 172.656500 442.350500 200.821000 1.508776 1.630009 4.044008 -10.615533 1.521550 39.496735 1.419138 0.811200 439
Car -1 -1 1.915900 271.674600 196.242300 398.826800 274.578000 1.433519 1.559543 3.617262 -6.035895 2.026385 16.116409 1.558119 11.882800 436
Car -1 -1 2.054000 98.678700 203.020200 329.705300 325.169600 1.454404 1.592282 3.810134 -6.000524 2.014254 11.347861 1.568104 14.280100 424
Car -1 -1 2.392600 0.000000 216.506700 159.906100 374.000000 1.487463 1.624209 3.973984 -5.912989 1.986561 5.975283 1.592754 1.258200 397
