Car -1 -1 1.787200 492.574100 184.237700 531.977700 211.341100 1.500804 1.583389 3.833670 -5.843382 2.208573 43.412219 1.663345 4.918900 511
Car -1 -1 -3.481000 789.114500 161.335800 930.924900 206.349000 1.479608 1.628266 4.190971 8.294613 1.099567 24.565048 3.130361 3.535400 510
Car -1 -1 2.660600 822.175500 151.696200 960.765600 207.930500 1.655384 1.632111 3.911092 8.954756 1.083929 22.193179 3.046006 1.571400 507
Car -1 -1 1.755000 462.252300 186.689300 509.661100 220.545400 1.468539 1.580474 3.681613 -5.966987 2.155614 34.640896 1.579591 5.228200 494
Car -1 -1 -3.535500 884.055400 142.964900 1074.060000 210.194800 1.686940 1.655751 4.121124 9.670623 0.937537 19.431275 -3.106449 6.681500 488
Car -1 -1 -1.693300 663.518500 174.387100 718.739200 220.141800 1.652986 1.657729 3.943880 3.034854 1.727706 28.369955 -1.583529 5.980000 484
Car -1 -1 -1.744700 675.910000 174.744200 750.603400 227.806000 1.526945 1.645638 4.030189 3.093513 1.606242 22.916967 -1.611475 10.898700 470
Car -1 -1 -3.663100 903.140800 143.683800 1103.854000 212.440400 1.533482 1.618396 3.952676 9.068942 0.896780 16.960512 3.131348 11.085600 456
Car -1 -1 1.816300 425.498700 188.108400 491.661400 230.802900 1.475388 1.613679 4.050531 -5.963428 2.122150 28.548239 1.609673 12.286000 451
Car -1 -1 1.839100 349.056400 190.561600 444.502300 251.289400 1.485145 1.615898 4.116060 -6.115531 2.059871 20.957065 1.557412 11.695000 444
Car -1 -1 1.935600 244.461800 198.603600 386.448100 283.942800 1.438637 1.563163 3.565865 -6.028571 2.037220 15.010713 1.556253 12.578700 436
Car -1 -1 2.091500 36.623000 207.358600 301.956800 347.014700 1.456503 1.584011 3.692254 -5.988068 2.027381 10.224155 1.565073 13.906500 424
Car -1 -1 2.466000 0.000000 229.669900 91.302800 374.000000 1.480131 1.570064 3.783083 -5.862071 2.009711 4.982440 1.603598 5.073900 397
