Car -1 -1 1.721300 493.888000 179.743100 528.589500 205.484900 1.503997 1.611174 3.819404 -6.245637 1.914792 45.587550 1.567186 2.515400 322
Car -1 -1 -1.600800 636.005800 175.512800 654.323600 191.678400 1.444258 1.581745 3.630444 3.200176 1.667058 66.411172 -1.546860 4.335500 320
Car -1 -1 1.623200 561.119400 177.977300 582.677000 196.110200 1.484587 1.651850 4.069777 -3.315058 1.974387 62.387288 1.571390 3.282600 319
Car -1 -1 1.777300 454.908200 183.545000 505.285000 217.477200 1.482191 1.608503 3.853399 -6.185151 2.031127 34.503509 1.590911 5.674900 312
Car -1 -1 1.695200 525.061600 180.361900 549.576900 199.016700 1.486791 1.605151 4.022172 -6.115897 2.158962 60.175995 1.609046 2.144900 309
Car -1 -1 0.814500 1176.463500 139.276800 1241.000000 194.197000 1.899062 1.776060 4.510294 24.699008 0.842437 26.918574 1.533179 2.390100 304
Car -1 -1 1.750200 422.797100 182.176500 484.731800 227.706700 1.572017 1.653191 4.087284 -6.016854 1.955800 27.847980 1.541891 8.821400 289
Car -1 -1 1.905400 327.222500 193.001800 435.630300 254.089600 1.414422 1.589211 3.876298 -6.095515 1.995009 19.470230 1.598190 13.092200 266
Car -1 -1 2.015000 199.274900 194.194500 364.775500 288.060200 1.474417 1.537229 3.469785 -6.140658 1.953225 13.826405 1.597265 13.428500 265
Car -1 -1 -1.770500 689.049800 178.024000 788.406700 251.333500 1.554146 1.619264 3.852644 2.940020 1.695569 17.479420 -1.602796 13.001400 264
