Car -1 -1 1.771700 487.519600 166.556700 514.994900 184.863600 1.639483 1.691901 4.361603 -10.493365 1.106871 68.548179 1.377438 2.296400 468
Car -1 -1 -1.774200 722.756100 169.394000 764.440400 196.496600 1.457848 1.593794 3.755745 7.426630 1.256064 40.501765 -1.576397 1.274800 467
Car -1 -1 -0.625900 1091.172400 138.194100 1230.560200 175.970700 1.567586 1.684529 4.410177 23.300884 0.131433 30.740154 0.041027 0.726600 465
Car -1 -1 -0.558700 1008.898600 150.720600 1104.571300 178.912400 1.481396 1.642049 4.131380 24.027768 0.310731 38.962358 -0.007959 3.286300 462
Car -1 -1 2.850600 781.613300 159.180700 882.535100 194.334600 1.501639 1.620095 3.906571 9.662066 0.914878 31.704526 -3.115035 4.344800 456
Car -1 -1 1.720000 507.670700 180.392900 543.135800 206.631200 1.476821 1.572248 3.859033 -5.032382 1.957444 43.429132 1.574842 5.199100 451
Car -1 -1 1.736900 476.454600 180.836800 522.489600 214.046000 1.504091 1.623267 3.920168 -5.449659 1.952170 36.071539 1.583277 6.705000 444
Car -1 -1 1.708500 465.715000 170.367100 495.142000 191.266700 1.482668 1.627050 3.900465 -9.471589 1.325760 53.234089 1.513171 -0.683400 439
Car -1 -1 1.751100 449.305600 182.131000 503.063800 221.720000 1.494287 1.560635 3.734366 -5.519142 1.905882 30.092175 1.574021 9.154900 436
Car -1 -1 1.811900 412.770700 185.733900 484.475800 231.479400 1.422746 1.579184 3.764460 -5.557773 1.889378 25.210978 1.593627 10.453400 424
Car -1 -1 -0.972100 0.000000 189.993200 275.565700 374.000000 1.619037 1.633388 4.013854 -5.810656 1.883714 8.673507 -1.551944 9.838900 405
Car -1 -1 1.902500 346.544400 186.747500 453.031000 249.615500 1.491161 1.619332 3.912274 -5.653238 1.887165 19.836931 1.620743 11.289900 397
Car -1 -1 -2.175400 903.689500 179.377000 1241.000000 374.000000 1.524460 1.600970 3.916445 3.085602 1.592038 3.945385 -1.527585 10.551600 320
