Car -1 -1 -0.628400 1069.895000 148.141600 1194.951500 187.124200 1.635809 1.690343 4.256569 22.480044 0.606126 31.183260 0.002306 6.465800 418
Car -1 -1 1.940200 256.499800 197.473300 388.644400 275.076800 1.459970 1.566014 3.504048 -6.288769 2.053073 16.075226 1.564203 9.708300 414
Car -1 -1 1.745000 525.100900 182.262400 550.242600 200.405900 1.483782 1.550141 3.718906 -6.170905 2.321792 62.031631 1.624275 2.520800 412
Car -1 -1 -1.320300 405.668100 184.766100 477.727300 232.097800 1.581792 1.657457 4.155135 -6.287548 2.083096 27.257301 -1.546345 9.009200 405
Car -1 -1 1.800400 438.774100 168.357900 476.933300 191.199200 1.483034 1.624653 4.137569 -10.314494 1.256026 49.001803 1.586157 2.144700 404
Car -1 -1 1.759000 470.172700 184.394200 513.684200 214.912200 1.482495 1.597267 3.832750 -6.246476 2.166710 38.483618 1.599792 4.905400 397
Car -1 -1 2.767600 772.742800 162.556800 921.065700 213.885800 1.672454 1.719478 4.433044 8.100523 1.385088 24.962866 3.080810 7.947500 392
Car -1 -1 2.098100 0.000000 207.430300 357.961900 374.000000 1.401275 1.528165 3.423255 -3.810815 1.815501 6.683234 1.585419 12.514300 365
Car -1 -1 -3.607600 877.478100 161.727200 1115.753000 241.064700 1.606196 1.706931 4.357345 8.181244 1.421126 15.668577 -3.133114 9.996300 357
Car -1 -1 -3.560200 829.336000 152.764200 1034.811000 223.814200 1.780965 1.757532 4.597361 8.241485 1.303924 18.815222 3.135455 8.285900 354
Car -1 -1 -1.670100 668.844900 181.248700 734.383700 234.624400 1.474623 1.621678 3.978683 2.726323 1.787588 22.736903 -1.560418 11.751000 320
