Car -1 -1 -1.185500 249.498000 194.471200 309.213200 224.321500 1.450183 1.617911 3.911766 -18.256473 2.711232 39.944037 -1.592620 5.469400 287
Car -1 -1 -1.046100 157.771800 199.092600 227.017000 228.707900 1.444461 1.602113 3.832259 -23.520282 3.015122 40.703126 -1.590830 4.402800 286
Car -1 -1 1.608800 747.110200 172.082000 793.415600 210.521600 1.462124 1.667316 4.338566 6.483125 1.406112 28.873595 1.820205 5.493500 283
Car -1 -1 -1.116400 198.506900 195.824400 260.961900 226.258400 1.502990 1.600726 3.725809 -20.867762 2.830164 39.780731 -1.591105 4.348200 281
Car -1 -1 -1.744900 807.213700 164.534700 834.478600 181.951700 1.487651 1.610170 3.946156 18.339337 0.735299 62.032742 -1.468291 1.713200 279
Car -1 -1 1.764100 471.903400 185.613300 514.654200 216.189100 1.478920 1.574705 3.794622 -6.235732 2.195323 38.625691 1.602003 6.189000 266
Car -1 -1 1.768900 447.832800 185.945700 498.277500 222.755200 1.519124 1.573057 3.720271 -6.296565 2.163652 33.291742 1.593751 9.730500 265
Car -1 -1 -1.683900 645.615700 175.474800 687.245700 209.380300 1.609427 1.662449 3.967779 2.808088 1.768410 36.908332 -1.606141 9.188000 264
Car -1 -1 -1.939100 829.720700 176.630300 1239.809100 374.000000 1.496032 1.582082 3.533687 3.003275 1.559204 6.088978 -1.480698 11.504200 263
Car -1 -1 2.104300 39.343000 202.505000 304.622800 342.940200 1.531834 1.595704 3.724345 -6.058824 2.026826 10.456280 1.572424 12.921900 262
