Car -1 -1 0.928000 1032.120400 140.744900 1134.408800 179.692300 1.850406 1.808734 4.925794 24.551497 0.335492 37.721811 1.511057 5.999800 304
Car -1 -1 -0.355900 882.884900 155.412800 941.013800 172.634400 1.531326 1.688483 4.493800 27.510982 0.092409 64.538214 0.014777 -0.683000 302
Car -1 -1 1.391800 758.961800 162.844000 787.396000 181.606400 1.471382 1.589395 3.877895 13.182595 0.689007 58.526547 1.581795 0.803600 301
Car -1 -1 1.244400 841.282300 165.899800 882.555600 186.915800 1.485064 1.648193 4.115763 18.396041 0.937494 53.023555 1.583357 2.553600 293
Car -1 -1 -1.513700 478.009700 190.589100 512.787700 221.827000 1.501336 1.626075 3.938246 -6.136587 2.366660 38.489071 -1.639219 0.033200 289
Car -1 -1 -0.935900 0.000000 208.719600 75.477000 248.159100 1.454614 1.596860 3.757103 -25.912009 3.132776 32.026921 -1.595415 1.951300 288
Car -1 -1 -0.919600 145.135600 203.437000 239.745000 243.497700 1.465634 1.581342 3.760785 -18.142235 2.841763 31.284374 -1.490583 2.156800 287
Car -1 -1 -0.992200 33.488200 208.461800 127.437700 247.141600 1.425143 1.582263 3.618718 -23.445993 3.082918 32.001893 -1.617805 5.241400 286
Car -1 -1 -0.963000 83.038800 206.346000 173.466000 245.625900 1.476360 1.562935 3.435963 -20.766513 2.924417 31.136453 -1.561979 8.423700 281
Car -1 -1 1.789900 431.162700 190.973600 491.044000 232.089200 1.480215 1.612301 3.891585 -6.171678 2.268668 30.098159 1.587339 9.500100 266
Car -1 -1 1.848300 386.456000 193.392200 461.836100 244.141900 1.505225 1.577336 3.550733 -6.264939 2.210215 24.439400 1.596493 10.924200 265
Car -1 -1 -1.706400 658.654200 179.477900 714.452300 223.085800 1.564651 1.648151 3.864026 2.867487 1.775088 28.160643 -1.605305 9.039000 264
