Car -1 -1 -0.017500 907.321800 157.025000 1030.039100 198.414400 1.495003 1.614434 4.129651 13.635233 0.933871 27.702874 0.379678 -0.606700 339
Car -1 -1 1.774900 466.346200 181.645600 513.532900 212.975400 1.482983 1.635671 3.922840 -6.172538 1.971398 37.248423 1.608617 3.757600 337
Car -1 -1 -1.599000 640.027900 174.380400 660.813900 193.029800 1.480293 1.586925 3.699286 3.315742 1.632567 58.876467 -1.528499 1.767100 320
Car -1 -1 1.689200 544.602200 178.848300 574.568100 201.872900 1.489153 1.622821 3.974480 -3.331156 1.895011 49.000749 1.608408 5.467400 319
Car -1 -1 1.810000 408.654800 179.576600 477.667200 226.837000 1.568662 1.614092 3.879432 -6.099504 1.875662 26.855535 1.586097 8.165100 312
Car -1 -1 1.658700 515.024700 180.233900 542.225800 202.093600 1.510863 1.645693 3.874618 -5.799043 2.051973 52.146523 1.577714 6.182600 309
Car -1 -1 1.853100 340.102200 177.021500 443.973300 244.080700 1.651349 1.682801 4.192851 -5.993524 1.810984 20.270161 1.564199 12.115300 289
Car -1 -1 2.069600 121.181300 199.998400 343.102100 313.338100 1.440893 1.596447 3.914340 -6.018972 1.953813 11.950953 1.600087 15.071100 266
Car -1 -1 2.355800 0.000000 212.175600 149.202700 374.000000 1.480036 1.555819 3.521060 -6.048205 1.914988 6.342054 1.593156 8.763000 265
Car -1 -1 -1.902900 742.459700 178.814200 969.128100 317.316800 1.495511 1.615056 3.928687 3.021261 1.588538 9.885202 -1.604760 13.422900 264
