Car -1 -1 1.714600 485.066900 183.867900 521.725600 211.125800 1.497217 1.614911 3.959777 -6.296491 2.169515 42.816141 1.571923 0.957300 424
Car -1 -1 -0.720900 1149.466100 146.438600 1241.000000 189.471500 1.516120 1.685457 4.357969 22.821598 0.593565 26.833494 -0.014826 4.788700 423
Car -1 -1 -0.633000 1088.973400 148.772500 1210.620800 188.514000 1.617156 1.664871 3.980309 22.369523 0.618224 29.989247 0.005171 3.186000 418
Car -1 -1 1.971200 226.336200 195.427700 374.173800 280.503300 1.451448 1.562664 3.491332 -6.275926 1.981212 14.927173 1.569585 12.697100 414
Car -1 -1 1.709800 521.927000 182.315600 547.134000 200.925100 1.471906 1.573954 3.841913 -6.288773 2.269400 60.812326 1.612530 1.739000 412
Car -1 -1 -1.304100 396.906900 183.236700 473.562300 232.409700 1.578150 1.653652 4.162530 -6.250076 2.013068 26.130065 -1.541991 10.243600 405
Car -1 -1 -1.369500 436.015400 175.506700 472.665900 198.811600 1.474360 1.617080 4.060272 -10.289090 1.529696 47.939118 -1.571606 1.194500 404
Car -1 -1 1.780300 465.995000 182.967400 511.604900 214.480900 1.489173 1.585792 3.793350 -6.218710 2.080982 37.347895 1.608820 6.711500 397
Car -1 -1 2.774400 789.703500 161.447700 936.753200 214.960200 1.687254 1.684758 4.324985 8.206097 1.354673 23.788998 3.097244 10.335500 392
Car -1 -1 2.175500 0.000000 213.301800 309.193700 374.000000 1.392391 1.499015 3.425940 -3.785516 1.795333 5.335997 1.575395 10.102900 365
Car -1 -1 -3.653300 892.084600 162.154400 1171.523100 244.791100 1.575112 1.702833 4.504224 8.220166 1.379853 14.470912 -3.134589 11.665400 357
Car -1 -1 2.696900 841.294000 149.606300 1071.848000 227.885700 1.806944 1.771233 4.725627 8.302558 1.292074 17.689478 3.135792 7.917000 354
Car -1 -1 -1.685000 673.289300 179.732500 742.966700 237.329200 1.504522 1.611741 3.859042 2.770126 1.760444 21.490554 -1.557749 11.781300 320
