Car -1 -1 1.724500 487.821000 181.656300 521.515800 207.040500 1.532196 1.610240 3.833613 -6.887579 2.158911 47.330373 1.611645 5.378600 397
Car -1 -1 -2.113700 306.916800 179.926800 375.182200 210.267900 1.445253 1.585230 3.695364 -13.831739 1.822225 36.968081 -2.478862 2.426000 396
Car -1 -1 0.881700 343.550300 178.752500 411.901200 206.502600 1.464020 1.568408 3.815094 -12.861332 1.772092 39.276304 0.689766 -0.123500 394
Car -1 -1 -3.355200 717.862100 163.746000 816.980000 200.237300 1.631145 1.655054 4.162069 7.376424 1.273111 34.200464 -3.126293 6.784400 392
Car -1 -1 1.069200 940.099600 154.361000 1001.640400 180.202400 1.499723 1.611786 3.888429 21.460992 0.389479 41.505109 2.080553 -0.641600 380
Car -1 -1 1.782600 400.564700 186.306700 494.843200 253.134000 1.469025 1.575870 3.632640 -4.080577 1.869516 18.297117 1.568852 11.445500 365
Car -1 -1 2.815600 775.528200 165.225600 914.339300 212.413600 1.585115 1.693356 4.282062 7.930985 1.320558 24.914006 3.134307 6.011100 357
Car -1 -1 2.811000 752.126200 154.901100 878.156100 203.062100 1.780286 1.722445 4.357379 7.886492 1.114830 28.082695 3.097610 7.684900 354
Car -1 -1 2.151500 0.000000 199.571400 270.886600 339.107900 1.478392 1.609136 4.009087 -6.772485 1.982335 10.494520 1.577636 12.088100 337
Car -1 -1 -1.643800 642.891300 175.695100 686.288700 212.261800 1.525038 1.633897 3.769795 2.294469 1.674234 31.876881 -1.565451 11.171900 320
Car -1 -1 1.888200 220.082500 190.010500 446.524700 330.272100 1.504924 1.691459 4.446275 -3.810252 1.839887 10.566853 1.545571 13.200200 319
