Car -1 -1 -1.564700 631.553500 158.803700 648.890200 175.631000 1.519070 1.576326 3.814221 2.824023 0.253485 67.720026 -1.541266 -0.690000 515
Car -1 -1 1.778500 489.737700 183.212600 531.711400 210.849400 1.492147 1.617518 4.000528 -5.816704 2.152496 42.419486 1.650398 6.650400 511
Car -1 -1 2.780000 792.198700 158.050500 939.186300 205.125100 1.474514 1.612276 4.195519 8.216226 1.028039 23.404267 3.121449 6.713000 510
Car -1 -1 -0.412500 846.659000 154.824100 1009.320600 212.422700 1.606693 1.641583 3.936354 8.986586 1.091385 20.782516 -0.028512 4.448900 507
Car -1 -1 1.758300 458.847700 186.087100 507.310300 221.614700 1.482607 1.569674 3.660837 -5.915859 2.134739 33.507279 1.582749 5.226100 494
Car -1 -1 -3.618200 894.417500 141.124200 1083.206400 211.793300 1.701439 1.658624 3.992929 9.523038 0.943192 18.291828 -3.128050 6.378800 488
Car -1 -1 -1.690700 666.721000 172.992900 724.331800 222.575000 1.702499 1.666302 3.996425 3.065563 1.737088 27.242898 -1.579556 8.725500 484
Car -1 -1 -1.749800 680.157600 173.270100 757.415000 230.639600 1.556274 1.630226 3.920928 3.107155 1.593083 21.779034 -1.608586 9.388400 470
Car -1 -1 2.638700 922.270900 146.596100 1146.223300 218.564200 1.506856 1.621427 3.940886 9.081490 0.926411 15.798861 -3.133079 10.061900 456
Car -1 -1 1.829200 415.406900 188.849000 487.872100 232.373100 1.444617 1.629390 4.209285 -5.971824 2.097921 27.416211 1.613151 11.211300 451
Car -1 -1 1.851700 334.745000 192.326300 436.469200 256.322700 1.479493 1.618804 4.037100 -6.103956 2.065972 19.842116 1.555612 11.697400 444
Car -1 -1 1.950900 213.424300 197.863500 370.372100 292.010000 1.453632 1.566214 3.513972 -6.009225 2.017757 13.888266 1.548742 12.168300 436
Car -1 -1 2.144800 0.000000 209.012800 274.607800 374.000000 1.453596 1.578566 3.790735 -5.974602 2.013365 9.097632 1.565152 13.291100 424
Car -1 -1 2.466000 0.000000 229.669900 91.302800 374.000000 1.480131 1.570064 3.783083 -5.858010 2.012336 3.845001 1.603598 5.073900 397
