Car -1 -1 -2.999900 756.632900 165.231800 836.371300 195.399100 1.490763 1.605297 3.796309 9.475229 1.132032 36.020882 -2.873200 -0.487000 456
Car -1 -1 1.711900 514.616200 180.973000 547.416700 205.251600 1.481588 1.597425 3.893652 -5.451174 2.059222 46.786869 1.260810 4.252700 451
Car -1 -1 1.721100 490.926400 180.894000 530.783900 210.863500 1.518559 1.618901 3.875616 -5.426387 1.981879 39.572686 1.564095 7.059700 444
Car -1 -1 1.673600 475.387400 171.589700 502.161100 191.378200 1.498911 1.664001 4.177960 -9.534222 1.334210 57.039238 1.469607 3.323500 439
Car -1 -1 1.746900 465.914500 182.901800 515.189700 217.712300 1.476875 1.602724 3.793330 -5.528077 1.959233 33.653138 1.579396 7.575900 436
Car -1 -1 1.786500 439.102200 183.901200 499.649600 224.695400 1.460956 1.585797 3.811601 -5.568309 1.918076 28.837438 1.592729 8.804900 424
Car -1 -1 -1.094200 141.962100 190.026600 362.448600 308.495300 1.611008 1.645817 4.045811 -5.816949 1.903439 12.234508 -1.540238 11.352800 405
Car -1 -1 1.851200 388.831900 182.473100 476.625800 235.857500 1.525724 1.663594 4.073611 -5.677767 1.868005 23.519162 1.608513 10.336500 397
Car -1 -1 -3.874300 1059.167500 132.050500 1241.000000 267.760900 1.629381 1.638658 4.041133 8.368794 1.137227 9.524370 3.133982 9.549700 392
Car -1 -1 -1.929900 794.333300 182.414300 1124.852700 374.000000 1.508170 1.620306 3.942296 3.112512 1.631204 7.471778 -1.535873 13.408800 320
