Car -1 -1 -0.355900 882.884900 155.412800 941.013800 172.634400 1.531326 1.688483 4.493800 27.455555 -0.021960 65.712246 0.014777 -0.683000 302
Car -1 -1 1.249000 830.152100 160.185800 870.537600 180.442800 1.487066 1.686409 4.209419 18.273090 0.589200 54.236961 1.595028 1.484300 293
Car -1 -1 1.699900 475.458900 184.246100 515.532300 214.946100 1.534079 1.642863 4.058380 -6.237925 2.132802 39.526966 1.553635 6.849600 289
Car -1 -1 -0.890900 0.000000 208.296400 91.718300 245.642900 1.459977 1.598090 3.624753 -25.851662 3.114956 33.049554 -1.561622 5.570600 288
Car -1 -1 -1.029600 157.409000 201.267800 241.831500 239.585100 1.469409 1.585294 3.699276 -18.266451 2.768632 32.225880 -1.568545 2.511200 287
Car -1 -1 -0.982300 51.363200 207.421000 136.996800 243.782500 1.416798 1.559551 3.476846 -23.461627 3.034419 32.981076 -1.608428 4.379100 286
Car -1 -1 -1.001700 99.386000 200.969800 182.892000 240.867400 1.530015 1.551181 3.436226 -20.794090 2.840667 32.116646 -1.580876 9.081800 281
Car -1 -1 1.785300 439.422300 190.993400 494.636800 228.122300 1.441891 1.582047 3.837680 -6.172089 2.200388 31.176915 1.586754 8.773700 266
Car -1 -1 1.836400 394.233700 189.945100 467.146000 239.689000 1.516916 1.577880 3.629099 -6.265441 2.153973 25.435323 1.594218 11.527400 265
Car -1 -1 -1.703400 656.287500 175.853500 710.464500 218.698100 1.589490 1.648071 3.947884 2.853608 1.694281 29.266015 -1.606121 9.859300 264
