Car -1 -1 -0.896700 651.605600 179.872600 715.801900 206.806800 1.514649 1.591329 4.036740 4.369825 1.953230 43.348997 -1.074469 -0.016100 502
Car -1 -1 1.714900 486.973200 187.508700 523.972700 215.862500 1.453326 1.558962 3.556411 -5.826750 2.305905 40.245191 1.575026 3.642400 494
Car -1 -1 1.663200 521.430500 186.383600 548.238800 208.375100 1.467796 1.597051 3.844088 -5.442626 2.489200 52.112088 1.588680 -0.531600 493
Car -1 -1 1.864500 393.248500 174.812300 439.922500 204.447400 1.579592 1.587077 3.662706 -11.027562 1.857021 39.976240 1.468307 2.758900 490
Car -1 -1 2.741400 822.967400 153.537000 959.547000 202.167900 1.632138 1.641586 4.104609 9.757426 0.988765 25.116699 3.089522 5.399600 488
Car -1 -1 -0.673300 1108.047900 145.556100 1230.491600 180.766600 1.440874 1.621406 3.949703 23.319253 0.332530 30.171773 -0.020381 5.994900 487
Car -1 -1 -1.658300 659.111400 176.546000 701.704700 215.214300 1.693548 1.658930 3.795195 3.224475 1.920559 33.988409 -1.557365 5.444000 484
Car -1 -1 -1.725200 663.685900 176.158000 721.249400 219.636900 1.570547 1.651754 3.996704 3.167858 1.757827 28.586102 -1.613057 7.149100 470
Car -1 -1 2.758600 831.360000 158.956900 982.544900 206.227400 1.435221 1.592609 4.064536 9.201765 1.013485 22.612858 -3.130546 10.764200 456
Car -1 -1 1.794000 460.502800 186.570700 513.997600 222.243600 1.515900 1.623987 4.091022 -5.762002 2.219787 34.285415 1.624069 8.102400 451
Car -1 -1 1.782900 414.294500 190.447300 479.843100 235.049300 1.435765 1.576512 3.915559 -5.950497 2.148648 26.710595 1.566697 9.740800 444
Car -1 -1 1.762300 419.351600 174.265600 460.099600 200.735500 1.503211 1.638642 4.148512 -10.399740 1.631745 44.044921 1.471200 3.228200 439
Car -1 -1 1.849400 350.013400 192.140800 447.511400 254.632100 1.481736 1.607587 3.884221 -5.942715 2.115763 20.688119 1.569717 10.035000 436
Car -1 -1 1.938500 264.018000 197.738300 402.461400 279.462200 1.469308 1.585106 3.728145 -5.940269 2.070431 15.861452 1.576094 12.928800 424
Car -1 -1 2.087400 57.296700 203.358600 319.420800 343.732400 1.538148 1.621447 3.792769 -5.864262 2.039365 10.514240 1.579308 12.393400 397
