Car -1 -1 -1.140300 233.130900 176.545100 301.024500 210.020300 1.590635 1.642075 4.005057 -17.957372 1.851626 37.844759 -1.586411 0.351600 366
Car -1 -1 1.726100 510.391700 185.311400 551.554800 217.135100 1.508334 1.578987 3.799681 -4.107594 2.194211 37.698750 1.596025 6.136100 365
Car -1 -1 -2.226500 1159.750200 156.671100 1241.000000 214.116800 1.483799 1.606693 3.951401 17.900250 1.026216 20.476697 -1.663764 -0.634300 363
Car -1 -1 2.912800 710.794000 172.584900 803.090200 202.908600 1.558896 1.675375 4.370543 7.580386 1.485830 37.624163 3.121413 6.147900 357
Car -1 -1 2.945000 705.147200 165.129800 788.655000 196.283200 1.769227 1.715601 4.347915 7.606868 1.317106 40.652797 3.135174 4.813400 354
Car -1 -1 1.863500 342.809700 192.393600 433.802400 247.612300 1.462970 1.629056 4.050395 -6.946434 2.117379 22.884711 1.567351 10.192700 337
Car -1 -1 -1.594800 629.867200 181.350900 658.663700 208.115400 1.535063 1.663647 4.161882 2.017867 2.016314 44.654339 -1.564208 6.044000 320
Car -1 -1 1.692900 469.233900 186.383200 529.162700 233.321000 1.508144 1.673321 4.282667 -4.059726 2.006878 26.549608 1.547158 13.230400 319
Car -1 -1 2.067600 81.161700 191.257600 317.518300 317.610700 1.656692 1.658866 4.047943 -6.597201 1.987466 12.050684 1.563245 12.503100 312
Car -1 -1 1.725700 453.831500 188.089000 498.783500 222.847000 1.578442 1.663405 4.135540 -6.940945 2.388644 37.780053 1.580544 3.947900 309
Car -1 -1 2.386500 0.000000 204.104800 114.937400 374.000000 1.693864 1.679220 4.169413 -6.246788 1.983229 5.639476 1.549016 6.637100 289
