Car -1 -1 1.760000 488.208600 180.887100 526.202300 207.763400 1.488760 1.574937 3.636909 -6.062931 1.973763 42.705245 1.599866 5.811000 436
Car -1 -1 1.759200 476.170400 182.687800 519.355200 212.537400 1.486308 1.613195 3.897093 -6.039344 2.005960 38.214891 1.596074 4.234700 424
Car -1 -1 2.108300 22.210000 198.481100 292.801600 335.888100 1.476012 1.564972 3.649408 -6.166386 1.933058 10.320110 1.571270 13.821900 414
Car -1 -1 1.661200 522.080900 180.257700 547.875900 200.359500 1.474993 1.613380 4.041072 -5.933810 2.097369 56.462547 1.570167 1.818900 412
Car -1 -1 -1.272000 352.330500 181.846000 450.606500 245.198300 1.636257 1.656362 4.094153 -6.118031 1.949273 21.503521 -1.549340 10.294300 405
Car -1 -1 1.801200 409.855000 176.811500 453.296200 204.541300 1.475484 1.563657 3.796499 -10.059610 1.720576 40.820225 1.545170 2.716100 404
Car -1 -1 1.800900 447.603500 182.908500 502.026800 219.761200 1.509518 1.613006 3.833895 -6.073713 2.005636 32.605893 1.600763 7.848800 397
Car -1 -1 -3.561700 827.978200 155.691400 1028.891400 219.766100 1.655406 1.737728 4.546298 8.321332 1.217037 19.092275 3.122089 11.506800 392
Car -1 -1 2.403200 1026.677000 151.225700 1241.000000 277.290100 1.568013 1.629998 4.130266 8.111848 1.310918 9.772622 3.108729 8.838000 357
Car -1 -1 -3.725100 933.660500 138.205000 1236.012400 247.838200 1.820637 1.736047 4.413349 8.300485 1.271161 12.953036 3.131307 9.612100 354
Car -1 -1 -1.739000 691.152600 178.297600 790.228600 251.716400 1.477472 1.616975 3.928642 2.883122 1.654949 16.903271 -1.571076 12.815000 320
