Car -1 -1 1.263900 399.662500 171.101800 445.696400 197.703800 1.513940 1.596580 3.702049 -11.440150 1.525635 42.113926 1.109877 3.646500 490
Car -1 -1 -0.412300 812.337300 156.736700 936.451400 199.489700 1.594795 1.645087 4.075391 9.997813 0.973122 27.491937 -0.067234 4.809700 488
Car -1 -1 -0.674600 1080.017300 146.424400 1197.146900 180.743000 1.483511 1.644272 4.066830 23.646789 0.340414 32.411629 -0.030143 5.793600 487
Car -1 -1 -1.646500 657.783200 175.603100 697.463500 211.284900 1.681690 1.674969 3.937659 3.321158 1.825630 36.415889 -1.552141 4.899700 484
Car -1 -1 -1.722100 665.827000 176.129700 718.056300 217.069700 1.574925 1.635082 3.948842 3.381853 1.746217 30.807854 -1.600524 4.948100 470
Car -1 -1 2.781500 815.714200 159.874400 952.972500 203.091300 1.469862 1.625514 4.068624 9.342964 0.979953 24.855001 -3.131827 6.826300 456
Car -1 -1 1.778000 474.513100 185.276100 522.838700 219.719700 1.541452 1.624871 3.983885 -5.564137 2.182274 36.532949 1.624882 4.736100 451
Car -1 -1 1.771600 433.311500 189.213700 493.471500 229.560500 1.437504 1.602591 3.942673 -5.817142 2.089624 29.065957 1.576964 10.660000 444
Car -1 -1 1.493100 431.404700 175.534400 463.470900 200.094400 1.477800 1.643584 4.023363 -10.392628 1.584494 46.396127 1.337520 3.475000 439
Car -1 -1 1.823900 385.466600 192.602700 463.630200 244.357700 1.424363 1.544418 3.622309 -5.824058 2.065617 23.017305 1.577005 11.004300 436
Car -1 -1 1.892000 317.722800 194.141900 428.757400 264.203200 1.481501 1.580073 3.711782 -5.846393 2.040660 18.181012 1.579817 11.431000 424
Car -1 -1 2.019000 169.595100 195.265100 367.882600 304.463300 1.507374 1.617923 3.926292 -5.813966 1.972603 12.797663 1.591083 12.807800 397
