Car -1 -1 1.638200 714.764100 168.469400 741.532200 191.567500 1.464591 1.544274 3.627057 7.899396 1.190043 47.587703 2.271401 0.541600 431
Car -1 -1 1.735000 479.405300 183.351400 518.958100 211.897700 1.476134 1.596957 3.850809 -6.188817 2.082183 40.446565 1.579971 6.230500 424
Car -1 -1 2.021600 152.095900 200.386100 339.311300 304.733700 1.458793 1.529076 3.530466 -6.196808 1.973230 12.613360 1.568555 15.155800 414
Car -1 -1 1.645800 521.987800 182.183900 544.860900 201.735600 1.487624 1.578448 3.826012 -6.221856 2.256503 58.682347 1.572823 1.862900 412
Car -1 -1 -1.297100 376.533500 183.573400 461.692900 239.920600 1.616585 1.664673 4.073174 -6.186868 2.018372 23.754066 -1.552064 10.022400 405
Car -1 -1 1.744800 419.832100 176.840900 456.797800 202.932900 1.489629 1.582794 3.839789 -10.215645 1.680777 44.017938 1.512713 0.635200 404
Car -1 -1 1.722600 458.485000 185.577200 503.858700 218.987900 1.472447 1.593146 3.816763 -6.166912 2.064943 34.929898 1.563973 4.974300 397
Car -1 -1 2.740700 810.375300 157.560200 978.625100 218.440900 1.717895 1.688452 4.302954 8.327165 1.300358 21.441155 3.107816 9.642600 392
Car -1 -1 2.523300 0.000000 219.257100 145.768600 374.000000 1.446134 1.515432 3.493569 -3.783274 1.759753 2.711199 1.586411 3.902900 365
Car -1 -1 -3.705100 944.180500 157.867800 1241.000000 258.233100 1.570023 1.688738 4.394923 8.148588 1.351199 12.125151 -3.129780 11.835400 357
Car -1 -1 -3.619100 881.595600 146.928000 1134.496800 237.113600 1.805310 1.751178 4.487529 8.279044 1.295048 15.311331 -3.132515 9.319800 354
Car -1 -1 -1.703900 681.678700 180.381200 765.085400 245.515300 1.515896 1.638508 3.989266 2.851223 1.743236 19.251318 -1.559925 13.323100 320
