Car -1 -1 -2.015000 895.567100 153.373300 946.491500 177.201200 1.503923 1.597000 3.667360 19.977670 0.291849 46.563449 -1.608437 2.330100 371
Car -1 -1 -1.140300 233.130900 176.545100 301.024500 210.020300 1.590635 1.642075 4.005057 -18.028378 2.051604 36.699588 -1.586411 0.351600 366
Car -1 -1 1.667600 503.971600 185.766600 542.863900 218.610400 1.487086 1.567423 3.762066 -4.224320 2.186756 35.758601 1.566614 6.914900 365
Car -1 -1 -2.226500 1159.750200 156.671100 1241.000000 214.116800 1.483799 1.606693 3.951401 17.854708 1.084685 19.340068 -1.663764 -0.634300 363
Car -1 -1 2.914500 713.109900 170.760600 807.732800 203.271200 1.586030 1.682930 4.396659 7.508383 1.505294 36.481864 3.119118 3.122800 357
Car -1 -1 3.071300 708.178900 167.848600 790.615000 198.860200 1.692883 1.691435 4.321701 7.549722 1.366012 39.417326 -3.071050 4.710600 354
Car -1 -1 1.882300 326.694800 193.436700 425.249400 251.903300 1.470405 1.632482 4.069495 -6.961943 2.145133 21.713928 1.570472 8.797600 337
Car -1 -1 -1.614300 629.446100 181.342900 659.246400 208.309000 1.517224 1.634447 4.019931 1.985807 2.040646 43.521610 -1.566860 8.143600 320
Car -1 -1 1.707000 458.769400 185.357200 524.912000 236.667500 1.535866 1.682022 4.343996 -4.071261 2.021427 25.007420 1.546999 11.990500 319
Car -1 -1 2.092500 15.338500 192.592100 290.617700 333.557900 1.637600 1.662348 4.061946 -6.603756 1.985808 10.938097 1.555121 12.470800 312
Car -1 -1 1.788700 447.849900 188.084400 497.058400 222.333100 1.564634 1.632500 4.099978 -6.970723 2.387472 36.674114 1.593248 2.697600 309
Car -1 -1 2.386500 0.000000 204.104800 114.937400 374.000000 1.693864 1.679220 4.169413 -6.253831 1.989719 4.531299 1.549016 6.637100 289
