Car -1 -1 -0.589400 1054.898900 143.136300 1171.300100 174.885300 1.478720 1.650354 4.277817 23.723565 0.083827 34.180140 -0.005866 4.998200 478
Car -1 -1 -1.701900 664.167100 171.769800 708.272600 204.995500 1.552096 1.638492 4.054204 3.650175 1.500702 35.478385 -1.597514 5.583900 470
Car -1 -1 1.250100 473.310200 167.644500 504.801500 184.851000 1.547886 1.647443 4.102007 -11.096317 1.055661 66.108432 1.122384 -0.682700 468
Car -1 -1 -1.792700 726.277000 168.580600 772.752500 197.406600 1.451078 1.585289 3.819073 7.298132 1.223875 38.108297 -1.600248 1.604600 467
Car -1 -1 -0.720400 1123.956800 134.059300 1241.000000 174.943100 1.548889 1.674597 4.349842 23.120123 0.053264 28.627448 -0.010445 1.898100 465
Car -1 -1 -0.600400 1019.430500 147.163400 1116.983000 175.642400 1.468811 1.641064 4.126498 24.167395 0.120144 37.995445 -0.025912 4.474000 462
Car -1 -1 2.814300 792.260100 154.597400 901.027800 192.740900 1.495451 1.617054 3.969923 9.620111 0.815294 29.354926 -3.123413 4.543700 456
Car -1 -1 1.763900 498.256500 180.128600 539.394100 208.419900 1.497004 1.601127 3.954347 -5.146644 1.940919 41.289231 1.629950 5.466100 451
Car -1 -1 1.743200 467.371200 182.085200 515.325000 216.151500 1.456775 1.588789 3.886593 -5.481760 1.915341 33.755534 1.584505 8.631400 444
Car -1 -1 1.710000 458.701500 169.434300 488.407100 190.714800 1.449609 1.571254 3.602798 -9.535467 1.236676 50.783806 1.534900 5.723900 439
Car -1 -1 1.779300 434.090900 184.273200 494.236300 225.487100 1.449359 1.550060 3.643309 -5.547881 1.908639 27.744652 1.582012 7.884600 436
Car -1 -1 1.830800 389.363400 186.005000 469.216500 239.525400 1.467154 1.566066 3.692975 -5.636038 1.921149 22.859893 1.589140 11.100700 424
Car -1 -1 -0.815500 0.000000 198.521800 182.408300 374.000000 1.657850 1.636678 4.019448 -5.800896 1.945902 6.306724 -1.557059 9.123700 405
Car -1 -1 1.925600 306.233600 186.087100 433.859600 262.253100 1.517541 1.636735 4.039351 -5.661583 1.911247 17.487897 1.610920 11.245600 397
Car -1 -1 -2.317000 964.346100 187.684700 1241.000000 374.000000 1.505264 1.583127 3.856530 3.064337 1.583574 1.716904 -1.520549 8.598700 320
