Car -1 -1 -1.169600 246.696000 175.972700 306.532300 205.494200 1.504026 1.605080 3.856340 -17.870597 1.662000 38.786611 -1.592560 3.024400 366
Car -1 -1 1.683500 515.801900 182.708300 552.725600 212.430600 1.499443 1.574823 3.919129 -4.160961 2.053444 39.593840 1.560603 3.528100 365
Car -1 -1 0.925400 1125.787800 152.591900 1241.000000 207.890600 1.493183 1.633705 4.102053 18.169145 0.898218 21.501982 1.233385 3.299900 363
Car -1 -1 2.929700 712.474100 169.731800 799.359600 199.659000 1.583646 1.675819 4.240683 7.667979 1.371714 38.721643 3.137453 4.136200 357
Car -1 -1 -3.304300 701.082600 164.389500 783.146600 197.726700 1.854219 1.730811 4.313797 7.541909 1.345718 41.830997 -3.140610 4.767100 354
Car -1 -1 1.841500 361.246900 190.802700 443.164800 240.661500 1.429427 1.611671 3.990844 -6.887950 2.030964 24.002821 1.565169 9.063200 337
Car -1 -1 -1.634200 628.132500 179.357000 658.543600 205.712400 1.550859 1.656605 3.988885 2.025934 1.890227 45.786611 -1.588814 8.377200 320
Car -1 -1 1.702100 477.408800 184.455800 534.031200 227.703400 1.501095 1.668825 4.296853 -4.044633 1.923603 28.135507 1.555181 11.625900 319
Car -1 -1 2.021700 132.342900 186.697900 336.949800 300.311400 1.662018 1.670300 4.019698 -6.591707 1.936968 13.149836 1.555874 13.286000 312
Car -1 -1 1.839300 458.818100 187.277100 508.131200 218.071600 1.493726 1.626036 3.975580 -6.814334 2.215200 38.743606 1.640968 3.709700 309
Car -1 -1 2.308000 0.000000 188.025200 155.852100 374.000000 1.747040 1.665660 3.971872 -6.304267 1.949738 6.758226 1.543378 8.042300 289
