Car -1 -1 1.942600 298.512500 168.506000 351.142600 197.572300 1.727600 1.698771 4.190846 -17.613291 1.480605 44.828574 1.569040 0.062900 355
Car -1 -1 -3.261000 693.869800 162.686600 763.142800 189.922300 1.739134 1.710869 4.178777 7.620364 1.117474 47.490076 -3.117166 3.641200 354
Car -1 -1 -1.467400 1182.602700 135.656700 1241.000000 197.283300 1.465546 1.568458 3.878284 16.353481 0.579629 19.023316 -0.227650 0.159800 339
Car -1 -1 1.818000 414.577400 184.178800 476.710800 223.145700 1.463876 1.619264 3.923083 -6.759804 1.936100 29.722319 1.587912 6.461500 337
Car -1 -1 -1.602100 631.357200 175.806200 655.698900 197.488300 1.501583 1.616543 3.729838 2.345794 1.692256 51.237390 -1.562794 6.872800 320
Car -1 -1 1.650700 512.908000 178.678300 552.779400 211.652900 1.520433 1.682475 4.354547 -3.894295 1.830988 36.611135 1.546867 9.444600 319
Car -1 -1 1.885900 298.974800 179.961900 416.245200 254.626800 1.662471 1.679270 4.180626 -6.485744 1.892850 18.995985 1.559077 11.472500 312
Car -1 -1 1.755100 482.520700 179.548900 520.849300 206.613200 1.529661 1.644927 3.993477 -6.619715 1.997639 44.602672 1.593949 4.493800 309
Car -1 -1 2.009200 117.908200 183.888700 340.703800 303.327100 1.635233 1.662525 4.103114 -6.209971 1.839479 12.352140 1.545967 11.903900 289
Car -1 -1 2.466000 0.000000 212.858500 96.270600 374.000000 1.494198 1.630090 4.370730 -6.167223 1.921392 4.125545 1.586948 7.038800 266
Car -1 -1 -2.315100 908.922100 181.342900 1241.000000 374.000000 1.563278 1.597945 3.795619 2.876078 1.628963 2.097504 -1.591840 9.408300 264
