Car -1 -1 1.049500 475.712100 167.680800 512.535300 184.714900 1.565877 1.659920 4.023551 -11.150044 1.112846 69.157576 0.971334 3.085500 468
Car -1 -1 -1.721400 721.417000 169.204200 759.841200 195.896000 1.469197 1.612674 3.902477 7.473597 1.271976 41.782588 -1.548551 0.786500 467
Car -1 -1 -0.550700 1075.126900 141.738300 1195.792300 177.991200 1.574854 1.651103 4.096609 23.109009 0.220911 31.863720 0.069906 2.457900 465
Car -1 -1 -3.397400 775.226400 159.984300 870.473400 194.104800 1.496967 1.608655 3.860955 9.643219 0.935603 32.918779 -3.079511 3.849500 456
Car -1 -1 1.685800 512.852100 180.129200 545.420700 206.183600 1.493036 1.589152 3.824946 -5.009751 1.997161 44.611686 1.528311 5.550500 451
Car -1 -1 1.735800 482.516400 182.449200 525.543700 213.012600 1.468480 1.592632 3.819637 -5.394552 1.956839 37.152091 1.579518 5.865900 444
Car -1 -1 1.668700 470.989300 171.433100 497.628000 191.686400 1.484235 1.634573 4.011245 -9.460044 1.355302 54.642525 1.484323 -0.640600 439
Car -1 -1 1.756600 455.824800 181.538800 507.525700 219.210000 1.485206 1.566515 3.717160 -5.504438 1.908071 31.264314 1.582793 8.739400 436
Car -1 -1 1.802500 423.200600 184.639600 489.956000 228.441200 1.443693 1.565404 3.761320 -5.547296 1.898057 26.393993 1.593510 10.040400 424
Car -1 -1 -0.985400 3.991900 190.176600 310.469700 345.490500 1.606638 1.634502 3.948250 -5.821637 1.897588 9.894947 -1.530333 12.491600 405
Car -1 -1 1.884900 363.299900 184.208900 461.189100 243.790300 1.511810 1.622295 3.932296 -5.638371 1.877865 20.997655 1.616605 11.637400 397
Car -1 -1 2.294000 1105.539000 138.517400 1241.000000 289.348000 1.595401 1.610501 3.919731 8.268592 1.182920 7.258799 3.089618 5.479300 392
Car -1 -1 -2.098800 854.897000 182.078700 1241.000000 374.000000 1.508699 1.621955 3.919592 3.100644 1.605635 5.063458 -1.542447 12.310200 320
