Car -1 -1 1.744800 495.480000 181.719000 531.690100 209.096400 1.584303 1.602349 3.918229 -5.945294 2.151788 44.931453 1.549243 1.099100 289
Car -1 -1 -0.994000 85.837900 199.446200 161.799500 230.954400 1.460661 1.593129 3.733439 -25.913255 2.956866 38.496869 -1.589508 4.968500 288
Car -1 -1 2.032500 227.319700 195.873900 291.395800 227.600100 1.456323 1.578655 3.665539 -18.189364 2.719880 37.601881 1.597655 1.919400 287
Car -1 -1 -1.042500 133.628900 202.060400 199.777700 232.132600 1.406577 1.536416 3.424162 -23.503560 3.029842 38.387140 -1.583637 8.053700 286
Car -1 -1 1.447700 751.228200 173.748100 809.241500 215.799500 1.468065 1.638530 4.238826 6.284305 1.495913 26.482940 1.714624 2.947700 283
Car -1 -1 -1.071500 173.339900 198.358900 241.002300 230.614800 1.497142 1.584275 3.588877 -20.881745 2.866242 37.529279 -1.579475 7.495000 281
Car -1 -1 1.768900 463.575900 187.726300 509.356300 219.239300 1.446757 1.561226 3.816476 -6.231640 2.213057 36.426745 1.594518 6.045800 266
Car -1 -1 1.806000 434.316600 187.856200 490.564600 225.823200 1.456297 1.565964 3.579557 -6.286865 2.134661 30.945153 1.602453 9.946500 265
Car -1 -1 -1.702000 647.900500 176.069600 691.933700 211.427000 1.583915 1.637451 3.722779 2.793066 1.743013 34.601010 -1.614936 9.382100 264
Car -1 -1 -2.129600 925.811700 184.034700 1241.000000 374.000000 1.506768 1.559088 3.578863 2.976705 1.596534 3.753542 -1.466131 9.797500 263
Car -1 -1 2.196200 0.000000 208.246200 245.580000 374.000000 1.517923 1.607700 3.777738 -6.043585 2.003803 8.312481 1.571458 11.710800 262
