Car -1 -1 2.911300 708.742600 167.680500 783.750600 194.379500 1.586400 1.671177 4.143054 8.046526 1.266295 43.129316 3.120127 3.773700 357
Car -1 -1 1.942600 298.512500 168.506000 351.142600 197.572300 1.727600 1.698771 4.190846 -17.734866 1.573232 44.343821 1.569040 0.062900 355
Car -1 -1 -3.240300 696.553300 163.373800 766.231600 191.155600 1.743853 1.693675 4.232613 7.742177 1.131023 46.338573 -3.091056 3.483800 354
Car -1 -1 -1.467400 1182.602700 135.656700 1241.000000 197.283300 1.465546 1.568458 3.878284 16.734974 0.534103 17.781793 -0.227650 0.159800 339
Car -1 -1 1.789300 407.845800 183.367500 469.276100 224.888100 1.476622 1.595245 3.874207 -6.802525 1.930295 28.688054 1.568993 8.497300 337
Car -1 -1 -1.576100 630.530000 175.332600 654.774000 198.009200 1.504498 1.621028 3.740445 2.251211 1.684536 50.207972 -1.543638 5.442900 320
Car -1 -1 1.670600 506.087900 179.312300 550.085200 213.235200 1.512069 1.690092 4.395555 -3.951276 1.830551 34.998657 1.553995 10.430800 319
Car -1 -1 1.910400 276.613500 183.724600 401.855000 258.835300 1.611254 1.654629 4.047609 -6.525830 1.881130 17.793120 1.558103 11.439000 312
Car -1 -1 1.683600 478.376600 181.957200 514.557600 209.330700 1.515347 1.671115 4.075134 -6.739614 2.045067 43.304751 1.553128 6.907300 309
Car -1 -1 2.043800 61.107000 184.725800 315.629500 321.753300 1.654001 1.659667 4.125416 -6.236831 1.866470 11.236689 1.539869 12.813600 289
