Car -1 -1 -2.220400 1133.452000 143.124700 1226.120400 174.489800 1.506231 1.634346 3.995251 28.788023 0.080041 36.569987 -1.025200 0.809600 310
Car -1 -1 1.715500 531.930200 182.143900 554.336600 198.706300 1.473253 1.578892 3.967329 -6.332829 2.376471 68.464214 1.600166 0.437200 309
Car -1 -1 0.905500 1055.718200 138.035500 1168.771900 179.006700 1.886977 1.834477 5.038088 24.575589 0.300372 35.617446 1.508016 5.842900 304
Car -1 -1 1.708800 465.853500 182.604800 509.612700 216.705200 1.572912 1.633172 3.956432 -6.103786 2.134811 36.266997 1.533209 5.654400 289
Car -1 -1 -0.933900 0.000000 208.327000 51.792000 249.284300 1.457387 1.585637 3.643877 -25.899619 3.077829 29.695660 -1.619509 0.495400 288
Car -1 -1 -1.011900 105.584200 203.664000 204.098200 246.790300 1.460329 1.587841 3.741389 -18.184028 2.821024 28.979800 -1.558438 0.803700 287
Car -1 -1 -0.908500 0.000000 207.724200 94.339100 248.148800 1.412146 1.564685 3.475819 -23.411748 2.982948 29.804112 -1.590189 7.056100 286
Car -1 -1 -0.929200 39.675600 202.205400 136.884200 246.649100 1.534101 1.557793 3.349032 -20.792041 2.821486 28.946654 -1.564271 10.453300 281
Car -1 -1 1.807800 416.573900 188.876100 481.926100 232.466000 1.475868 1.587134 3.927297 -6.181181 2.176344 27.965980 1.588446 10.590200 266
Car -1 -1 1.859100 363.255500 193.238600 449.287300 248.632900 1.479132 1.563950 3.629603 -6.251688 2.175505 22.363447 1.589956 13.098100 265
Car -1 -1 -1.716500 661.502900 176.284400 724.170500 223.820800 1.574013 1.654510 3.937215 2.866897 1.709520 26.039753 -1.608372 10.956400 264
