Car -1 -1 -1.698500 664.105300 172.925600 711.480100 209.670100 1.577607 1.647440 4.057426 3.488573 1.565805 33.208786 -1.595085 3.586100 470
Car -1 -1 0.967600 459.368500 167.196600 501.236000 184.368900 1.511986 1.650568 4.102868 -11.661717 0.990926 63.564208 0.916397 0.966300 468
Car -1 -1 -0.781300 1140.786800 131.383600 1241.000000 174.583300 1.574050 1.693388 4.457419 23.037470 -0.004230 26.467287 -0.056524 2.252400 465
Car -1 -1 -3.452300 802.063000 156.283200 923.188600 196.386100 1.483408 1.620036 4.023782 9.470613 0.848049 27.148079 -3.118979 11.085100 456
Car -1 -1 1.766500 486.231200 182.980500 531.218600 212.735200 1.462880 1.621974 3.986712 -5.381313 2.011216 38.945391 1.629256 6.851400 451
Car -1 -1 1.778500 449.158400 183.856900 505.660300 222.107800 1.486303 1.612338 3.918761 -5.673054 1.978750 31.387883 1.592357 8.558500 444
Car -1 -1 1.506400 445.211700 170.992500 472.988700 193.773800 1.461240 1.571791 3.645561 -10.023510 1.320465 48.439137 1.372194 2.282900 439
Car -1 -1 1.815200 409.524000 186.405800 480.183300 233.906400 1.457374 1.541206 3.692158 -5.689320 1.948417 25.312651 1.589017 10.265700 436
Car -1 -1 1.854300 356.353600 188.690600 451.619500 248.929100 1.463165 1.593853 3.772918 -5.740176 1.952519 20.503340 1.582644 12.320900 424
Car -1 -1 2.419700 0.000000 226.416800 105.085600 374.000000 1.531679 1.608695 3.926157 -5.840638 1.975072 4.072940 1.580310 6.016500 405
Car -1 -1 1.949700 250.135800 192.692200 403.469800 282.807400 1.516510 1.612984 3.972638 -5.721999 1.960748 15.099158 1.585457 12.490200 397
