Car -1 -1 1.678800 485.885800 170.046200 508.781900 186.967700 1.471140 1.603011 3.887386 -10.147441 1.225690 64.930906 1.511557 2.713600 439
Car -1 -1 1.676500 130.007500 163.077300 209.489200 219.052000 1.521777 1.604562 3.930357 -13.072704 1.249535 21.552299 1.046632 0.551600 437
Car -1 -1 1.729600 488.907400 179.452300 526.058500 207.523600 1.508492 1.564062 3.728394 -5.951157 1.913158 41.808114 1.592965 5.643400 436
Car -1 -1 1.703300 472.339900 180.974100 513.537500 212.055900 1.477967 1.611967 3.793022 -6.000485 1.922259 37.116893 1.557535 5.130400 424
Car -1 -1 2.173300 0.000000 202.853300 261.644400 361.485700 1.483421 1.564618 3.567761 -6.144792 1.933185 9.191649 1.579323 13.066900 414
Car -1 -1 1.661200 522.080900 180.257700 547.875900 200.359500 1.474993 1.613380 4.041072 -5.870617 2.030892 55.330678 1.570167 1.818900 412
Car -1 -1 -1.248100 338.195800 183.279700 445.813600 248.380200 1.603652 1.646744 4.171436 -6.054721 1.917410 20.370574 -1.541528 9.872100 405
Car -1 -1 1.874800 405.456800 172.544600 456.329700 202.475300 1.533836 1.602496 3.876721 -9.902618 1.627480 39.717269 1.598958 -0.735700 404
Car -1 -1 1.790000 444.219300 180.927200 500.740400 218.369700 1.495786 1.615721 3.855159 -5.978126 1.904169 31.463771 1.601960 10.861500 397
Car -1 -1 -3.582400 845.584700 150.568000 1065.744900 220.642800 1.655032 1.744818 4.597658 8.394932 1.155632 17.922238 3.132717 11.248100 392
Car -1 -1 2.352300 1081.366100 146.564300 1241.000000 291.454100 1.553234 1.644090 4.220458 8.176599 1.278801 8.582257 3.113346 7.275500 357
Car -1 -1 2.533200 968.470200 129.688200 1241.000000 251.241600 1.830503 1.730394 4.313568 8.347772 1.215351 11.785263 -3.140140 9.707300 354
Car -1 -1 -1.733700 701.384100 182.021300 807.127100 259.793700 1.449060 1.607225 3.914957 2.935868 1.652410 15.727223 -1.557000 13.783100 320
