Car -1 -1 -0.589400 1054.898900 143.136300 1171.300100 174.885300 1.478720 1.650354 4.277817 23.644319 0.036332 33.104594 -0.005866 4.998200 478
Car -1 -1 -1.701900 664.167100 171.769800 708.272600 204.995500 1.552096 1.638492 4.054204 3.615210 1.443554 34.322721 -1.597514 5.583900 470
Car -1 -1 0.967600 459.368500 167.196600 501.236000 184.368900 1.511986 1.650568 4.102868 -11.519549 1.011470 64.736326 0.916397 0.966300 468
Car -1 -1 -1.792700 726.277000 168.580600 772.752500 197.406600 1.451078 1.585289 3.819073 7.265535 1.195312 36.903794 -1.600248 1.604600 467
Car -1 -1 -0.781300 1140.786800 131.383600 1241.000000 174.583300 1.574050 1.693388 4.457419 23.071998 0.043973 27.568179 -0.056524 2.252400 465
Car -1 -1 -3.442100 797.936600 155.958100 916.853300 196.135500 1.515135 1.636922 4.054333 9.602861 0.851027 28.257208 -3.118461 7.729700 456
Car -1 -1 1.765600 492.686900 182.046300 534.050100 210.290800 1.463010 1.590542 3.803085 -5.264087 1.960961 40.027579 1.631773 6.607700 451
Car -1 -1 1.754500 458.987500 182.385900 509.470700 218.389100 1.471747 1.581008 3.846858 -5.587316 1.929330 32.606498 1.583389 6.720400 444
Car -1 -1 1.659100 452.918200 170.363300 480.236900 192.326400 1.451272 1.548477 3.576409 -9.721420 1.268806 49.575549 1.490463 5.157800 439
Car -1 -1 1.796200 423.333900 184.698600 486.717400 228.205700 1.439372 1.535067 3.570252 -5.611171 1.898316 26.531084 1.584353 8.672600 436
Car -1 -1 1.845100 372.565800 188.625600 461.096300 244.323700 1.450001 1.571773 3.798674 -5.691415 1.940487 21.687720 1.587570 11.772300 424
Car -1 -1 2.419700 0.000000 226.416800 105.085600 374.000000 1.531679 1.608695 3.926157 -5.859501 1.973922 5.227428 1.580310 6.016500 405
Car -1 -1 1.908700 283.955600 189.054600 418.472700 268.846900 1.504228 1.621695 4.011694 -5.690143 1.906669 16.332549 1.586681 12.635500 397
