Car -1 -1 0.911200 1044.991600 138.340200 1153.912700 179.436700 1.902041 1.829730 5.000886 24.550111 0.327061 36.559733 1.506095 5.085600 304
Car -1 -1 1.391800 758.961800 162.844000 787.396000 181.606400 1.471382 1.589395 3.877895 13.318585 0.751737 57.754223 1.581795 0.803600 301
Car -1 -1 1.244400 841.282300 165.899800 882.555600 186.915800 1.485064 1.648193 4.115763 18.406344 1.026788 51.907054 1.583357 2.553600 293
Car -1 -1 1.692700 470.926100 182.357100 511.946300 216.950300 1.588951 1.629243 3.931728 -6.113348 2.238200 37.390993 1.519633 1.992900 289
Car -1 -1 -0.933900 0.000000 208.327000 51.792000 249.284300 1.457387 1.585637 3.643877 -25.900443 3.083797 30.790805 -1.619509 0.495400 288
Car -1 -1 -1.018800 125.216100 205.731400 217.375200 247.425200 1.463450 1.580142 3.717099 -18.183327 2.895351 30.111642 -1.535525 0.033700 287
Car -1 -1 -0.965400 9.382700 209.437100 104.960700 249.056600 1.419987 1.562880 3.514197 -23.497791 3.075888 30.847696 -1.617678 5.941200 286
Car -1 -1 -0.990500 63.049800 202.903000 160.376100 245.848700 1.513714 1.588686 3.584994 -20.794431 2.891997 30.195107 -1.581213 8.159300 281
Car -1 -1 1.794300 425.255000 190.607400 486.081800 231.979500 1.463519 1.582820 3.886032 -6.160935 2.232141 28.981053 1.585770 9.111900 266
Car -1 -1 1.854500 377.866000 193.953800 455.703700 246.782500 1.494394 1.554323 3.477352 -6.241286 2.217376 23.401401 1.595385 11.305300 265
Car -1 -1 -1.719100 660.115300 175.825600 718.871900 222.327500 1.590701 1.643361 3.785952 2.868104 1.741023 27.072128 -1.610431 10.160800 264
