Car -1 -1 -2.198900 1065.524900 151.871800 1195.600900 197.451600 1.485077 1.644657 4.085817 18.030856 0.781300 25.295476 -1.552981 4.433900 363
Car -1 -1 2.491100 1090.593700 139.041400 1190.312200 168.886100 1.468817 1.617206 4.089766 26.900871 -0.218490 36.670881 3.132135 -0.237100 361
Car -1 -1 -3.291500 704.972700 168.681200 780.944000 196.109900 1.573740 1.661088 4.150255 7.721908 1.309784 42.070316 -3.130654 2.038600 357
Car -1 -1 2.956700 695.968000 161.788800 770.701700 191.914400 1.810037 1.715474 4.318935 7.716030 1.153681 45.216568 -3.132970 1.562300 354
Car -1 -1 1.812500 393.329600 185.015200 465.115700 228.280100 1.451764 1.630507 4.125495 -6.811842 1.929525 27.405042 1.569121 7.797900 337
Car -1 -1 -1.614200 628.249400 175.461900 655.112000 199.751400 1.549492 1.641777 3.864333 2.128604 1.732396 49.200706 -1.560981 5.222300 320
Car -1 -1 1.676500 499.805500 178.630700 547.534800 216.072300 1.554053 1.712470 4.467893 -3.974582 1.847187 33.334089 1.556779 10.514600 319
Car -1 -1 1.934700 244.988500 182.663000 391.267500 265.694800 1.609923 1.673090 4.197909 -6.559997 1.868800 16.655877 1.558657 11.718900 312
Car -1 -1 1.709800 474.193000 180.967900 512.122500 208.850300 1.514823 1.662453 4.059229 -6.830197 2.022047 42.339665 1.551010 4.020000 309
Car -1 -1 2.094900 0.000000 183.500800 293.701300 341.523100 1.665125 1.672728 4.268357 -6.241584 1.856824 10.131665 1.541742 12.975900 289
