Car -1 -1 -0.147400 939.460200 154.494700 1075.300300 197.270900 1.483713 1.637925 4.141718 14.293937 0.857033 26.395946 0.361606 2.562800 339
Car -1 -1 1.747600 461.392800 180.827900 508.270900 212.988200 1.490290 1.648162 3.995284 -6.310159 1.922752 36.518129 1.588649 4.760500 337
Car -1 -1 -1.594100 638.240000 174.720900 659.364300 193.414100 1.454525 1.593152 3.761407 3.156183 1.597507 57.812216 -1.536411 4.214800 320
Car -1 -1 1.630100 542.523300 176.817400 572.122000 202.044100 1.532445 1.665576 4.148160 -3.410573 1.840576 47.300268 1.576945 6.241800 319
Car -1 -1 1.822100 396.076000 179.492100 471.651900 228.893500 1.576658 1.632144 4.014700 -6.171446 1.845513 25.731879 1.585419 8.819500 312
Car -1 -1 1.624800 510.247700 178.208800 536.946200 201.804600 1.555941 1.662323 4.054146 -6.027115 1.998069 51.360955 1.533269 6.427700 309
Car -1 -1 1.862500 324.192400 180.362500 432.371900 249.750000 1.623013 1.660736 4.046716 -6.018793 1.813960 19.143737 1.559441 11.847600 289
Car -1 -1 2.096500 46.534400 198.720200 320.681700 333.623200 1.466731 1.612178 4.042619 -6.033335 1.943509 10.824026 1.591381 13.795200 266
Car -1 -1 2.470700 0.000000 218.401500 80.873900 374.000000 1.468766 1.548823 3.615397 -6.057854 1.907668 5.247615 1.604802 4.874200 265
Car -1 -1 -1.928500 760.252900 177.781200 1023.528500 346.695900 1.545256 1.625404 3.850885 3.027839 1.624374 8.777389 -1.599284 12.559400 264
