Car -1 -1 1.721400 464.004100 172.588700 489.730600 190.237000 1.476311 1.599817 3.945894 -11.563433 1.460450 62.597199 1.539537 1.261600 387
Car -1 -1 -0.440700 941.852100 153.657100 1022.502500 180.068000 1.497332 1.603621 3.883876 21.459177 0.434140 42.092644 0.490561 -0.137600 381
Car -1 -1 -0.511400 912.942400 153.537800 992.736100 179.983200 1.596323 1.672867 4.134691 21.544204 0.430795 45.486079 -0.107302 1.645400 380
Car -1 -1 1.742100 456.624100 186.550200 519.361200 233.376400 1.437968 1.540239 3.601495 -4.198640 1.956638 24.872507 1.574353 8.542300 365
Car -1 -1 -0.271100 749.665300 163.042100 856.426200 205.248800 1.621823 1.668828 3.973206 7.713157 1.290266 29.534555 -0.018449 7.970800 357
Car -1 -1 -0.305900 752.823300 156.148600 854.138100 192.592400 1.601884 1.666687 4.096660 8.365053 0.875475 32.708861 -0.042466 3.416200 354
Car -1 -1 2.001300 189.132200 195.929400 353.058900 284.931500 1.487158 1.611101 3.890842 -6.893767 2.035963 14.965410 1.566369 12.047300 337
Car -1 -1 -1.650500 632.824800 177.878200 670.231200 208.884200 1.489837 1.607848 3.737057 1.988698 1.755695 36.448598 -1.588305 8.385300 320
Car -1 -1 1.774200 371.713200 189.516100 487.970800 268.246000 1.445478 1.665406 4.380180 -3.961086 1.859566 16.103022 1.541050 14.134800 319
Car -1 -1 2.400400 0.000000 226.819300 68.146800 374.000000 1.556804 1.628722 4.017626 -6.510728 2.047621 4.352225 1.541440 3.274000 312
