Car -1 -1 -2.909100 391.486600 191.693900 456.887300 217.223600 1.454900 1.562300 3.522300 -11.105800 2.602900 43.135800 -3.161100 -0.778600 269
Car -1 -1 -1.264500 757.468500 169.339500 787.486400 186.423200 1.478600 1.561500 3.742700 14.520200 1.174800 64.457200 -1.042900 -0.648500 268
Car -1 -1 -0.123800 691.449800 168.707400 739.607500 185.595600 1.483100 1.617500 4.070400 9.342800 1.119300 64.212800 0.020700 -0.631500 267
Car -1 -1 1.683100 506.631000 188.396400 535.302400 212.207200 1.537500 1.593200 3.853500 -6.289600 2.679200 51.048300 1.560500 2.387200 266
Car -1 -1 1.702000 493.576400 189.468800 526.022400 215.639500 1.496217 1.561975 3.702983 -6.302604 2.586086 45.449727 1.567308 6.517900 265
Car -1 -1 -1.595700 639.708500 181.054400 665.657500 205.543400 1.549000 1.653458 3.897983 2.834792 2.131786 49.026310 -1.542450 6.195000 264
Car -1 -1 -1.631400 697.492400 181.244800 769.413000 248.337200 1.489525 1.559050 3.610050 2.998888 1.724299 18.356708 -1.475383 10.157000 263
Car -1 -1 1.834100 370.046300 194.182700 455.374500 251.012000 1.522600 1.625467 3.894750 -6.153393 2.253992 22.756403 1.571158 10.960600 262
Car -1 -1 -1.818900 727.134400 181.944100 883.824600 292.399300 1.511417 1.585792 3.751250 3.002702 1.682300 12.023716 -1.574192 14.516000 261
Car -1 -1 -2.102100 808.995900 180.053100 1241.000000 374.000000 1.591000 1.696517 4.378233 2.920001 1.672894 5.317411 -1.598475 10.053400 260
