Car -1 -1 -1.021000 98.350200 201.106000 170.872700 231.636500 1.459271 1.592183 3.770789 -26.025484 3.082358 39.589233 -1.595651 6.095900 288
Car -1 -1 -1.035300 239.732800 196.190000 306.533800 227.061100 1.453437 1.602126 3.780071 -18.119555 2.752707 38.823344 -1.516896 5.094900 287
Car -1 -1 -1.019300 147.679900 201.817500 213.315500 231.567700 1.428395 1.549069 3.580968 -23.466687 3.059628 39.526354 -1.568966 5.601700 286
Car -1 -1 1.447700 751.228200 173.748100 809.241500 215.799500 1.468065 1.638530 4.238826 6.362506 1.495034 27.533263 1.714624 2.947700 283
Car -1 -1 -1.076000 185.585000 197.360200 252.366100 230.290000 1.537175 1.605592 3.677348 -20.885126 2.893383 38.677316 -1.579112 6.923800 281
Car -1 -1 1.741200 467.921300 186.943000 510.520700 218.361600 1.480020 1.570005 3.809318 -6.265891 2.225108 37.585049 1.585809 5.381700 266
Car -1 -1 1.793800 442.435100 188.755500 494.794500 224.371000 1.456131 1.559919 3.568809 -6.269352 2.153738 32.088354 1.598169 10.505500 265
Car -1 -1 -1.681200 647.946500 176.633400 689.708900 210.365400 1.577952 1.648698 3.854939 2.815165 1.751911 35.724196 -1.603829 10.317000 264
Car -1 -1 -2.029400 870.430900 186.144900 1241.000000 374.000000 1.485197 1.544022 3.520716 2.992831 1.584020 4.944676 -1.483171 9.398200 263
Car -1 -1 2.149100 0.000000 202.718100 275.911500 369.347200 1.558574 1.593786 3.708063 -6.041352 2.029697 9.336970 1.574140 12.256100 262
