Car -1 -1 1.263900 399.662500 171.101800 445.696400 197.703800 1.513940 1.596580 3.702049 -11.265526 1.410705 43.361730 1.109877 3.646500 490
Car -1 -1 2.762000 802.784000 152.962100 921.990300 196.164200 1.632734 1.640923 3.995006 9.865265 0.899776 28.597102 3.069497 0.964800 488
Car -1 -1 -1.679500 666.139000 178.632900 713.252100 214.664900 1.500940 1.629660 4.076369 3.418234 1.680230 31.922497 -1.580954 3.778500 470
Car -1 -1 -3.456500 809.213500 157.025000 935.958000 201.159700 1.517210 1.627801 3.998763 9.385067 0.933148 26.005276 -3.114419 7.746000 456
Car -1 -1 1.765500 481.330300 183.577000 526.735000 215.128800 1.488788 1.615439 3.998262 -5.482495 2.068771 37.821367 1.623721 7.242300 451
Car -1 -1 1.767600 443.915400 185.796900 499.770500 224.362400 1.461456 1.595133 3.851049 -5.727570 2.009777 30.237588 1.584349 9.116800 444
Car -1 -1 1.702900 439.741900 172.737700 471.840600 195.866100 1.460165 1.570746 3.799043 -10.104554 1.408670 47.437712 1.446609 3.797400 439
Car -1 -1 1.811100 400.435300 189.774500 471.983600 237.881100 1.427539 1.532797 3.596759 -5.741990 1.992545 24.147495 1.581219 10.319400 436
Car -1 -1 1.871800 337.360100 190.116000 441.020900 255.880400 1.487166 1.597343 3.784402 -5.802400 1.989054 19.360158 1.580330 10.618100 424
Car -1 -1 1.989800 211.754400 195.144900 387.906000 291.427600 1.485973 1.611325 3.984852 -5.767593 1.960126 13.938007 1.591540 12.453300 397
