Car -1 -1 -1.803800 822.599600 160.938000 856.387800 180.250400 1.480369 1.634463 4.151011 18.217732 0.557003 57.455516 -1.456035 2.269300 293
Car -1 -1 1.705400 489.396200 181.250600 525.280500 210.248400 1.596643 1.607151 3.875579 -6.015747 2.087115 42.736184 1.561323 2.020200 289
Car -1 -1 -0.945400 53.400700 203.089100 132.714500 236.855000 1.467631 1.570355 3.487200 -25.883183 3.045217 36.214862 -1.575485 6.804700 288
Car -1 -1 -1.097500 204.953200 197.229200 276.270500 230.789100 1.442233 1.596195 3.748877 -18.185634 2.697529 35.563406 -1.564686 5.229600 287
Car -1 -1 -0.984200 104.652600 203.471700 178.786200 235.740400 1.400142 1.531791 3.312665 -23.425431 3.013665 36.139845 -1.569110 5.822100 286
Car -1 -1 -1.058900 147.671000 196.980400 217.864400 231.091500 1.495575 1.549303 3.353349 -20.823907 2.747122 35.260272 -1.582862 7.609200 281
Car -1 -1 1.768400 453.881600 185.484800 503.867400 220.373000 1.475952 1.581299 3.904476 -6.208253 2.145496 34.358051 1.590949 7.990700 266
Car -1 -1 1.807100 422.068500 186.542900 482.073200 229.516200 1.511134 1.551548 3.567222 -6.261919 2.120191 28.725200 1.597758 10.512400 265
Car -1 -1 -1.690300 652.429700 175.123400 699.241800 212.837900 1.587362 1.648303 3.808677 2.841579 1.691889 32.399258 -1.602246 10.537800 264
Car -1 -1 -2.344800 996.174500 177.058800 1241.000000 374.000000 1.493067 1.573249 3.837039 2.982789 1.526841 1.417481 -1.470376 8.489000 263
Car -1 -1 2.359100 0.000000 218.271400 157.779300 374.000000 1.502122 1.618326 3.989044 -6.080321 2.010608 6.221539 1.581907 6.511300 262
