Car -1 -1 1.318500 257.965200 178.004100 327.764700 223.161500 1.484877 1.515743 3.389814 -11.729578 1.755830 26.486973 0.917129 3.167000 504
Car -1 -1 -0.896700 651.605600 179.872600 715.801900 206.806800 1.514649 1.591329 4.036740 5.061196 1.857842 41.794728 -1.074469 -0.016100 502
Car -1 -1 1.714900 486.973200 187.508700 523.972700 215.862500 1.453326 1.558962 3.556411 -5.939194 2.267412 39.251059 1.575026 3.642400 494
Car -1 -1 1.663200 521.430500 186.383600 548.238800 208.375100 1.467796 1.597051 3.844088 -5.460968 2.569256 52.028382 1.588680 -0.531600 493
Car -1 -1 2.661600 829.600800 147.323100 971.655200 199.526900 1.654364 1.644005 4.103120 9.650398 0.900152 24.050477 3.059409 1.185300 488
Car -1 -1 -0.712500 1126.047700 140.077500 1241.000000 177.118800 1.444229 1.637975 4.144190 23.374510 0.225610 29.075766 -0.028679 6.952300 487
Car -1 -1 -1.658000 659.027500 175.468500 702.816900 213.240300 1.639779 1.644132 3.926981 3.143020 1.807579 32.934018 -1.560850 7.070100 484
Car -1 -1 -1.729100 665.010700 175.915000 724.405300 219.985600 1.548886 1.630460 3.989285 3.098540 1.698506 27.442420 -1.615309 7.098100 470
Car -1 -1 2.736100 841.185100 151.381600 999.155300 207.197500 1.537493 1.623814 4.027988 9.134200 0.995271 21.499040 -3.140335 8.865600 456
Car -1 -1 1.782100 453.659100 184.990400 507.663200 221.018200 1.494269 1.614786 4.123023 -5.871179 2.130494 33.153392 1.612778 7.504100 451
Car -1 -1 1.796900 403.270500 187.897000 472.951600 235.510400 1.462362 1.581387 3.834807 -6.008322 2.090245 25.516777 1.565524 10.641900 444
Car -1 -1 1.446100 410.236300 174.379300 446.098400 200.375600 1.474466 1.610557 3.924653 -10.697399 1.588906 42.781409 1.302106 0.639200 439
Car -1 -1 1.872400 334.793800 194.184800 435.722000 254.526100 1.409280 1.570451 3.819747 -5.987687 2.042973 19.535963 1.572611 12.407300 436
Car -1 -1 1.948700 233.409200 197.723400 386.515400 286.388900 1.456139 1.583310 3.761058 -5.968765 2.040493 14.724108 1.568187 13.036500 424
Car -1 -1 2.125000 0.000000 202.105400 291.659600 367.112800 1.524089 1.627104 3.968743 -5.886919 2.002239 9.379694 1.569847 12.800400 397
