Car -1 -1 1.759600 453.319600 168.603600 484.165200 188.390200 1.477380 1.597017 3.869149 -10.869206 1.144515 55.589717 1.574380 0.940000 404
Car -1 -1 -0.492100 906.408400 155.861300 978.218700 179.532700 1.480089 1.589620 3.720889 21.665203 0.297443 43.848310 -0.548549 2.969300 402
Car -1 -1 -0.472300 947.162500 154.580000 1035.124200 182.889800 1.549631 1.642157 4.018893 21.847584 0.517279 41.496598 0.186290 1.529500 401
Car -1 -1 1.728100 484.494000 183.202900 518.973100 208.705900 1.499638 1.589389 3.807522 -6.800130 2.110283 45.221430 1.587957 3.947500 397
Car -1 -1 -3.383300 734.691100 165.283200 835.371100 202.598800 1.599875 1.651387 4.052909 7.628220 1.265271 31.921096 3.132706 7.008400 392
Car -1 -1 -0.584100 962.017200 150.148800 1054.874100 179.365500 1.543920 1.660214 4.137817 21.813979 0.342003 38.517829 -0.350764 4.146000 380
Car -1 -1 1.812600 357.506500 189.442700 474.518900 271.634700 1.456293 1.558368 3.587581 -4.011195 1.848520 15.158988 1.561647 10.875200 365
Car -1 -1 -3.478900 788.262600 165.291900 947.229200 217.773300 1.577279 1.684930 4.359247 7.929424 1.336032 22.618752 -3.139413 9.311000 357
Car -1 -1 2.818300 764.633300 158.719200 898.477600 209.435300 1.764115 1.715913 4.331426 7.830925 1.228466 25.787272 3.120378 7.572000 354
Car -1 -1 2.241800 0.000000 204.887700 189.312500 374.000000 1.488625 1.580765 3.773131 -6.705386 1.926273 8.224956 1.567294 9.277800 337
Car -1 -1 -1.656300 648.372400 179.028900 697.201400 218.406200 1.482314 1.640184 3.972535 2.430319 1.716623 29.648077 -1.573462 10.943300 320
Car -1 -1 1.983000 48.485000 194.574500 406.886200 374.000000 1.505065 1.678127 4.461368 -3.731829 1.828129 7.868491 1.546043 15.484200 319
