Car -1 -1 1.864500 393.248500 174.812300 439.922500 204.447400 1.579592 1.587077 3.662706 -11.047882 1.716112 41.132457 1.468307 2.758900 490
Car -1 -1 -3.593800 817.895300 152.717700 947.416400 200.028600 1.632362 1.658400 4.087464 9.910307 0.968249 26.300645 3.057666 3.395000 488
Car -1 -1 -0.671400 1095.459400 145.330900 1216.265800 179.585400 1.458332 1.635645 4.050792 23.564699 0.314641 31.303612 -0.027382 6.830100 487
Car -1 -1 -1.638500 660.665400 177.705700 700.023200 214.823200 1.683159 1.655218 3.851291 3.310360 1.928633 35.194088 -1.546839 4.325200 484
Car -1 -1 -1.723200 663.996900 179.230700 719.259700 220.214200 1.551040 1.645853 4.004964 3.272067 1.802221 29.708555 -1.609105 7.390900 470
Car -1 -1 -3.478100 824.196300 160.640800 964.536900 205.568800 1.441889 1.614628 4.019290 9.260130 1.017253 23.728581 -3.116730 9.123600 456
Car -1 -1 1.776700 468.668600 186.928300 518.128000 221.331500 1.523991 1.616360 4.005464 -5.660989 2.229783 35.421736 1.620134 6.123800 451
Car -1 -1 1.780000 425.349100 190.897400 487.363600 233.667700 1.441210 1.588505 3.876498 -5.873453 2.160018 27.890247 1.573649 9.285500 444
Car -1 -1 1.623800 428.382700 175.590100 458.365800 200.187200 1.461484 1.629812 3.989641 -10.418566 1.624753 45.172605 1.374281 4.931600 439
Car -1 -1 1.832700 370.003500 193.349900 455.414700 249.146000 1.436005 1.568572 3.686208 -5.890447 2.103112 21.879024 1.571687 9.740000 436
Car -1 -1 1.900800 292.970600 195.213500 415.103700 271.927400 1.493429 1.592883 3.681942 -5.901837 2.071016 17.015589 1.570907 11.948100 424
Car -1 -1 2.041300 116.763900 196.540200 343.270900 323.919500 1.560232 1.633174 3.854852 -5.855801 2.015307 11.636180 1.579969 12.826800 397
