Car -1 -1 1.676200 502.727100 181.478900 534.274400 206.892700 1.454953 1.563173 3.744236 -5.612449 1.991458 44.197218 1.558645 5.376200 444
Car -1 -1 1.596500 482.998600 169.860400 503.962300 188.105700 1.492597 1.633646 4.104510 -10.009321 1.217983 61.765536 1.442875 2.568800 439
Car -1 -1 1.730000 481.388000 182.554000 521.830600 211.899500 1.457585 1.559830 3.701460 -5.728976 1.923488 38.329832 1.585422 5.328500 436
Car -1 -1 1.758700 460.809400 182.290000 510.320900 216.897300 1.464301 1.582579 3.888573 -5.766909 1.903571 33.567576 1.587561 6.553300 424
Car -1 -1 2.400200 0.000000 210.720500 112.616300 374.000000 1.506111 1.546619 3.634979 -6.126452 1.918138 5.821916 1.584711 7.468300 414
Car -1 -1 -1.213600 280.898400 183.036800 417.331000 265.233200 1.624200 1.653343 4.130014 -5.952062 1.890305 16.911206 -1.549249 11.115800 405
Car -1 -1 1.795700 427.688900 182.643400 494.403100 226.651800 1.513216 1.643927 4.046955 -5.761291 1.902756 28.036556 1.587361 10.599900 397
Car -1 -1 2.608600 906.499800 148.033100 1196.238100 237.466900 1.644739 1.729658 4.632195 8.537693 1.168752 14.325564 -3.139727 12.661200 392
Car -1 -1 2.332100 1112.882900 134.089600 1241.000000 287.344000 1.646959 1.651037 4.176235 8.292171 1.173593 8.175879 3.133436 6.823500 354
Car -1 -1 -1.792300 728.762400 178.116200 880.133900 285.211200 1.500054 1.612491 3.867650 3.034216 1.601257 12.220406 -1.548297 13.481000 320
