Car -1 -1 1.774100 406.463700 191.071300 470.008000 235.277400 1.473143 1.584814 3.843289 -6.282363 2.227094 26.195658 1.536186 7.811900 408
Car -1 -1 -0.198800 739.204000 171.405900 799.746600 192.113000 1.481578 1.608526 3.949878 11.211658 1.413662 53.024296 -0.550587 0.827500 407
Car -1 -1 1.815800 419.441100 183.572200 485.651400 228.671800 1.676077 1.674651 4.102800 -6.394590 2.119209 29.501547 1.590971 5.220000 405
Car -1 -1 1.760300 442.629500 171.229600 476.314600 192.979000 1.478535 1.614906 3.961872 -10.625829 1.387904 51.259029 1.569075 1.961500 404
Car -1 -1 -0.497000 983.597900 158.154600 1080.832300 188.287700 1.529488 1.655405 4.117382 22.407583 0.852411 36.826030 0.196600 3.902400 401
Car -1 -1 1.755900 477.958900 186.813600 518.695300 215.765300 1.486117 1.608819 3.899625 -6.322820 2.290345 40.793554 1.604996 5.769500 397
Car -1 -1 2.801000 762.805400 168.306700 887.222400 211.134100 1.583232 1.641170 4.199917 8.013992 1.414475 27.241567 3.090131 9.151900 392
Car -1 -1 1.971100 183.714800 203.095500 418.612900 349.085200 1.414630 1.542060 3.488168 -3.847222 1.870347 9.400310 1.583341 13.382900 365
Car -1 -1 -3.554700 837.949200 167.563500 1049.497100 232.671000 1.537146 1.696250 4.491966 8.121063 1.409983 17.990292 -3.131349 10.409800 357
Car -1 -1 2.756400 802.059000 160.218500 979.588100 225.475800 1.832569 1.750989 4.563948 8.127411 1.449721 21.177753 3.117677 7.932200 354
Car -1 -1 -1.685000 659.773600 183.267700 719.695500 231.016300 1.465328 1.615045 3.916426 2.611354 1.838381 25.020944 -1.574198 11.810000 320
Car -1 -1 2.455400 0.000000 204.782500 195.950300 374.000000 1.483050 1.627941 4.269181 -3.570682 1.701388 2.576690 1.525904 7.221600 319
