Car -1 -1 -2.258800 1137.477000 142.917000 1237.565100 176.508500 1.537894 1.641801 4.019604 28.228284 0.155158 35.605862 -1.375445 1.926900 310
Car -1 -1 1.681200 532.893500 182.381100 554.820100 199.399900 1.485446 1.600354 4.004238 -6.223254 2.398049 67.550447 1.593825 0.820500 309
Car -1 -1 0.879400 1071.439000 138.035200 1189.762100 178.613800 1.828205 1.815205 4.999213 24.586972 0.270362 34.457386 1.502999 7.515300 304
Car -1 -1 1.739900 458.801900 182.048100 506.449300 217.872700 1.589468 1.636836 3.998809 -6.156440 2.092942 35.250282 1.553475 5.897800 289
Car -1 -1 2.129100 89.152100 194.843000 190.527600 240.332400 1.512782 1.601722 3.697515 -18.228221 2.583153 28.052615 1.564951 -0.344800 287
Car -1 -1 -0.908500 0.000000 207.724200 94.339100 248.148800 1.412146 1.564685 3.475819 -23.396911 2.977776 28.724987 -1.590189 7.056100 286
Car -1 -1 -0.931600 14.022700 201.474800 118.743500 247.215200 1.525942 1.562494 3.300867 -20.778284 2.727780 27.740659 -1.571273 6.260200 281
Car -1 -1 1.820800 406.856200 188.707500 478.273000 234.258200 1.476259 1.605901 4.059620 -6.187221 2.132233 26.912052 1.592373 10.864500 266
Car -1 -1 1.887500 349.596400 188.968700 441.740100 250.858400 1.551546 1.583882 3.538318 -6.257543 2.130919 21.284489 1.597029 11.552200 265
Car -1 -1 -1.737400 663.803200 175.346600 729.866200 225.137700 1.574438 1.651352 3.810385 2.871102 1.678285 24.927687 -1.617227 11.203200 264
