Car -1 -1 -1.253100 343.656400 168.011300 387.009600 189.849100 1.472754 1.648374 4.217531 -17.331088 1.086492 51.302019 -1.617326 2.707700 342
Car -1 -1 -3.164700 971.666400 148.500300 1119.573200 195.591200 1.471848 1.643679 4.123223 14.544004 0.725956 24.124591 -2.667232 2.022100 339
Car -1 -1 1.786400 450.305400 183.113300 500.444000 216.917800 1.464611 1.601914 3.759184 -6.390788 1.956246 34.285056 1.595465 5.758800 337
Car -1 -1 -1.644600 633.364600 176.026300 657.647600 197.062700 1.560429 1.614014 3.734516 2.826775 1.773096 55.686198 -1.566109 4.794000 320
Car -1 -1 1.691900 535.088500 178.826500 569.681500 204.899200 1.485668 1.638441 4.136887 -3.487728 1.844289 43.634979 1.591157 8.322800 319
Car -1 -1 1.834100 373.569700 181.180700 457.860700 235.232500 1.563281 1.626098 3.955799 -6.241417 1.831826 23.538963 1.571520 6.580900 312
Car -1 -1 1.670200 505.109500 181.171500 534.972800 204.641800 1.509894 1.630142 4.035882 -6.089738 2.032419 49.182033 1.548545 4.054700 309
Car -1 -1 1.906600 273.119700 178.702600 411.660600 264.155600 1.647361 1.677337 4.139242 -6.083127 1.846552 16.909244 1.559845 13.233700 289
Car -1 -1 2.191100 0.000000 208.768200 256.903700 374.000000 1.406732 1.580119 4.028215 -6.061667 1.915845 8.648162 1.583537 11.651900 266
Car -1 -1 -2.042000 794.787600 181.745500 1225.421600 374.000000 1.510644 1.621497 3.881156 2.984649 1.611608 6.505515 -1.607324 13.862700 264
