Car -1 -1 1.333200 742.798600 174.401600 790.288600 203.041100 1.478900 1.624500 4.045900 8.473400 1.568400 39.520900 1.544400 0.106000 270
Car -1 -1 -2.909100 391.486600 191.693900 456.887300 217.223600 1.454900 1.562300 3.522300 -11.105800 2.602900 43.135800 3.122085 -0.778600 269
Car -1 -1 -1.264500 757.468500 169.339500 787.486400 186.423200 1.478600 1.561500 3.742700 14.520200 1.174800 64.457200 -1.042900 -0.648500 268
Car -1 -1 -0.123800 691.449800 168.707400 739.607500 185.595600 1.483100 1.617500 4.070400 9.342800 1.119300 64.212800 0.020700 -0.631500 267
Car -1 -1 1.762700 504.447300 188.054300 537.769700 211.394000 1.474250 1.577250 3.912625 -6.148214 2.565011 50.020703 1.633742 1.753700 266
Car -1 -1 1.670200 489.729200 185.569700 522.601000 214.504300 1.591097 1.612591 3.791643 -6.395523 2.476760 44.554635 1.541149 5.319500 265
Car -1 -1 -1.634800 637.701900 180.089000 666.279000 206.112600 1.596906 1.651909 3.776686 2.729946 2.130069 47.867568 -1.565877 6.650400 264
Car -1 -1 -1.641200 701.188500 180.158300 781.526100 252.799300 1.501863 1.589049 3.652994 2.996729 1.704535 17.272418 -1.471714 10.849000 263
Car -1 -1 1.841700 357.723600 190.991300 450.750300 252.805200 1.556903 1.637580 3.998151 -6.084845 2.178945 21.605864 1.568754 11.407300 262
Car -1 -1 -1.840600 737.904400 178.906100 918.268100 304.314100 1.533157 1.600386 3.714417 3.012407 1.653583 10.906947 -1.572094 13.756300 261
Car -1 -1 -2.206400 854.052400 180.587900 1241.000000 374.000000 1.589489 1.649323 4.199009 2.924330 1.661132 4.209691 -1.598886 10.760000 260
