Car -1 -1 -2.227100 1089.386500 149.097800 1225.477900 197.453100 1.478917 1.610320 3.910684 17.936097 0.759119 23.996068 -1.572326 5.478400 363
Car -1 -1 2.491100 1090.593700 139.041400 1190.312200 168.886100 1.468817 1.617206 4.089766 26.697933 -0.171547 35.562496 3.132135 -0.237100 361
Car -1 -1 -3.292600 708.371000 169.226300 787.670800 195.840900 1.514182 1.662828 4.191127 7.701459 1.282324 40.961794 -3.115149 1.388100 357
Car -1 -1 -3.312700 696.059400 162.779400 772.166200 192.083200 1.776943 1.721177 4.340240 7.592627 1.148560 44.102885 -3.139850 2.761000 354
Car -1 -1 1.825300 382.044500 185.778900 457.908300 232.008800 1.462725 1.647746 4.158625 -6.849319 1.958454 26.230960 1.569726 9.587000 337
Car -1 -1 -1.645900 627.995900 175.253800 656.827500 198.790300 1.512415 1.630110 3.873459 2.079494 1.680991 48.055942 -1.586641 8.145400 320
Car -1 -1 1.683300 492.823300 180.462200 542.753700 217.442500 1.495678 1.693700 4.439344 -4.009119 1.821806 31.585915 1.557163 11.188800 319
Car -1 -1 1.947100 216.444200 182.600500 372.510700 276.345800 1.657435 1.677299 4.072381 -6.579259 1.902090 15.460752 1.549599 12.929700 312
Car -1 -1 1.734100 467.853600 181.980200 508.339800 210.941900 1.518641 1.651358 4.048581 -6.919939 2.048342 41.207043 1.561016 1.144400 309
Car -1 -1 2.143500 0.000000 187.151100 254.288300 368.076500 1.653799 1.674441 4.189646 -6.274108 1.861629 9.008754 1.536772 12.777800 289
