Car -1 -1 -1.329400 430.649800 183.398200 489.530200 224.095900 1.638895 1.634939 3.932811 -6.531135 2.122296 31.675623 -1.542357 8.917200 405
Car -1 -1 1.752500 449.126700 170.947200 480.627200 191.748500 1.483532 1.607720 4.026452 -10.720871 1.384416 53.612862 1.566356 0.565200 404
Car -1 -1 -0.475500 971.909500 158.288100 1066.864600 186.387200 1.494353 1.635349 4.098743 21.930417 0.692058 39.325193 0.465215 1.704500 401
Car -1 -1 1.781700 478.653800 183.649600 518.341400 211.194000 1.498222 1.587425 3.817811 -6.616894 2.176193 42.928238 1.620117 6.266700 397
Car -1 -1 2.851100 746.933400 166.356400 864.368100 207.484200 1.630739 1.673490 4.281374 7.900088 1.383438 29.626967 3.113055 9.077500 392
Car -1 -1 1.875100 296.397000 195.321000 453.729900 298.815700 1.439542 1.554078 3.561944 -3.915602 1.846446 12.240409 1.569326 12.710000 365
Car -1 -1 -3.522900 804.932400 164.460700 998.875900 224.112900 1.588191 1.704590 4.548359 8.003435 1.376803 20.307109 3.134616 12.083700 357
Car -1 -1 2.790900 781.048400 156.492600 939.885600 216.163900 1.830587 1.742859 4.511802 7.989390 1.338433 23.450689 3.121348 7.570000 354
Car -1 -1 2.315100 0.000000 204.483100 132.343500 374.000000 1.444606 1.563358 3.569964 -6.629964 1.826268 5.917814 1.562662 4.054800 337
Car -1 -1 -1.680000 652.087400 181.233900 706.250500 224.177400 1.483837 1.624794 3.855080 2.491007 1.782450 27.259414 -1.584503 9.282300 320
Car -1 -1 2.124700 0.000000 200.915500 331.084500 374.000000 1.459599 1.637191 4.257724 -3.647748 1.748566 5.186995 1.527087 11.921400 319
