Car -1 -1 -2.999900 756.632900 165.231800 836.371300 195.399100 1.490763 1.605297 3.796309 9.507726 1.097086 36.856193 -2.873200 -0.487000 456
Car -1 -1 3.418200 479.632700 182.687800 545.140000 206.431700 1.494843 1.593741 3.935665 -6.090560 2.118644 47.464672 -2.435061 -0.578700 451
Car -1 -1 1.637100 493.708000 179.536200 528.156800 209.154800 1.508784 1.612106 4.047350 -5.502759 1.962678 40.658709 1.530425 5.248300 444
Car -1 -1 1.583200 480.177000 168.757500 502.392800 188.093200 1.490354 1.663355 4.131620 -9.594759 1.191161 58.240755 1.408457 1.837300 439
Car -1 -1 1.731400 471.412000 182.182000 516.455000 215.647100 1.477481 1.572828 3.743381 -5.563108 1.945239 34.838672 1.572594 7.046900 436
Car -1 -1 1.781600 445.159300 183.733500 502.598800 222.513500 1.459753 1.584660 3.744779 -5.599173 1.910465 29.977281 1.588569 8.155900 424
Car -1 -1 -1.128800 185.747400 184.014900 378.271600 292.772000 1.667653 1.667202 4.046639 -5.857486 1.889851 13.375128 -1.544021 12.541800 405
Car -1 -1 1.831200 402.842100 182.825000 479.767100 232.395900 1.520910 1.639151 3.869434 -5.677504 1.878314 24.580025 1.600445 10.686700 397
Car -1 -1 -3.801500 1000.937000 139.132900 1241.000000 257.467900 1.624819 1.698942 4.364630 8.500912 1.137726 10.733021 -3.135294 10.564800 392
Car -1 -1 -1.877900 773.160000 179.883900 1030.996000 350.401400 1.519124 1.620153 3.957984 3.104241 1.644366 8.669813 -1.536153 12.387800 320
