Car -1 -1 -1.942800 850.058600 156.347400 892.928100 178.392300 1.604480 1.655103 4.009671 19.475133 0.403242 53.988662 -1.583380 2.497000 446
Car -1 -1 1.697900 501.105000 179.419500 533.993400 203.749800 1.473960 1.614383 4.017751 -5.950109 1.907790 46.627214 1.581083 2.245100 444
Car -1 -1 -1.711600 483.330800 171.909800 506.821000 188.885100 1.458330 1.578432 3.646601 -10.122535 1.339272 63.602927 -1.779816 0.802600 439
Car -1 -1 1.676500 130.007500 163.077300 209.489200 219.052000 1.521777 1.604562 3.930357 -13.019826 1.168155 20.406389 1.046632 0.551600 437
Car -1 -1 1.731700 486.582600 178.605400 524.731900 207.529500 1.517966 1.556288 3.722395 -5.865500 1.855866 40.646784 1.590140 6.122800 436
Car -1 -1 1.749100 467.736800 180.965200 514.000300 213.029900 1.470012 1.612874 3.830102 -5.913258 1.884994 35.920365 1.575617 5.750400 424
Car -1 -1 2.234600 0.000000 207.826100 220.301400 374.000000 1.486807 1.572209 3.558082 -6.143282 1.948040 8.036597 1.580236 10.716900 414
Car -1 -1 -1.245000 322.826400 180.704600 436.657200 252.419000 1.639713 1.649189 4.128893 -6.020798 1.896239 19.241120 -1.545961 11.123500 405
Car -1 -1 1.846000 400.934100 175.000100 449.198700 204.671900 1.509772 1.575429 3.738268 -9.828292 1.631030 38.432204 1.596944 2.376900 404
Car -1 -1 1.768100 439.018500 178.796200 495.690500 219.642400 1.537203 1.607365 3.817731 -5.909392 1.843496 30.148621 1.584618 10.133900 397
Car -1 -1 -3.614900 862.361100 148.151600 1101.419900 223.169800 1.650068 1.738750 4.629883 8.437738 1.117206 16.735296 3.134242 12.557800 392
Car -1 -1 2.352300 1081.366100 146.564300 1241.000000 291.454100 1.553234 1.644090 4.220458 8.189288 1.271516 7.418017 3.113346 7.275500 357
Car -1 -1 2.448100 1012.736800 122.429200 1241.000000 264.908500 1.872157 1.719953 4.372486 8.446537 1.221485 10.540107 3.133685 8.524900 354
Car -1 -1 -1.746800 709.572300 177.658000 827.227400 263.738300 1.468738 1.616789 3.871103 2.982478 1.609071 14.571436 -1.549213 13.791800 320
