Car -1 -1 1.700500 490.479000 179.831300 525.728200 208.318600 1.604508 1.616163 3.957376 -6.071728 2.068109 43.963257 1.556326 3.596900 289
Car -1 -1 -0.985000 69.046100 202.913100 147.670100 235.633500 1.459262 1.583395 3.698945 -25.945888 3.041929 37.424977 -1.590679 6.284500 288
Car -1 -1 -1.103500 215.723700 196.370600 284.821500 228.715800 1.440669 1.591170 3.742042 -18.184874 2.688755 36.539214 -1.556896 4.200500 287
Car -1 -1 -1.023800 119.936300 203.221300 188.212500 234.289500 1.400534 1.525467 3.308239 -23.496066 3.033211 37.264981 -1.585468 9.414700 286
Car -1 -1 -1.039200 161.055500 197.378700 230.900300 231.862900 1.525793 1.569210 3.458115 -20.846929 2.841771 36.406611 -1.566944 8.780900 281
Car -1 -1 1.764900 460.806700 187.202800 507.437100 219.812700 1.442705 1.555895 3.814637 -6.189300 2.187762 35.418560 1.593456 6.521300 266
Car -1 -1 1.815100 428.233300 188.564900 487.210500 228.696800 1.470576 1.558261 3.623402 -6.280571 2.150318 29.873212 1.605943 10.641500 265
Car -1 -1 -1.677900 650.218800 175.111900 695.544800 212.119900 1.597008 1.655590 3.905236 2.813519 1.718329 33.540626 -1.601997 9.423300 264
Car -1 -1 -2.344800 996.174500 177.058800 1241.000000 374.000000 1.493067 1.573249 3.837039 2.982185 1.538443 2.549958 -1.470376 8.489000 263
Car -1 -1 2.271200 0.000000 212.338000 202.947600 374.000000 1.508144 1.600407 3.716962 -6.046568 2.000321 7.298409 1.578035 8.517400 262
