Car -1 -1 -1.942800 850.058600 156.347400 892.928100 178.392300 1.604480 1.655103 4.009671 19.493268 0.200591 52.734684 -1.583380 2.497000 446
Car -1 -1 1.697900 501.105000 179.419500 533.993400 203.749800 1.473960 1.614383 4.017751 -5.897340 1.900750 45.503056 1.581083 2.245100 444
Car -1 -1 1.671300 480.803600 168.210600 503.547400 185.736300 1.466852 1.579650 3.699327 -10.150974 1.145299 62.490258 1.453196 -0.255800 439
Car -1 -1 1.738500 484.226200 179.711500 524.134300 208.869100 1.498824 1.561982 3.726478 -5.787466 1.855602 39.554252 1.592093 6.437900 436
Car -1 -1 1.758700 463.679700 181.851500 512.189800 215.119100 1.463493 1.604579 3.868925 -5.842386 1.890776 34.709411 1.585716 6.242200 424
Car -1 -1 2.296200 0.000000 208.876000 174.265600 374.000000 1.496259 1.550696 3.573297 -6.114287 1.937015 6.930973 1.577124 8.131700 414
Car -1 -1 -1.221800 302.473500 183.531000 429.633100 258.648500 1.612388 1.653089 4.178093 -5.971674 1.889150 18.074828 -1.543018 11.991000 405
Car -1 -1 1.846000 400.934100 175.000100 449.198700 204.671900 1.509772 1.575429 3.738268 -9.743735 1.662169 37.098482 1.596944 2.376900 404
Car -1 -1 1.770900 433.673400 182.800900 493.879900 222.936400 1.488809 1.622776 3.897377 -5.861878 1.862382 29.113802 1.576943 9.660500 397
Car -1 -1 2.640800 887.719200 150.197700 1142.434500 228.456900 1.611955 1.712762 4.559376 8.497985 1.118856 15.520673 3.139346 12.563100 392
Car -1 -1 -3.845100 1049.117500 125.066800 1241.000000 274.097600 1.785720 1.695755 4.277256 8.310404 1.191653 9.305605 -3.131083 8.155500 354
Car -1 -1 -1.766800 716.520600 177.324200 851.547600 275.600400 1.506291 1.623965 3.971285 3.007050 1.615572 13.437164 -1.547969 13.132100 320
