Car -1 -1 1.714600 485.066900 183.867900 521.725600 211.125800 1.497217 1.614911 3.959777 -6.211346 2.107869 41.746100 1.571923 0.957300 424
Car -1 -1 -0.720900 1149.466100 146.438600 1241.000000 189.471500 1.516120 1.685457 4.357969 22.968103 0.542421 25.690957 -0.014826 4.788700 423
Car -1 -1 -0.633000 1088.973400 148.772500 1210.620800 188.514000 1.617156 1.664871 3.980309 22.374333 0.590072 28.790219 0.005171 3.186000 418
Car -1 -1 2.001900 190.507200 194.445600 359.535500 292.876300 1.499882 1.557679 3.547564 -6.247402 1.981708 13.788465 1.573983 13.962200 414
Car -1 -1 1.737800 521.199200 182.566200 548.151100 201.863300 1.485555 1.586953 3.899931 -6.248058 2.285582 59.822690 1.625854 1.128800 412
Car -1 -1 -1.311500 388.128300 184.907500 467.672200 237.516300 1.589862 1.656215 4.132351 -6.211876 2.032474 24.952146 -1.550711 9.470000 405
Car -1 -1 -1.446000 434.922600 172.720700 469.147300 197.650300 1.516535 1.641196 4.172277 -10.221504 1.550014 46.837057 -1.626916 1.894900 404
Car -1 -1 1.751800 463.238800 181.984100 508.608900 214.684200 1.498089 1.590309 3.749068 -6.168937 2.010037 36.138370 1.592244 6.671500 397
Car -1 -1 2.755800 800.967000 158.941400 955.447700 215.542900 1.696367 1.669766 4.260162 8.276993 1.309183 22.611531 3.103150 11.064200 392
Car -1 -1 2.316100 0.000000 213.023400 247.158700 374.000000 1.405252 1.515322 3.428635 -3.775439 1.756228 4.026417 1.576881 8.139600 365
Car -1 -1 -3.716200 914.182400 161.586500 1223.246200 254.118800 1.584622 1.724073 4.578929 8.241274 1.391761 13.315354 3.131594 11.181800 357
Car -1 -1 2.673400 862.699300 149.672300 1103.992500 233.929900 1.811799 1.754216 4.639024 8.312300 1.309574 16.455045 3.139320 9.843200 354
Car -1 -1 -1.706800 675.303300 180.267000 753.486800 241.736900 1.521875 1.632049 3.895851 2.801652 1.761268 20.391287 -1.565630 13.115700 320
