Car -1 -1 1.774100 406.463700 191.071300 470.008000 235.277400 1.473143 1.584814 3.843289 -6.427175 2.174318 27.128870 1.536186 7.811900 408
Car -1 -1 -1.703900 724.039900 173.247700 751.203600 193.040400 1.467757 1.568270 3.725649 9.705631 1.504876 55.212347 -1.541891 -0.276400 407
Car -1 -1 1.764000 426.857900 180.315300 485.369600 226.026600 1.714893 1.655956 4.013441 -6.466030 2.106818 30.528012 1.571984 4.414500 405
Car -1 -1 1.807800 446.017500 170.905600 480.727800 191.845100 1.467749 1.598250 3.946616 -10.600325 1.362060 52.316973 1.591851 2.018900 404
Car -1 -1 -0.497000 983.597900 158.154600 1080.832300 188.287700 1.529488 1.655405 4.117382 22.166114 0.783320 38.057411 0.196600 3.902400 401
Car -1 -1 1.754200 477.774500 186.045800 519.089900 214.310500 1.489865 1.620660 4.042215 -6.485664 2.250041 41.934207 1.608549 1.981300 397
Car -1 -1 2.812000 754.560600 168.589300 872.774400 210.973200 1.619528 1.636105 4.216126 7.937475 1.433764 28.413614 3.095036 9.198500 392
Car -1 -1 1.921400 253.356000 198.459400 436.377300 315.680700 1.408367 1.534067 3.433428 -3.879408 1.838136 10.830061 1.577097 12.834200 365
Car -1 -1 2.758200 822.905600 169.053100 1019.324800 227.816100 1.526702 1.690505 4.509387 8.066434 1.388737 19.156020 -3.134179 12.003200 357
Car -1 -1 2.752600 793.965700 157.789800 966.455400 219.719800 1.835107 1.755987 4.622923 8.161777 1.378935 22.350977 3.111492 7.147400 354
Car -1 -1 -1.650000 656.561500 182.099800 710.578900 226.664500 1.459711 1.624180 3.935560 2.539604 1.798742 26.188526 -1.564971 10.961500 320
Car -1 -1 2.260200 0.000000 198.354600 275.709000 374.000000 1.494457 1.646776 4.140839 -3.622222 1.733192 3.911332 1.527528 8.879700 319
