Car -1 -1 -1.758700 652.582900 178.144700 695.087500 210.114300 1.566881 1.605398 3.682680 3.324032 1.888278 38.599503 -1.663002 1.836400 538
Car -1 -1 -1.768000 676.426800 183.706900 744.897600 231.409600 1.466266 1.598070 3.879052 3.312001 1.830287 24.622773 -1.634811 8.715600 537
Car -1 -1 1.681300 439.032500 168.559400 471.995600 192.327100 1.471927 1.640016 4.143094 -10.096864 1.210974 47.149400 1.478283 3.106700 531
Car -1 -1 1.335100 698.995400 184.635100 791.450600 247.435400 1.420890 1.540389 3.549792 3.373757 1.742718 18.820227 1.517580 12.733500 527
Car -1 -1 1.746300 486.743700 178.815000 527.291500 210.142300 1.569290 1.588069 3.736543 -5.614613 1.960998 39.429235 1.594619 5.644800 522
Car -1 -1 -1.710600 657.556100 177.883200 703.913500 214.022500 1.539241 1.607397 3.820682 3.176952 1.802924 33.336333 -1.620560 8.532100 519
Car -1 -1 1.887100 401.143000 186.236900 484.612100 236.029800 1.452715 1.601561 4.010464 -5.570177 1.942696 24.332102 1.667953 11.028600 511
Car -1 -1 1.945300 258.406000 191.742600 401.182800 280.264100 1.528920 1.555451 3.619669 -5.762930 1.965282 15.215518 1.578254 10.928100 494
Car -1 -1 -1.906800 774.256500 179.875900 1037.255000 343.403800 1.553167 1.647673 4.049833 3.281150 1.648220 9.047271 -1.559047 14.466300 484
Car -1 -1 -2.335200 930.317900 193.405000 1241.000000 374.000000 1.492039 1.595753 3.980442 3.231939 1.674927 3.460607 -1.595327 8.587200 470
Car -1 -1 2.150700 0.000000 200.605800 312.404100 368.355700 1.490416 1.657241 4.400110 -5.778151 1.919005 9.426178 1.604282 13.771600 451
