Car -1 -1 1.856800 224.077300 168.478300 287.257400 202.229900 1.455870 1.598307 3.706549 -16.283050 1.290081 33.228854 1.427647 2.884200 576
Car -1 -1 0.560000 31.743900 179.817200 196.387500 231.679500 1.466759 1.573011 3.874604 -14.856224 1.668799 21.652130 -0.046424 3.400100 575
Car -1 -1 -1.391100 818.040600 157.337300 845.810800 175.450400 1.476073 1.600605 3.865126 18.650235 0.324878 59.482823 -1.217275 -0.675700 573
Car -1 -1 -1.714700 683.363300 174.678300 746.027100 223.323600 1.516315 1.595447 3.803201 3.467699 1.580235 24.759246 -1.573906 4.372900 571
Car -1 -1 1.759300 415.678500 183.022400 480.371300 230.277400 1.475424 1.547716 3.553973 -5.640029 1.802189 25.216957 1.537017 8.581300 544
Car -1 -1 -1.824600 688.045700 175.285300 777.748400 238.417400 1.538950 1.547326 3.419028 3.152815 1.563435 19.285031 -1.663251 8.385700 538
Car -1 -1 -2.157300 860.539700 185.687800 1241.000000 374.000000 1.466526 1.558461 3.839701 3.245215 1.571718 5.245325 -1.608042 10.247200 537
Car -1 -1 1.852700 353.112800 186.549100 447.476500 246.385200 1.477929 1.571917 3.609976 -5.767370 1.814006 20.053037 1.573835 12.584200 522
Car -1 -1 -1.833000 712.486700 176.516300 845.708900 266.283300 1.496401 1.581687 3.601409 3.067615 1.524939 13.930227 -1.616768 14.138500 519
Car -1 -1 2.408000 0.000000 219.139100 157.924500 374.000000 1.465774 1.586491 3.809875 -5.552761 1.908735 5.426258 1.633851 6.429600 511
