Car -1 -1 1.718100 519.698700 181.948400 548.534300 203.725700 1.476511 1.580342 3.777378 -5.503325 2.148614 51.909217 1.612895 2.196100 522
Car -1 -1 -1.633000 646.643600 176.600200 676.291900 202.458500 1.542799 1.620828 3.886077 3.167985 1.815030 45.832247 -1.581481 3.204300 519
Car -1 -1 -1.209900 671.035500 164.802200 708.382700 183.870300 1.481685 1.629108 4.173660 6.493477 0.881295 57.375726 -1.106949 1.438400 518
Car -1 -1 1.826600 473.017100 182.436900 525.489600 215.753000 1.519425 1.651449 4.180963 -5.639503 2.097100 36.912127 1.666063 7.998400 511
Car -1 -1 -3.576600 855.439300 155.191500 1050.276800 219.325000 1.483541 1.589686 4.026379 8.241621 1.074427 17.680562 3.139668 8.269900 510
Car -1 -1 2.585400 939.984300 143.869600 1159.975100 227.250000 1.603953 1.553098 3.668125 8.903930 1.064445 14.874125 3.138365 8.038300 507
Car -1 -1 1.805500 425.356600 187.514400 488.736600 231.879000 1.478390 1.556603 3.663126 -5.838226 2.110381 27.674931 1.596414 7.403900 494
Car -1 -1 -3.807400 1025.680700 133.454500 1241.000000 232.476300 1.623787 1.628216 3.924738 9.579482 0.975071 12.532415 3.140764 5.236100 488
Car -1 -1 -1.712000 684.867900 175.251600 760.173600 235.178700 1.604513 1.644006 4.026076 3.189821 1.685347 21.523198 -1.567583 9.588300 484
Car -1 -1 -1.794900 708.369100 179.000900 821.163300 256.450600 1.466534 1.608910 3.807990 3.198015 1.614459 15.926543 -1.597289 12.788000 470
Car -1 -1 -3.870000 1093.286900 132.277400 1241.000000 257.049400 1.560554 1.631949 4.044720 9.145997 1.022914 9.909582 -3.098473 7.565200 456
Car -1 -1 1.874200 365.148200 190.834700 463.518100 249.103800 1.471682 1.641566 4.285665 -5.840697 2.063311 21.806382 1.613182 13.371500 451
Car -1 -1 1.947800 206.970500 194.937200 380.786100 293.345100 1.479645 1.628557 4.247028 -6.012152 1.999068 14.164880 1.550040 14.426200 444
Car -1 -1 2.178600 0.000000 210.888000 239.132800 374.000000 1.450267 1.527647 3.471612 -5.937891 1.982759 8.238205 1.561021 11.879400 436
