Car -1 -1 -1.735200 651.474200 179.296200 691.438400 208.544100 1.515543 1.608317 3.752628 3.294517 1.867140 39.717677 -1.647255 2.625100 538
Car -1 -1 -1.764000 673.191300 182.231800 740.222200 228.975200 1.510873 1.633298 3.994672 3.342501 1.823490 25.821526 -1.635154 5.437900 537
Car -1 -1 1.691300 441.839700 169.012400 474.273400 191.846800 1.454174 1.624670 3.931283 -10.095000 1.199641 48.119261 1.490392 5.644600 531
Car -1 -1 1.356900 695.822400 182.381000 778.901600 240.862100 1.419742 1.512702 3.534407 3.374677 1.714438 19.937787 1.526284 13.201800 527
Car -1 -1 1.729500 490.972300 181.661800 529.838100 210.840900 1.515232 1.605494 3.800039 -5.598115 2.007724 40.452738 1.577985 4.652500 522
Car -1 -1 -1.721400 655.196400 178.732600 700.939500 213.493100 1.525230 1.607392 3.846219 3.171560 1.820783 34.383525 -1.628262 7.873500 519
Car -1 -1 1.897500 408.602600 186.567100 491.581600 233.096900 1.431866 1.610558 4.140172 -5.571516 1.932840 25.425097 1.677586 10.163500 511
Car -1 -1 1.904000 291.278700 189.767600 414.474800 268.422900 1.500150 1.539515 3.586124 -5.732224 1.930488 16.349903 1.571870 10.803700 494
Car -1 -1 -1.869400 760.160300 177.847500 975.015300 317.665700 1.564278 1.634038 3.943419 3.272987 1.639132 10.150584 -1.558961 12.987600 484
Car -1 -1 -2.235400 880.879800 195.917800 1241.000000 374.000000 1.480130 1.604901 3.989895 3.238717 1.701024 4.467407 -1.596019 10.159000 470
Car -1 -1 2.108400 45.959500 194.745100 333.162700 334.139800 1.485748 1.629315 4.214861 -5.770995 1.880764 10.498295 1.607974 13.788600 451
