Car -1 -1 1.748800 500.218500 181.855300 536.020000 207.650300 1.452426 1.551243 3.535943 -5.551186 2.008340 43.442307 1.612871 2.648900 544
Car -1 -1 -1.765400 652.361000 177.485800 695.408500 209.476900 1.564853 1.586855 3.585210 3.271821 1.836938 37.598536 -1.673138 3.589700 538
Car -1 -1 -1.776600 677.939100 183.239100 752.053800 234.161500 1.461034 1.587397 3.971293 3.289737 1.825280 23.532725 -1.636906 8.059700 537
Car -1 -1 1.676600 434.323500 168.766700 466.370300 194.443600 1.524629 1.613492 3.897800 -10.104323 1.278526 45.818303 1.466427 5.849000 531
Car -1 -1 1.338600 705.661000 183.308000 799.586900 250.849600 1.436842 1.513388 3.446400 3.355126 1.732952 17.696967 1.522289 13.543800 527
Car -1 -1 1.720200 482.946700 180.297000 523.454600 211.581200 1.553907 1.599089 3.669151 -5.641899 1.952974 38.293286 1.581629 4.971300 522
Car -1 -1 -1.686600 659.626100 178.346400 705.619600 215.609800 1.539339 1.604741 3.830705 3.164232 1.800198 32.276795 -1.601302 8.650500 519
Car -1 -1 1.898600 384.657300 185.467100 478.551200 237.023200 1.434412 1.627851 4.139964 -5.609966 1.888502 23.168209 1.662853 11.707900 511
Car -1 -1 1.951900 227.214600 192.952000 387.632100 287.301700 1.507400 1.571612 3.711219 -5.762726 1.944492 14.105715 1.569630 14.011300 494
Car -1 -1 -1.954700 790.155800 176.026300 1118.370500 374.000000 1.586685 1.672967 4.056796 3.270464 1.649552 7.921493 -1.562108 12.760200 484
Car -1 -1 -2.503500 1021.241800 181.391600 1241.000000 374.000000 1.478171 1.601159 4.088448 3.146760 1.575113 2.211440 -1.560391 3.650600 470
Car -1 -1 2.207400 0.000000 203.576500 276.519600 374.000000 1.469455 1.648748 4.311601 -5.761585 1.905685 8.303904 1.602686 13.160900 451
