Car -1 -1 -0.961900 34.778000 171.579500 96.675500 193.090300 1.469830 1.598415 3.865917 -38.466356 1.377940 51.054362 -1.558491 -0.214200 634
Car -1 -1 -1.636600 646.824300 171.543100 673.232800 193.587300 1.461366 1.566223 3.717206 3.241527 1.385598 49.090437 -1.606311 0.436700 631
Car -1 -1 0.719600 0.000000 202.377400 116.950100 258.773100 1.470010 1.623879 4.201712 -16.733131 2.345932 20.505334 0.025162 6.665400 630
Car -1 -1 -1.062200 328.086300 158.395700 376.586000 179.797900 1.474495 1.604274 3.888444 -18.465008 0.463944 51.624171 -1.453711 1.728700 627
Car -1 -1 -3.482100 811.064400 167.950400 911.654700 206.188900 1.509384 1.580188 3.689097 10.210743 1.334858 29.473393 3.128275 9.997900 617
Car -1 -1 -2.499500 37.043800 200.698000 159.576800 239.354500 1.441070 1.594753 3.733512 -20.414470 2.579413 28.905254 -3.108831 5.007000 611
Car -1 -1 1.314600 199.919800 186.617400 253.004100 217.030200 1.456344 1.575603 3.711545 -20.358738 2.223912 38.138924 0.802254 4.020700 593
Car -1 -1 -2.690200 221.221000 176.611200 360.148400 229.527000 2.023256 1.832203 4.726441 -12.760396 2.220954 28.906641 -3.105633 7.462200 590
Car -1 -1 -2.188100 869.087500 193.952500 1241.000000 374.000000 1.442811 1.571900 3.706711 3.030417 1.644551 4.437653 -1.593398 9.847300 571
Car -1 -1 2.414100 0.000000 209.467400 97.926200 374.000000 1.512656 1.568057 3.570477 -6.103919 1.900170 4.544660 1.555931 3.094300 544
