Car -1 -1 1.404300 741.588600 167.933400 768.519800 187.754300 1.538092 1.585013 3.703316 11.853254 1.225570 59.461583 1.606879 1.591400 533
Car -1 -1 1.671800 460.061600 169.707000 486.686000 190.281500 1.452295 1.574957 3.741222 -9.986032 1.254382 52.679016 1.491442 5.600900 531
Car -1 -1 1.386000 680.112800 184.316600 743.729200 231.085600 1.421693 1.524377 3.563670 3.346216 1.807865 24.474336 1.522621 10.802200 527
Car -1 -1 1.693500 504.862900 182.200100 539.173900 208.360800 1.495853 1.617560 3.898691 -5.545266 2.087431 45.184580 1.574753 3.608500 522
Car -1 -1 -1.709100 651.024100 180.376700 690.237500 212.085000 1.576636 1.593279 3.789117 3.181749 1.956547 38.932535 -1.621667 6.883300 519
Car -1 -1 1.860700 441.938300 186.542100 507.856200 225.702300 1.432225 1.604153 4.000108 -5.554820 2.025913 29.916146 1.673281 8.723700 511
Car -1 -1 2.470300 1000.456500 150.099600 1241.000000 262.549300 1.544084 1.607162 4.014938 8.283202 1.244367 10.874494 3.134073 10.092300 510
Car -1 -1 1.849600 363.818900 191.942300 453.005300 251.198600 1.478901 1.551118 3.580658 -5.771131 2.041320 20.854622 1.584305 9.995200 494
Car -1 -1 -1.789100 717.967300 175.696200 843.657700 268.343900 1.597812 1.640344 3.846249 3.246502 1.680040 14.622683 -1.568702 12.727500 484
Car -1 -1 -1.946000 771.501200 181.191000 1030.571200 334.484000 1.483849 1.611064 3.873022 3.271177 1.616115 9.071016 -1.594613 13.445100 470
Car -1 -1 1.972500 240.484700 193.406900 403.699700 280.701900 1.448397 1.617887 4.251609 -5.801075 1.929230 14.980063 1.608582 14.320500 451
Car -1 -1 2.216400 0.000000 209.343400 223.800000 374.000000 1.422537 1.626612 4.137116 -5.938186 1.898433 7.453323 1.550410 11.052800 444
