Car -1 -1 0.503100 91.533400 182.906000 232.079400 228.962300 1.453596 1.577616 3.681327 -14.834784 1.807169 23.884038 -0.033602 4.901500 550
Car -1 -1 -2.705200 507.556700 174.474800 559.011700 194.917200 1.608690 1.658527 3.879965 -6.868490 1.736450 59.795248 -2.785099 5.346300 548
Car -1 -1 1.699100 490.828200 179.370400 527.818200 207.443300 1.473796 1.579600 3.666195 -5.625750 1.840478 40.302875 1.566309 1.883600 544
Car -1 -1 -1.762300 656.022200 174.315000 705.357600 209.500900 1.544602 1.613093 3.685144 3.235590 1.645528 34.064465 -1.661996 2.944100 538
Car -1 -1 -1.781700 688.330800 179.678800 776.106100 238.961500 1.452797 1.605818 3.960744 3.256609 1.688391 20.211554 -1.625945 9.425900 537
Car -1 -1 1.722700 418.425000 162.235900 456.622000 190.600600 1.597165 1.628128 3.914701 -10.179005 1.067357 42.651970 1.482887 1.602400 531
Car -1 -1 1.297600 724.261000 180.912600 851.367400 264.820300 1.440268 1.537139 3.453715 3.363397 1.638178 14.456454 1.521378 14.259600 527
Car -1 -1 1.754200 468.357700 176.415700 514.228900 209.231000 1.491336 1.570648 3.453345 -5.686075 1.698981 34.780088 1.588951 8.292500 522
Car -1 -1 -1.703500 663.597600 173.786800 715.841900 215.327600 1.543655 1.602022 3.762603 3.106621 1.627266 28.982707 -1.604774 8.752400 519
Car -1 -1 1.941900 345.717600 183.985800 458.605300 245.587800 1.453778 1.615746 4.079948 -5.646023 1.802519 19.892900 1.666284 12.074000 511
Car -1 -1 2.085800 92.047600 197.771800 329.721000 322.735800 1.460706 1.561295 3.525015 -5.779380 1.889443 10.851781 1.590153 13.498100 494
Car -1 -1 -2.194400 888.246700 179.983800 1241.000000 374.000000 1.612916 1.643282 3.935809 3.261311 1.693342 4.555012 -1.564529 10.600400 484
Car -1 -1 2.443400 0.000000 212.026600 131.507000 374.000000 1.475451 1.618848 4.227081 -5.759480 1.869681 5.138241 1.600818 8.401100 451
