Car -1 -1 1.681000 519.191900 182.034800 547.464600 203.962200 1.493740 1.629608 4.007089 -5.635028 2.184329 52.992016 1.611914 3.500900 522
Car -1 -1 -1.670800 642.360100 177.707800 673.198700 202.797100 1.524343 1.601610 3.839418 3.038402 1.844139 46.779008 -1.610752 3.629900 519
Car -1 -1 -1.209900 671.035500 164.802200 708.382700 183.870300 1.481685 1.629108 4.173660 6.444441 0.826100 58.378771 -1.106949 1.438400 518
Car -1 -1 1.793700 476.585600 185.882100 525.794300 216.575500 1.470174 1.655327 4.176763 -5.687474 2.162685 37.991928 1.650142 5.178500 511
Car -1 -1 -3.550900 841.276500 158.681500 1018.959000 215.989300 1.458851 1.590635 4.049321 8.247005 1.059459 18.874875 3.134302 8.196500 510
Car -1 -1 -3.622800 914.073400 149.959800 1118.073000 223.689900 1.568765 1.562803 3.776415 8.913616 1.069864 16.038590 -3.123194 8.803100 507
Car -1 -1 1.789300 433.639400 189.792600 492.178000 229.951300 1.424747 1.545754 3.638379 -5.844170 2.125842 28.815060 1.594008 7.889000 494
Car -1 -1 -3.721600 991.402100 135.045700 1241.000000 227.959300 1.653215 1.633419 3.998906 9.589975 0.982583 13.671952 -3.121746 5.590100 488
Car -1 -1 -1.713600 680.871700 175.123900 752.586500 231.895000 1.600326 1.644501 4.060825 3.177878 1.685587 22.677075 -1.573056 10.029200 484
Car -1 -1 -1.784000 700.424600 179.276900 805.984600 249.597200 1.457366 1.627211 3.902306 3.179339 1.598823 17.113500 -1.600345 12.918700 470
Car -1 -1 2.579100 1045.075900 130.944100 1241.000000 242.254900 1.566142 1.615686 3.938285 9.112209 0.970262 11.147243 -3.062023 9.740700 456
Car -1 -1 1.856300 378.242500 188.752900 469.038200 243.459500 1.466151 1.640541 4.232536 -5.871329 2.046908 22.942427 1.612666 11.646700 451
Car -1 -1 1.928500 241.533900 195.464100 395.988100 280.224900 1.435547 1.627680 4.204682 -6.026885 1.987471 15.307660 1.554635 14.876600 444
Car -1 -1 2.137300 0.000000 207.393000 276.921400 358.959600 1.441962 1.543579 3.482796 -5.957956 1.985586 9.359708 1.569307 14.094400 436
Car -1 -1 2.337600 0.000000 217.670800 125.261300 374.000000 1.467066 1.539730 3.611368 -5.953203 1.966029 4.706675 1.556986 7.878600 424
