Car -1 -1 1.692500 328.035700 180.798200 372.755400 213.008100 1.509928 1.655243 4.180438 -13.413799 1.949821 37.325798 1.240770 -0.678400 638
Car -1 -1 -1.714700 747.891400 170.450000 796.899800 204.903900 1.452734 1.591643 3.811167 7.208634 1.352305 32.269894 -1.462747 5.302700 637
Car -1 -1 -0.943700 23.082100 171.560600 86.960500 193.532900 1.464853 1.597007 3.803294 -38.368436 1.387599 49.010194 -1.584050 2.268100 634
Car -1 -1 0.726300 0.000000 200.818900 79.429400 263.406200 1.485279 1.646192 4.236885 -16.731785 2.314854 18.867015 0.004079 5.663700 630
Car -1 -1 -1.213800 319.878300 159.215300 364.953900 181.900700 1.521439 1.626107 4.022365 -18.544378 0.514007 50.122593 -1.542350 2.842800 627
Car -1 -1 -3.500500 820.554400 168.879100 927.178800 210.093500 1.509643 1.568260 3.625197 10.117598 1.362501 27.951870 3.136237 9.069300 617
Car -1 -1 -2.470000 10.801800 201.358600 139.174200 243.952400 1.466898 1.602950 3.700749 -20.262427 2.580297 27.257745 -3.107222 5.784200 611
Car -1 -1 1.250200 179.985200 189.395100 243.668100 222.726300 1.486097 1.587023 3.931513 -20.307431 2.322022 36.495117 0.767595 -0.752900 593
Car -1 -1 -2.682200 201.613700 177.840300 345.650400 236.132100 2.095935 1.863919 4.680909 -12.791961 2.269136 27.393468 -3.119251 7.397400 590
Car -1 -1 -2.429800 946.396600 195.962200 1241.000000 374.000000 1.462666 1.552721 3.817686 3.013533 1.618558 2.844924 -1.611460 9.344600 571
