Car -1 -1 -1.152000 247.002800 170.379900 313.662400 201.303600 1.431877 1.567920 3.690706 -16.046371 1.295552 35.263961 -1.552509 2.511400 576
Car -1 -1 0.522200 79.799500 170.654200 231.983500 216.477200 1.456180 1.576617 3.894831 -14.908699 1.382599 23.742602 -0.042989 5.637900 575
Car -1 -1 -1.858500 805.928600 152.976600 838.655400 170.736000 1.491677 1.646057 4.137020 18.423130 -0.188613 62.133552 -1.548555 0.993100 573
Car -1 -1 -1.689400 678.262500 171.949800 735.383800 214.610900 1.476487 1.618429 3.993776 3.526148 1.457496 26.985865 -1.569405 1.485000 571
Car -1 -1 1.734500 431.030800 177.250300 487.614500 220.067900 1.473228 1.539376 3.496988 -5.631949 1.643441 27.182543 1.539236 8.057800 544
Car -1 -1 -1.814100 682.799200 171.329500 763.207500 228.024200 1.525634 1.533335 3.516407 3.191318 1.473158 21.309895 -1.663188 8.274700 538
Car -1 -1 -2.035200 795.782500 175.723000 1178.810500 374.000000 1.524216 1.647695 4.000854 3.275500 1.559979 7.365358 -1.620363 13.363300 537
Car -1 -1 0.654500 1016.225900 184.713600 1241.000000 374.000000 1.581342 1.570666 3.580678 3.360148 1.670431 1.653855 1.543863 11.661300 527
Car -1 -1 1.836400 379.211400 177.393300 462.159900 233.615700 1.554743 1.570056 3.558732 -5.740116 1.691599 22.089792 1.586328 12.249200 522
Car -1 -1 -1.806000 700.975000 168.580700 813.743900 246.334200 1.512956 1.598163 3.728221 3.086449 1.442335 16.035443 -1.616949 14.456100 519
Car -1 -1 2.319700 0.000000 198.791300 248.972000 374.000000 1.497314 1.622073 3.960027 -5.622544 1.848854 7.247489 1.661054 10.408800 511
