Car -1 -1 -3.725800 981.228100 162.529600 1139.662700 207.297600 1.471514 1.659937 4.289583 15.190810 1.126606 24.525112 3.053107 7.134900 656
Car -1 -1 0.983600 0.000000 216.301800 57.854400 374.000000 1.481103 1.643200 4.243861 -8.316915 1.926870 6.505615 0.498161 1.690300 653
Car -1 -1 1.361600 674.639700 163.973400 713.367600 190.652800 1.520385 1.584235 3.722522 5.070085 1.069999 43.593577 1.516279 3.290100 650
Car -1 -1 -1.630600 644.494500 169.726300 674.253800 194.525400 1.466198 1.584311 3.833647 2.985409 1.287607 44.299415 -1.538554 2.443900 647
Car -1 -1 1.353400 279.210700 183.353800 337.094100 218.492100 1.463020 1.611527 3.989537 -14.030110 1.996125 33.408293 0.961323 4.889700 638
Car -1 -1 -1.727100 763.977200 170.503500 820.466000 209.369300 1.446257 1.603952 3.791814 7.145366 1.376663 28.796965 -1.492025 5.904100 637
Car -1 -1 -3.529100 835.344500 169.455200 973.409000 212.901400 1.466023 1.614832 3.933178 9.920767 1.351650 24.566746 3.138808 8.571900 617
Car -1 -1 -2.434000 0.000000 207.054500 65.581600 254.664700 1.435554 1.620970 3.988945 -20.632954 2.645046 23.708723 3.140550 7.920400 611
Car -1 -1 1.293700 130.362700 191.270700 194.854100 227.234700 1.453817 1.562729 3.598613 -20.381528 2.359153 32.718933 0.741653 2.438900 593
Car -1 -1 -2.627000 138.271400 177.958000 305.333600 244.802600 2.118794 1.853448 4.568078 -12.871593 2.332346 23.892459 -3.118928 9.452000 590
