Car -1 -1 -1.720500 649.745300 178.262700 688.942300 207.292100 1.544780 1.621271 3.872486 3.272911 1.865803 40.892938 -1.638894 2.013700 538
Car -1 -1 -1.761800 671.427300 178.821900 736.343300 225.082500 1.548225 1.644788 4.053229 3.376138 1.782284 26.989500 -1.634107 7.450900 537
Car -1 -1 1.707700 446.657900 168.775500 478.180500 190.914900 1.450409 1.590804 3.786118 -10.051236 1.175199 49.290230 1.500733 6.685000 531
Car -1 -1 1.374400 692.411400 182.599500 768.307400 236.636600 1.414471 1.502997 3.506426 3.371188 1.726402 21.062952 1.529333 12.995400 527
Car -1 -1 1.667900 493.638900 180.133000 528.729500 208.597100 1.522403 1.630564 3.969350 -5.671425 1.990884 41.797306 1.554176 4.311200 522
Car -1 -1 -1.718900 654.740300 178.334900 699.561000 211.495800 1.516703 1.614659 3.888480 3.203198 1.811845 35.515657 -1.625127 7.617900 519
Car -1 -1 1.872700 417.287000 184.222100 493.653800 229.095800 1.451389 1.618742 4.144335 -5.596276 1.927547 26.564333 1.670444 10.230700 511
Car -1 -1 -3.912900 1096.790100 142.712800 1241.000000 288.019200 1.547430 1.629089 4.026939 8.281371 1.240021 7.383239 -3.138950 6.593900 510
Car -1 -1 1.899700 311.247000 188.510600 426.577000 261.845400 1.493274 1.543584 3.634867 -5.750360 1.949761 17.490276 1.579426 12.112700 494
Car -1 -1 -1.843300 748.186000 176.279300 926.294500 298.550400 1.588676 1.636366 3.816273 3.273725 1.651797 11.274432 -1.561002 11.358400 484
Car -1 -1 -2.090000 847.106600 196.005700 1241.000000 374.000000 1.441830 1.596811 3.924680 3.250043 1.676562 5.655781 -1.579545 10.625000 470
Car -1 -1 2.080700 109.867300 193.345100 355.232200 316.041200 1.477251 1.633060 4.240847 -5.776519 1.902240 11.609577 1.610359 12.830800 451
