Car -1 -1 -2.642000 520.785500 176.717700 568.798900 195.019200 1.500629 1.614989 3.734409 -5.604442 1.855608 61.621112 -2.741514 1.254500 548
Car -1 -1 1.714800 496.614200 178.238600 532.212400 206.922600 1.529431 1.555894 3.591484 -5.567096 1.912672 42.171920 1.594429 0.698200 544
Car -1 -1 -1.733700 652.918300 177.918400 696.333600 209.687500 1.523658 1.598502 3.631187 3.206587 1.784553 36.514636 -1.656860 5.045800 538
Car -1 -1 -1.783900 680.975500 183.712500 759.461000 236.650300 1.444820 1.588635 3.940395 3.273882 1.807001 22.390513 -1.638076 9.305100 537
Car -1 -1 1.696200 430.843100 164.285300 464.931400 190.579300 1.547725 1.608058 3.839272 -10.077269 1.132054 44.781567 1.472035 0.427600 531
Car -1 -1 1.324700 712.256000 180.668600 813.553100 254.284900 1.468892 1.496585 3.392075 3.363098 1.702513 16.626278 1.523347 14.014300 527
Car -1 -1 1.755200 479.088000 177.164100 522.336000 210.560500 1.590243 1.583151 3.606080 -5.620743 1.876343 37.128173 1.596258 5.259900 522
Car -1 -1 -1.705200 660.153300 178.084600 709.818600 215.675600 1.509649 1.612688 3.825016 3.142832 1.753804 31.120907 -1.603588 9.887700 519
Car -1 -1 1.920500 373.478300 185.172000 470.859300 240.289300 1.448434 1.611195 4.051175 -5.640570 1.870569 22.052516 1.666837 11.447800 511
Car -1 -1 2.001100 192.269900 193.439900 369.933800 296.790500 1.507771 1.560789 3.611024 -5.768321 1.930770 13.005279 1.578449 11.858400 494
Car -1 -1 -2.000800 816.399400 183.358700 1233.070200 374.000000 1.556472 1.657598 4.026453 3.251712 1.659477 6.762495 -1.556417 14.816400 484
Car -1 -1 -2.503500 1021.241800 181.391600 1241.000000 374.000000 1.478171 1.601159 4.088448 3.134806 1.569163 1.065260 -1.560391 3.650600 470
Car -1 -1 2.277900 0.000000 204.123200 238.943800 374.000000 1.480669 1.640313 4.128786 -5.749739 1.895705 7.280287 1.609369 10.938700 451
