Car -1 -1 -0.153300 698.018500 156.260700 751.914400 174.199300 1.488526 1.667237 4.340477 9.651578 0.107474 60.763601 0.001546 -0.095500 580
Car -1 -1 1.967000 206.513900 171.777700 279.964000 206.649000 1.455332 1.584023 3.741939 -16.272596 1.400200 32.084989 1.471198 6.252300 576
Car -1 -1 0.637900 8.068300 179.900600 172.332700 232.678400 1.447313 1.536286 3.717282 -14.817803 1.678043 20.610376 -0.008640 3.920600 575
Car -1 -1 -1.712100 685.771700 177.470700 749.625300 226.683900 1.497941 1.588515 3.680921 3.449911 1.640471 23.890468 -1.570799 5.930800 571
Car -1 -1 1.792000 403.642600 185.717100 474.367900 236.048600 1.488697 1.551600 3.575003 -5.672827 1.904511 24.168740 1.551839 8.427200 544
Car -1 -1 -1.834100 691.787500 176.594000 791.413100 243.986900 1.522974 1.561339 3.530319 3.158907 1.596027 18.251190 -1.662787 8.313900 538
Car -1 -1 -2.257500 888.624800 187.391200 1241.000000 374.000000 1.520773 1.608731 3.895571 3.248940 1.640413 4.259588 -1.609808 9.292300 537
Car -1 -1 1.887900 337.093000 187.132500 440.032200 255.631800 1.538602 1.586739 3.514381 -5.778059 1.928064 19.039209 1.586112 12.357600 522
Car -1 -1 -1.837700 721.789000 175.815900 865.117300 271.836300 1.480208 1.578049 3.528970 3.064674 1.526711 12.898603 -1.609433 13.832800 519
Car -1 -1 2.511100 0.000000 228.992400 92.114700 374.000000 1.483528 1.597065 4.036956 -5.504344 1.964396 4.319860 1.615217 6.155400 511
