Car -1 -1 0.983600 0.000000 216.301800 57.854400 374.000000 1.481103 1.643200 4.243861 -7.564673 1.960971 6.437780 0.498161 1.690300 653
Car -1 -1 1.436600 680.515400 168.366400 714.761700 193.588100 1.479960 1.578076 3.758216 5.275647 1.186197 43.999278 1.582653 0.777100 650
Car -1 -1 -1.483700 645.131100 170.949300 675.224500 195.847300 1.486394 1.574106 3.696553 3.157494 1.400412 44.490071 -1.471791 1.935200 647
Car -1 -1 1.787000 453.239400 149.423000 490.195300 172.301700 1.538665 1.664905 4.323519 -9.604261 0.042889 48.659861 1.602401 1.361200 645
Car -1 -1 1.329600 289.486300 184.282800 345.481100 218.498500 1.462891 1.593933 3.825198 -13.868752 2.018071 34.061181 0.971717 2.462200 638
Car -1 -1 -1.730600 761.475000 171.595900 816.998400 209.310600 1.445701 1.602095 3.852027 7.177312 1.398789 29.525970 -1.505657 5.628700 637
Car -1 -1 -3.515400 833.204700 168.726000 961.335600 214.601000 1.517999 1.600807 3.743509 9.966964 1.401360 25.198517 3.141273 5.929600 617
Car -1 -1 -2.437200 0.000000 208.121300 79.539800 254.189000 1.433862 1.612347 3.965879 -20.621695 2.699927 24.384597 -3.133793 7.521400 611
Car -1 -1 1.284500 155.802600 191.237100 217.155100 225.270800 1.453862 1.575179 3.576268 -20.281804 2.421613 33.342780 0.753640 2.917400 593
Car -1 -1 -2.629800 151.550800 179.318900 311.413200 246.287900 2.121857 1.863719 4.559144 -12.886027 2.386431 24.561281 -3.118974 9.913000 590
