Car -1 -1 2.060600 662.893100 162.297400 701.030100 180.118400 1.482966 1.595549 4.030334 6.176655 0.596943 61.359031 2.187252 1.944400 518
Car -1 -1 -1.564700 631.553500 158.803700 648.890200 175.631000 1.519070 1.576326 3.814221 2.894161 0.350844 66.580806 -1.541266 -0.690000 515
Car -1 -1 1.829100 485.534900 182.501100 531.472100 212.057600 1.530190 1.627087 4.024368 -5.791465 2.139149 41.361164 1.674812 6.977000 511
Car -1 -1 -3.523300 802.943500 158.408700 958.122000 208.103900 1.477721 1.618413 4.197672 8.246396 1.034525 22.320325 3.116648 7.536300 510
Car -1 -1 2.657200 862.576500 149.616700 1032.211300 213.760300 1.638530 1.621153 3.886768 9.002008 1.068980 19.575223 3.097968 6.338900 507
Car -1 -1 1.758300 458.847700 186.087100 507.310300 221.614700 1.482607 1.569674 3.660837 -5.948540 2.105294 32.411606 1.582749 5.226100 494
Car -1 -1 2.626300 913.563400 142.507600 1127.941200 214.172500 1.652528 1.668683 4.092538 9.575596 0.940336 17.170565 -3.139691 4.091000 488
Car -1 -1 -1.687900 669.681300 174.159700 728.972300 223.118400 1.658187 1.657895 4.018782 3.082167 1.702517 26.139094 -1.573341 9.056400 484
Car -1 -1 -1.762100 683.894100 177.410400 769.440600 235.926300 1.509381 1.631693 4.049832 3.139442 1.612082 20.660844 -1.609274 10.166200 470
Car -1 -1 -3.670500 937.315200 143.412200 1199.251400 223.176800 1.519058 1.642238 4.135452 9.098647 0.948707 14.677264 -3.121782 11.074200 456
Car -1 -1 1.834600 409.113800 189.708600 482.561100 235.607500 1.445905 1.624390 4.060719 -5.946108 2.104641 26.247016 1.612996 12.158000 451
Car -1 -1 1.872500 316.081400 192.701600 429.023900 261.910100 1.484318 1.626156 4.062439 -6.076496 2.063168 18.711312 1.558262 12.534100 444
Car -1 -1 1.999700 168.941200 200.821000 356.994500 306.589900 1.455466 1.561014 3.663492 -5.987756 2.023600 12.786441 1.557925 12.311800 436
Car -1 -1 2.212300 0.000000 214.164100 236.947900 374.000000 1.440311 1.590700 3.805423 -5.976946 2.004196 7.980596 1.568519 12.583700 424
