Car -1 -1 0.587700 27.895000 188.486500 186.397000 239.216200 1.441789 1.575273 3.663024 -15.116992 1.910584 21.776951 -0.010962 5.199100 550
Car -1 -1 1.707100 487.702500 180.529200 525.505300 210.475200 1.465984 1.529743 3.506641 -5.457123 1.859232 37.915048 1.565362 1.213100 544
Car -1 -1 -1.755500 659.859500 176.128700 709.724900 213.071600 1.524170 1.577659 3.573400 3.218310 1.655199 32.057585 -1.653279 5.198500 538
Car -1 -1 -1.796900 696.328900 179.858600 799.498600 249.535900 1.483351 1.616350 4.010460 3.253089 1.679637 18.027218 -1.623154 10.783800 537
Car -1 -1 1.748800 410.124400 162.884200 451.677000 192.698600 1.622402 1.645972 3.933489 -10.300010 1.066927 40.520581 1.497172 2.183400 531
Car -1 -1 1.240700 738.783800 182.945100 905.587900 284.077400 1.429552 1.543306 3.566937 3.365542 1.602513 12.274865 1.512432 13.091300 527
Car -1 -1 1.747200 458.549300 179.837400 508.055200 214.832300 1.461195 1.570022 3.658266 -5.728398 1.760073 32.776198 1.576999 9.526900 522
Car -1 -1 -1.730400 666.962400 176.299900 726.607900 221.350900 1.528594 1.596229 3.698680 3.087093 1.635901 26.680523 -1.616214 10.457600 519
Car -1 -1 1.948500 312.127200 188.596500 438.974100 259.386900 1.455486 1.584464 3.966932 -5.636832 1.849176 17.683897 1.653587 12.759200 511
Car -1 -1 2.158900 0.000000 198.559500 273.219000 374.000000 1.563440 1.568113 3.598684 -5.760578 1.932657 8.687501 1.580623 11.544800 494
Car -1 -1 -2.435400 1007.651800 173.237900 1241.000000 374.000000 1.603308 1.604812 3.954117 3.252113 1.631742 2.579729 -1.547957 6.355600 484
Car -1 -1 -2.231300 0.000000 226.142100 52.862800 374.000000 1.494702 1.644838 4.270479 -6.618307 1.925185 3.843075 2.548244 -0.839300 451
