Car -1 -1 -0.153300 698.018500 156.260700 751.914400 174.199300 1.488526 1.667237 4.340477 9.679993 0.170978 59.734704 0.001546 -0.095500 580
Car -1 -1 1.837300 195.263000 175.239800 260.298400 211.408800 1.449255 1.586296 3.625165 -16.368574 1.535995 31.006323 1.397095 2.758600 576
Car -1 -1 0.599400 0.000000 185.515100 152.783300 242.333600 1.443782 1.574181 3.886701 -14.938557 1.788992 19.598887 -0.036366 5.625600 575
Car -1 -1 -1.742100 686.127200 178.086700 756.614700 231.726200 1.517701 1.582799 3.661060 3.396658 1.698699 22.811576 -1.585624 5.441800 571
Car -1 -1 1.774700 396.384600 189.376100 467.166400 240.849400 1.463050 1.532626 3.570428 -5.694544 1.983275 23.203384 1.540938 8.174400 544
Car -1 -1 -1.846400 696.367100 179.044000 801.732600 249.656100 1.495982 1.562860 3.470296 3.150456 1.624834 17.201956 -1.664402 10.461400 538
Car -1 -1 -2.357300 931.517700 181.301300 1241.000000 374.000000 1.535561 1.583620 3.855540 3.195213 1.618440 3.341654 -1.610236 8.074900 537
Car -1 -1 1.873600 318.873800 188.486700 430.578000 262.139700 1.558872 1.597901 3.652153 -5.791036 1.981253 18.030067 1.571952 12.781900 522
Car -1 -1 -1.857400 729.946200 175.809800 892.583500 289.708000 1.542624 1.592172 3.503896 3.065966 1.597189 11.859055 -1.606508 12.627100 519
Car -1 -1 2.511100 0.000000 228.992400 92.114700 374.000000 1.483528 1.597065 4.036956 -5.492125 1.971260 3.272459 1.615217 6.155400 511
