Car -1 -1 1.682500 466.290600 170.571700 492.524400 190.339400 1.451331 1.590709 3.578440 -9.880487 1.269580 54.588433 1.500946 2.387400 531
Car -1 -1 1.408900 674.803400 180.443800 733.647200 223.281900 1.462888 1.568686 3.792617 3.373227 1.740132 26.803540 1.527408 8.776300 527
Car -1 -1 1.516900 509.594600 181.807300 536.825700 206.001500 1.477828 1.580781 3.768473 -5.748109 2.062676 47.439851 1.449976 -0.826600 522
Car -1 -1 -1.706200 648.310100 176.796800 685.621300 205.486100 1.543255 1.601364 3.787218 3.185244 1.781015 41.199929 -1.621597 6.765000 519
Car -1 -1 1.839000 453.244300 184.520900 513.424900 220.790600 1.461522 1.623549 3.992580 -5.589164 2.006366 32.196917 1.671432 9.358200 511
Car -1 -1 2.592700 934.817400 150.721000 1224.187300 243.496700 1.542950 1.613355 4.177895 8.325037 1.180116 13.108962 -3.128422 7.159700 510
Car -1 -1 -3.858800 1078.992200 137.102000 1241.000000 257.049900 1.596609 1.552990 3.586392 8.891960 1.104408 10.318949 3.132342 8.833900 507
Car -1 -1 1.822700 389.275200 187.647600 467.602900 240.127500 1.471595 1.556819 3.661960 -5.774960 1.986413 23.143677 1.583943 7.937500 494
Car -1 -1 -1.747300 704.793400 177.326900 808.391000 254.458600 1.569329 1.645968 4.091159 3.242078 1.669386 16.936625 -1.562121 13.426400 484
Car -1 -1 -1.871300 745.685300 182.263700 928.926400 300.458700 1.474490 1.599774 3.841667 3.249969 1.645845 11.300777 -1.590695 14.021200 470
Car -1 -1 1.936100 291.304900 191.059500 430.187500 267.248200 1.462500 1.651449 4.341593 -5.797411 1.967599 17.203691 1.615297 14.197400 451
Car -1 -1 2.104300 0.000000 204.396600 296.094300 353.024000 1.423127 1.620117 4.132221 -5.945707 1.917990 9.676929 1.553127 14.280800 444
