Car -1 -1 0.489200 108.846500 182.518200 243.598500 227.029800 1.466500 1.564034 3.738600 -14.955085 1.795272 24.918067 -0.002377 4.768200 550
Car -1 -1 -2.705200 507.556700 174.474800 559.011700 194.917200 1.608690 1.658527 3.879965 -6.374370 1.806305 60.730386 -2.785099 5.346300 548
Car -1 -1 1.699100 493.577500 180.045300 529.106900 207.441700 1.486092 1.557259 3.632029 -5.614075 1.878132 41.174466 1.575227 2.983200 544
Car -1 -1 -1.743000 656.204300 175.977300 701.491600 209.330600 1.521953 1.588489 3.643308 3.239286 1.706569 35.226287 -1.652929 4.059200 538
Car -1 -1 -1.780600 683.568400 181.412200 767.293500 237.163200 1.440173 1.596462 4.018580 3.253235 1.741501 21.293682 -1.632652 9.521500 537
Car -1 -1 1.703900 423.251800 166.107800 459.835500 194.212300 1.594680 1.634969 3.902082 -10.154337 1.197484 43.702800 1.473806 3.221100 531
Car -1 -1 1.295800 716.172900 182.990900 831.156400 260.122700 1.444423 1.511798 3.395490 3.355298 1.681146 15.542574 1.513738 14.518300 527
Car -1 -1 1.733600 475.233100 178.865700 517.191300 209.932000 1.498191 1.552279 3.457950 -5.632682 1.788075 35.872077 1.584665 5.698300 522
Car -1 -1 -1.728600 660.501800 176.010900 713.905700 215.704300 1.520929 1.610471 3.852570 3.120549 1.695242 30.040999 -1.617192 9.114100 519
Car -1 -1 1.930600 358.093800 184.373700 464.209500 242.405900 1.447919 1.622941 4.058669 -5.659626 1.829117 20.925626 1.666258 12.460000 511
Car -1 -1 2.029000 151.150000 196.165900 350.085100 306.788300 1.473982 1.554492 3.516141 -5.765983 1.902886 11.919689 1.578913 14.540400 494
Car -1 -1 -2.067700 844.403600 182.392700 1241.000000 374.000000 1.591099 1.642767 4.017212 3.246208 1.695635 5.695694 -1.554058 11.420100 484
Car -1 -1 2.336000 0.000000 206.620500 186.649800 374.000000 1.468575 1.632518 4.054569 -5.747956 1.862388 6.221760 1.599067 8.698100 451
