Car -1 -1 -1.641300 646.690800 173.340900 675.380900 197.187400 1.468817 1.568317 3.829377 3.187204 1.500570 46.318230 -1.567229 0.710600 647
Car -1 -1 1.790600 457.088300 149.338500 497.595400 174.243900 1.612384 1.714982 4.656124 -9.265791 0.085837 50.373563 1.609532 0.702500 645
Car -1 -1 1.366700 305.158300 183.871900 357.235400 217.214600 1.482980 1.606989 4.015575 -13.869089 2.036998 35.572960 0.992367 2.292300 638
Car -1 -1 -1.721000 757.663200 171.216800 809.708100 207.523900 1.449253 1.599007 3.795446 7.282727 1.423199 30.783969 -1.482180 2.950000 637
Car -1 -1 0.752000 0.000000 210.243200 37.070600 281.078900 1.536813 1.639538 4.195768 -16.650183 2.472570 17.434256 0.002793 2.566300 630
Car -1 -1 -1.206900 310.243800 162.829400 357.638400 186.282000 1.505563 1.620311 3.981435 -18.664360 0.838759 48.693505 -1.549604 -0.627300 627
Car -1 -1 2.768200 830.247000 171.027300 940.381400 211.312100 1.443733 1.564286 3.513309 10.040105 1.388521 26.518336 3.131224 6.446300 617
Car -1 -1 -2.469000 0.000000 206.262000 105.171400 249.559800 1.426886 1.562446 3.665755 -20.459518 2.653839 25.773079 -3.131521 5.038800 611
Car -1 -1 1.277100 162.724500 193.516300 223.194800 227.739700 1.476548 1.577382 3.656533 -20.327222 2.484586 34.938402 0.755949 1.370200 593
Car -1 -1 -2.685900 179.552700 181.899500 329.002000 238.681300 2.017310 1.836662 4.563557 -12.803660 2.315329 25.914932 -3.135803 9.567700 590
Car -1 -1 -2.452500 1013.658100 179.785400 1241.000000 374.000000 1.475480 1.559074 3.888769 2.942108 1.552197 1.216085 -1.551103 6.902900 571
