Car -1 -1 -1.740500 669.082200 179.159800 728.731300 221.507600 1.524072 1.644931 4.008949 3.348350 1.766477 28.069892 -1.628923 8.056900 537
Car -1 -1 1.685600 451.954900 167.837400 480.735400 189.345000 1.447188 1.567188 3.738576 -10.012919 1.158600 50.413603 1.491888 6.379400 531
Car -1 -1 1.367300 687.279500 181.970500 758.798300 234.625100 1.447757 1.511083 3.425404 3.359967 1.772413 22.213892 1.523075 12.609800 527
Car -1 -1 1.723000 496.915500 180.699900 534.292500 208.446200 1.508655 1.623710 3.814420 -5.566598 2.037915 42.715667 1.589897 4.373700 522
Car -1 -1 -1.702400 653.328200 178.410300 695.149600 210.293100 1.528844 1.603753 3.814827 3.177747 1.844689 36.651034 -1.619022 9.118500 519
Car -1 -1 1.886600 424.523300 185.318300 501.971900 228.182600 1.447001 1.645669 4.245842 -5.557754 1.980734 27.721994 1.681033 8.562600 511
Car -1 -1 -3.912900 1096.790100 142.712800 1241.000000 288.019200 1.547430 1.629089 4.026939 8.277649 1.231792 8.530755 -3.138950 6.593900 510
Car -1 -1 1.869600 332.485800 192.449100 435.654100 258.217000 1.462490 1.546148 3.597436 -5.749317 1.997503 18.605094 1.575100 9.879500 494
Car -1 -1 -1.814300 737.315400 175.188700 896.094100 288.779500 1.606759 1.640517 3.902472 3.273808 1.674128 12.366725 -1.560519 13.176300 484
Car -1 -1 -2.042100 813.521200 190.019500 1233.436900 374.000000 1.426994 1.614143 3.906202 3.259354 1.637870 6.778496 -1.595150 12.668800 470
Car -1 -1 2.013500 160.801700 195.887600 375.355300 304.686300 1.447238 1.642540 4.387518 -5.766440 1.940657 12.742577 1.597025 13.179600 451
Car -1 -1 2.306700 0.000000 206.380100 180.085100 374.000000 1.496184 1.649719 4.247672 -5.932804 1.916279 5.208312 1.553556 10.831300 444
