Car -1 -1 -1.644100 641.830500 176.899500 669.700100 201.124400 1.557066 1.610160 3.770163 3.043297 1.851102 49.018110 -1.579171 2.173200 519
Car -1 -1 1.911200 666.231200 163.513100 700.813800 181.868000 1.480305 1.614914 4.025261 6.143685 0.704176 60.295015 2.078516 0.216600 518
Car -1 -1 1.798400 484.423000 183.145600 529.511000 213.321600 1.534770 1.621100 4.048120 -5.735087 2.139405 40.266490 1.663865 5.243500 511
Car -1 -1 -3.524700 813.455700 155.992000 974.996900 208.042300 1.469549 1.603942 4.138167 8.210803 0.996674 21.139693 3.123841 7.107600 510
Car -1 -1 2.708400 872.919400 150.012000 1061.871600 212.950200 1.573516 1.595506 3.976156 8.975832 1.006532 18.418211 3.137369 6.418100 507
Car -1 -1 1.789600 446.530200 188.704800 500.222100 225.743800 1.442442 1.554786 3.551111 -5.889685 2.134395 31.143873 1.597475 5.274700 494
Car -1 -1 2.567600 933.683200 139.831200 1144.969400 217.145300 1.634155 1.641995 3.887574 9.449156 0.935264 16.036754 3.114883 5.348700 488
Car -1 -1 -1.693400 673.022700 175.017200 735.206300 227.155600 1.653683 1.646279 4.007916 3.103376 1.722621 25.010406 -1.570534 8.237600 484
Car -1 -1 -1.767500 688.845700 175.875000 779.275300 238.664400 1.503769 1.626938 4.003213 3.151446 1.597008 19.471757 -1.607065 10.526700 470
Car -1 -1 2.560500 970.403500 141.304100 1241.000000 227.660200 1.520073 1.629112 4.063357 9.110994 0.958621 13.536209 -3.126481 11.340000 456
Car -1 -1 1.853300 399.645400 188.793100 478.793200 237.992400 1.468645 1.623407 4.025665 -5.912829 2.091290 25.102498 1.619364 12.065200 451
Car -1 -1 1.890900 293.719700 192.482800 416.998100 265.903700 1.475160 1.628161 4.025271 -6.073261 2.024188 17.536147 1.558038 14.414600 444
Car -1 -1 2.035400 120.285100 199.226600 333.162900 321.559900 1.508267 1.565455 3.609295 -5.985572 2.029860 11.649000 1.560011 13.081700 436
Car -1 -1 2.284500 0.000000 217.577100 186.902200 374.000000 1.435298 1.564372 3.716165 -5.961357 1.983775 6.874973 1.571041 10.531500 424
