Car -1 -1 1.688200 460.416100 170.232000 488.899900 190.606700 1.459108 1.611908 3.906708 -10.046867 1.290687 53.822207 1.502227 5.207500 531
Car -1 -1 1.392500 676.774100 181.713300 738.779300 225.959000 1.433657 1.556703 3.694691 3.365737 1.749266 25.664519 1.524436 9.601800 527
Car -1 -1 1.772600 505.388900 181.348700 540.433400 205.778500 1.463445 1.559530 3.615216 -5.619270 2.025668 46.131270 1.578268 2.817400 522
Car -1 -1 -1.684500 649.472200 178.022700 686.028100 208.333400 1.562133 1.596318 3.785909 3.152399 1.841895 40.050011 -1.612390 6.930200 519
Car -1 -1 1.842700 448.595200 186.083800 510.042300 223.146400 1.433724 1.607642 3.974359 -5.581022 2.013616 31.076075 1.667257 7.612000 511
Car -1 -1 -3.728000 967.809500 157.043200 1241.000000 253.236500 1.505336 1.603212 4.095848 8.312753 1.221265 11.957297 -3.123881 11.117000 510
Car -1 -1 -3.858800 1078.992200 137.102000 1241.000000 257.049900 1.596609 1.552990 3.586392 8.884140 1.108703 9.169497 3.132342 8.833900 507
Car -1 -1 1.853300 376.227800 188.638700 460.294300 245.251300 1.491684 1.554706 3.551789 -5.771548 2.002303 21.945293 1.591271 9.569600 494
Car -1 -1 -1.771700 712.181200 177.551600 824.385200 260.146800 1.564985 1.633133 3.916714 3.253116 1.674280 15.777330 -1.565631 12.675000 484
Car -1 -1 -1.893000 758.925900 180.054500 974.737400 316.725600 1.501566 1.615859 3.860599 3.265229 1.642488 10.156631 -1.584765 13.893800 470
Car -1 -1 1.963500 266.270100 191.354500 418.820500 273.537300 1.468619 1.640356 4.334304 -5.800677 1.948390 16.097241 1.616967 14.545700 451
Car -1 -1 2.168800 0.000000 204.098000 264.344800 374.000000 1.438129 1.628574 4.156558 -5.945612 1.909071 8.540965 1.557869 12.670400 444
