Car -1 -1 1.394100 670.688100 179.330800 728.239300 221.236000 1.501835 1.572237 3.856455 3.340302 1.741513 27.956600 1.516055 8.025900 527
Car -1 -1 1.548700 642.206100 153.898700 663.086900 173.623700 1.571155 1.608229 4.024387 3.696079 -0.031248 58.402478 1.597369 -0.209600 526
Car -1 -1 1.710500 511.793500 180.165000 542.623700 203.158800 1.482876 1.601937 3.892235 -5.640738 1.985342 48.592598 1.591548 2.335700 522
Car -1 -1 -1.687300 648.247900 176.789800 682.748500 205.068900 1.545772 1.580272 3.693078 3.171944 1.792181 42.178122 -1.608973 4.611500 519
Car -1 -1 1.847900 459.841100 184.268100 517.030200 219.507600 1.487933 1.606568 3.927732 -5.575033 2.031138 33.349626 1.680105 7.717400 511
Car -1 -1 -3.654300 908.889600 155.446100 1174.964800 234.125200 1.480642 1.614827 4.149274 8.327314 1.131368 14.239680 -3.133656 7.075700 510
Car -1 -1 2.462000 1027.037900 137.214500 1241.000000 246.242000 1.617011 1.597469 3.729413 8.912353 1.086618 11.505374 3.126122 10.116400 507
Car -1 -1 1.834000 400.459100 188.471900 473.849300 237.604100 1.469806 1.557982 3.571770 -5.775518 2.008970 24.244408 1.592912 9.559900 494
Car -1 -1 -3.885400 1105.402600 118.336900 1241.000000 249.115900 1.692445 1.643938 3.928018 9.538938 1.003073 9.106111 -3.127661 5.921900 488
Car -1 -1 -1.751900 698.582800 175.423200 796.076300 246.730600 1.576010 1.647212 4.077664 3.242732 1.647066 18.077905 -1.568788 11.914500 484
Car -1 -1 -1.843900 733.433600 181.559100 891.443000 284.536100 1.456028 1.599893 3.857632 3.223832 1.621002 12.445451 -1.591981 14.082500 470
Car -1 -1 1.929300 311.976500 192.625400 440.610900 261.912100 1.447291 1.641497 4.316178 -5.811453 1.984964 18.346019 1.621278 15.611800 451
Car -1 -1 2.056200 57.897300 198.861400 322.702400 332.196800 1.465726 1.634384 4.243251 -5.970089 1.939001 10.794771 1.550097 14.331700 444
Car -1 -1 2.352500 0.000000 212.775400 143.543300 374.000000 1.465732 1.557501 3.500969 -5.920575 1.910863 4.935000 1.574811 7.681600 436
