Car -1 -1 1.563500 683.244400 166.853500 709.907800 191.955400 1.497511 1.581174 3.801862 5.345421 1.137417 44.892738 1.629504 -0.458200 650
Car -1 -1 -1.483700 645.131100 170.949300 675.224500 195.847300 1.486394 1.574106 3.696553 3.160821 1.411626 45.338572 -1.471791 1.935200 647
Car -1 -1 1.787000 453.239400 149.423000 490.195300 172.301700 1.538665 1.664905 4.323519 -9.430828 0.008195 49.401557 1.602401 1.361200 645
Car -1 -1 1.411400 302.673200 182.519200 351.674600 215.982900 1.475015 1.606934 3.933466 -13.832838 1.993067 34.930105 1.019165 3.616800 638
Car -1 -1 -1.789300 752.430500 170.633400 812.116800 207.717600 1.453794 1.602896 3.893008 7.150064 1.394028 30.234552 -1.529535 4.972100 637
Car -1 -1 0.752000 0.000000 210.243200 37.070600 281.078900 1.536813 1.639538 4.195768 -16.682430 2.514466 16.649638 0.002793 2.566300 630
Car -1 -1 -1.206900 310.243800 162.829400 357.638400 186.282000 1.505563 1.620311 3.981435 -18.733191 0.887675 47.926200 -1.549604 -0.627300 627
Car -1 -1 -3.512000 835.734900 169.650900 954.224000 211.830600 1.459102 1.559721 3.590619 10.072361 1.370417 25.846184 3.138987 8.710200 617
Car -1 -1 -2.438800 0.000000 209.333800 94.799400 254.898500 1.439626 1.611613 3.986233 -20.608704 2.733516 25.064350 -3.128603 7.089500 611
Car -1 -1 1.284500 155.802600 191.237100 217.155100 225.270800 1.453862 1.575179 3.576268 -20.239271 2.407962 34.190913 0.753640 2.917400 593
Car -1 -1 -2.658300 161.270400 180.819000 322.459500 241.949800 2.033929 1.846759 4.662283 -12.861077 2.333300 25.240248 -3.131228 9.606200 590
