Car -1 -1 1.672600 517.626700 181.226500 546.745000 203.816800 1.478791 1.615427 3.945529 -5.469817 2.101077 50.781830 1.583536 3.556500 522
Car -1 -1 -1.634400 646.906900 176.956100 676.327000 202.593200 1.512021 1.588981 3.759329 3.143503 1.772019 44.537807 -1.571048 3.068000 519
Car -1 -1 1.837400 469.003400 182.496500 521.923600 217.268800 1.546450 1.629278 3.980481 -5.610285 2.072783 35.628057 1.675141 5.225700 511
Car -1 -1 2.653500 882.168500 152.968800 1080.477100 224.727500 1.532587 1.578508 3.851797 8.322128 1.109614 16.533336 3.128440 6.815300 510
Car -1 -1 -3.690900 960.249700 141.005600 1217.262300 233.617300 1.634266 1.584372 3.751482 8.902567 1.078326 13.724527 -3.126576 11.403800 507
Car -1 -1 1.812100 417.595600 185.567100 486.380500 232.770100 1.521786 1.587382 3.778629 -5.811523 2.066383 26.623064 1.597518 7.840700 494
Car -1 -1 -3.793700 1062.536300 124.505900 1241.000000 241.114800 1.662422 1.621346 3.806855 9.484577 0.985385 11.342888 -3.115462 6.610800 488
Car -1 -1 -1.719700 688.782500 175.107000 770.987400 238.934100 1.607471 1.658835 4.084804 3.208633 1.681412 20.395497 -1.564689 11.015000 484
Car -1 -1 -1.828900 712.009300 178.702700 844.247600 262.186300 1.452916 1.622130 3.898229 3.203889 1.592109 14.773797 -1.607988 14.357300 470
Car -1 -1 -3.950900 1148.948000 133.136200 1241.000000 271.255800 1.556194 1.622957 3.940136 9.153254 1.079439 8.876359 -3.132420 3.598600 456
Car -1 -1 1.887200 351.892400 188.535200 454.063800 251.375000 1.505809 1.627311 4.128088 -5.829300 2.034194 20.621601 1.612451 13.957400 451
Car -1 -1 1.977900 167.142700 196.931800 365.960200 302.679800 1.467442 1.642613 4.270311 -6.000794 1.979130 13.071885 1.549397 14.420900 444
Car -1 -1 2.253900 0.000000 210.737300 200.803500 374.000000 1.462710 1.558149 3.514187 -5.928173 1.955068 7.160923 1.563666 9.293500 436
