Car -1 -1 0.610800 57.806800 184.135300 204.347200 232.185200 1.446958 1.579281 3.646371 -15.057683 1.825010 22.855892 0.003200 4.016600 550
Car -1 -1 1.699100 490.828200 179.370400 527.818200 207.443300 1.473796 1.579600 3.666195 -5.640826 1.787107 39.246655 1.566309 1.883600 544
Car -1 -1 -1.738600 657.981100 175.755100 705.249300 210.398300 1.509558 1.583741 3.654462 3.206837 1.622886 33.096057 -1.650009 4.323400 538
Car -1 -1 -1.802800 691.663700 180.127400 786.830000 242.924100 1.450265 1.593941 3.951014 3.250683 1.663415 19.115451 -1.631171 10.965900 537
Car -1 -1 1.748800 410.124400 162.884200 451.677000 192.698600 1.622402 1.645972 3.933489 -10.275943 1.078045 41.620960 1.497172 2.183400 531
Car -1 -1 1.272600 734.980500 178.437800 872.479100 271.764800 1.465071 1.522282 3.350988 3.370377 1.607327 13.325723 1.520897 12.971300 527
Car -1 -1 1.743800 465.538100 179.036700 511.232200 211.900400 1.456333 1.550965 3.483786 -5.698314 1.714026 33.815657 1.581689 6.097200 522
Car -1 -1 -1.736200 664.300000 174.645700 720.941200 217.117100 1.527614 1.584951 3.689426 3.084088 1.597877 27.826044 -1.618016 10.890000 519
Car -1 -1 1.972500 329.412500 184.894400 448.211100 251.313800 1.471159 1.590069 3.930416 -5.657654 1.813505 18.797100 1.674761 12.848200 511
Car -1 -1 2.122200 24.483000 193.589800 304.526000 345.233800 1.534866 1.564574 3.536687 -5.768621 1.900314 9.773454 1.590368 13.420300 494
Car -1 -1 -2.267800 935.616500 182.365700 1241.000000 374.000000 1.600731 1.632663 3.803668 3.238693 1.676792 3.595004 -1.554684 9.243000 484
Car -1 -1 -2.231300 0.000000 226.142100 52.862800 374.000000 1.494702 1.644838 4.270479 -6.547617 1.927672 4.875779 2.548244 -0.839300 451
