Car -1 -1 1.407700 667.063900 177.025600 722.763500 219.158000 1.545311 1.604280 3.957466 3.319318 1.739515 29.171604 1.520454 7.263200 527
Car -1 -1 1.548700 642.206100 153.898700 663.086900 173.623700 1.571155 1.608229 4.024387 3.376425 0.107580 59.582097 1.597369 -0.209600 526
Car -1 -1 1.710500 511.793500 180.165000 542.623700 203.158800 1.482876 1.601937 3.892235 -5.628121 2.026943 49.742448 1.591548 2.335700 522
Car -1 -1 -1.695900 646.623400 177.052000 680.327400 204.108000 1.524369 1.575211 3.684467 3.148809 1.784095 43.323574 -1.603589 3.356000 519
Car -1 -1 1.837400 469.003400 182.496500 521.923600 217.268800 1.546450 1.629278 3.980481 -5.573564 2.061786 34.484733 1.675141 5.225700 511
Car -1 -1 2.653500 882.168500 152.968800 1080.477100 224.727500 1.532587 1.578508 3.851797 8.338134 1.108493 15.381588 3.128440 6.815300 510
Car -1 -1 2.507300 990.089900 140.544400 1241.000000 239.037600 1.622853 1.590137 3.786227 8.925746 1.084275 12.635014 3.135220 9.444700 507
Car -1 -1 1.794500 409.623500 186.722500 478.677200 234.305500 1.495219 1.589989 3.684174 -5.787521 2.015715 25.363874 1.580634 7.850600 494
Car -1 -1 -3.885400 1105.402600 118.336900 1241.000000 249.115900 1.692445 1.643938 3.928018 9.543380 0.996020 10.249532 -3.127661 5.921900 488
Car -1 -1 -1.725500 694.910300 175.454300 781.530600 242.144500 1.589133 1.649172 4.032949 3.232352 1.663490 19.242390 -1.560678 11.670300 484
Car -1 -1 -1.821300 723.269300 180.106700 865.703800 273.269700 1.459148 1.622050 3.916258 3.221436 1.609352 13.615622 -1.595511 14.074800 470
Car -1 -1 -3.950900 1148.948000 133.136200 1241.000000 271.255800 1.556194 1.622957 3.940136 9.143808 1.088554 7.726865 -3.132420 3.598600 456
Car -1 -1 1.911800 333.146800 189.183400 447.574000 254.433600 1.484976 1.629035 4.171976 -5.824132 1.985590 19.481887 1.618167 13.851700 451
Car -1 -1 2.010000 108.662000 197.577400 347.603200 319.527800 1.473535 1.661702 4.402872 -5.993389 1.967797 11.922324 1.546371 14.906100 444
Car -1 -1 2.352500 0.000000 212.775400 143.543300 374.000000 1.465732 1.557501 3.500969 -5.921065 1.918821 6.069012 1.574811 7.681600 436
