Car -1 -1 1.726400 519.570000 181.535800 549.485700 202.815000 1.486183 1.617523 4.032923 -5.649720 2.168199 54.308234 1.672589 4.015500 522
Car -1 -1 -1.704200 640.764400 177.271100 672.069500 200.946300 1.511747 1.593346 3.746737 3.031767 1.801789 47.866630 -1.617981 1.111800 519
Car -1 -1 1.880500 670.565200 162.957700 705.293300 181.601400 1.478260 1.628149 4.145590 6.354864 0.705941 59.380311 2.022748 2.253800 518
Car -1 -1 1.798400 484.423000 183.145600 529.511000 213.321600 1.534770 1.621100 4.048120 -5.693852 2.134052 39.139402 1.663865 5.243500 511
Car -1 -1 -3.558700 824.882000 155.737300 1002.643500 212.582400 1.495662 1.622890 4.212291 8.275632 1.029799 20.034905 3.119604 7.764000 510
Car -1 -1 2.675400 895.255500 150.448000 1098.646400 221.148500 1.587481 1.599707 3.965300 9.003161 1.060788 17.172913 -3.131760 5.441100 507
Car -1 -1 1.795800 440.534700 188.663300 498.213200 227.767700 1.443111 1.560048 3.667736 -5.853202 2.133774 30.046116 1.601857 5.257700 494
Car -1 -1 -3.704100 962.741200 137.924500 1204.616300 224.981300 1.666506 1.629081 3.888888 9.496475 0.986162 14.837026 3.137257 5.127300 488
Car -1 -1 -1.707200 676.702800 176.129900 744.561600 227.787200 1.584350 1.651298 4.061675 3.146618 1.681984 23.851833 -1.572985 9.844300 484
Car -1 -1 -1.772300 693.991000 176.497900 790.325700 242.582200 1.486112 1.623021 3.938558 3.157478 1.583146 18.305542 -1.603008 12.891200 470
Car -1 -1 -3.776900 1005.834000 132.487100 1241.000000 234.105500 1.580286 1.641713 4.091813 9.174898 0.968876 12.345732 -3.131499 10.518200 456
Car -1 -1 1.862600 388.533100 190.229600 474.480600 240.488000 1.438890 1.626369 4.135511 -5.888445 2.065179 23.991282 1.621673 12.130000 451
Car -1 -1 1.903500 270.095900 195.108000 407.693600 275.295700 1.467336 1.628618 4.133136 -6.048744 2.031537 16.422606 1.554368 13.894000 444
Car -1 -1 2.085800 56.240900 208.017300 306.470700 337.819200 1.432517 1.532542 3.591684 -5.971568 1.999940 10.476974 1.564948 12.368100 436
Car -1 -1 2.337600 0.000000 217.670800 125.261300 374.000000 1.467066 1.539730 3.611368 -5.951662 1.970288 5.840905 1.556986 7.878600 424
