Car -1 -1 -1.760300 666.534200 179.702600 725.947900 221.912500 1.577551 1.661554 4.058911 3.382183 1.859851 29.272975 -1.640063 5.324200 537
Car -1 -1 1.404300 741.588600 167.933400 768.519800 187.754300 1.538092 1.585013 3.703316 11.909498 1.230567 58.270016 1.606879 1.591400 533
Car -1 -1 1.690700 455.504000 170.037500 484.404100 191.117400 1.450567 1.580114 3.795173 -9.993593 1.262586 51.579064 1.496238 6.803200 531
Car -1 -1 1.395500 685.054100 182.608100 751.086400 232.651800 1.439435 1.519632 3.489648 3.364505 1.799173 23.326626 1.532744 12.847300 527
Car -1 -1 1.716900 500.477600 182.958600 535.763100 209.176800 1.482526 1.601879 3.870933 -5.573956 2.103732 44.021338 1.584552 2.118200 522
Car -1 -1 -1.708700 651.903500 178.803300 692.029900 210.977200 1.568394 1.587173 3.727983 3.165283 1.917506 37.695341 -1.623912 6.495600 519
Car -1 -1 1.857100 434.236500 185.992600 505.000200 228.179200 1.463670 1.634777 4.136204 -5.553762 2.038100 28.857253 1.669275 9.027800 511
Car -1 -1 -3.831500 1045.724500 146.075400 1241.000000 271.755300 1.538902 1.599459 3.991242 8.262987 1.224926 9.675609 -3.133529 8.858000 510
Car -1 -1 1.865800 348.680700 189.584600 445.928000 254.369100 1.510853 1.564024 3.591994 -5.764722 2.030587 19.764896 1.583190 11.000600 494
Car -1 -1 -1.807100 728.201200 178.159000 868.245200 277.542700 1.576112 1.621776 3.875081 3.268235 1.677734 13.491556 -1.568639 12.226100 484
Car -1 -1 -1.988600 789.686300 191.943500 1107.296900 372.909200 1.427145 1.598355 3.842292 3.244660 1.639610 7.901565 -1.597819 12.749000 470
Car -1 -1 2.004200 202.763600 197.769900 395.632600 297.139100 1.449079 1.638723 4.378486 -5.771523 1.977521 13.890923 1.610818 13.547300 451
Car -1 -1 2.306700 0.000000 206.380100 180.085100 374.000000 1.496184 1.649719 4.247672 -5.935036 1.921628 6.341694 1.553556 10.831300 444
