Car -1 -1 0.631900 0.000000 187.965700 159.730500 241.534900 1.443218 1.571829 3.607999 -15.201380 1.914311 20.681584 -0.005979 3.441500 550
Car -1 -1 1.727100 477.040100 178.526000 520.010000 211.642500 1.535733 1.576356 3.674888 -5.606691 1.865845 36.856197 1.571018 0.206800 544
Car -1 -1 -1.753900 660.067200 176.022500 712.373000 214.940800 1.543471 1.594989 3.536503 3.182435 1.676607 30.952697 -1.652489 5.657300 538
Car -1 -1 -1.813100 700.906000 180.103300 810.652200 253.572400 1.487090 1.613723 3.927421 3.242192 1.673935 16.965058 -1.624048 12.090100 537
Car -1 -1 1.234300 753.167100 181.508600 929.268700 297.423400 1.462894 1.519199 3.488547 3.353622 1.622844 11.215969 1.519272 13.491500 527
Car -1 -1 1.786000 453.896900 179.053700 506.727700 216.058700 1.485487 1.572048 3.542962 -5.687523 1.770011 31.625192 1.596653 7.659800 522
Car -1 -1 -1.740700 669.410200 175.595800 732.594300 222.322000 1.522417 1.601588 3.675084 3.094319 1.622869 25.544131 -1.618492 12.080800 519
Car -1 -1 1.998300 286.551700 189.683400 429.713100 267.050400 1.462417 1.588998 3.969755 -5.654073 1.880171 16.603432 1.663669 12.538600 511
Car -1 -1 2.218400 0.000000 206.712200 235.096100 374.000000 1.501427 1.551542 3.575208 -5.765879 1.914586 7.668114 1.578075 11.320700 494
Car -1 -1 -2.435400 1007.651800 173.237900 1241.000000 374.000000 1.603308 1.604812 3.954117 3.250657 1.627860 1.474093 -1.547957 6.355600 484
