Car -1 -1 1.840200 239.115800 166.996400 296.687100 199.477000 1.441371 1.569903 3.585990 -16.101484 1.242901 34.050311 1.470100 2.693500 576
Car -1 -1 0.519100 51.994000 175.226300 213.873200 223.254700 1.448833 1.580660 3.955306 -14.943911 1.503576 22.702507 -0.055718 5.470000 575
Car -1 -1 -1.391100 818.040600 157.337300 845.810800 175.450400 1.476073 1.600605 3.865126 18.622820 0.185959 60.634385 -1.217275 -0.675700 573
Car -1 -1 -1.689400 678.262500 171.949800 735.383800 214.610900 1.476487 1.618429 3.993776 3.527118 1.423332 26.069846 -1.569405 1.485000 571
Car -1 -1 1.740000 424.797900 180.097600 483.330100 223.986300 1.462519 1.530429 3.457009 -5.644272 1.697133 26.201289 1.532354 7.438900 544
Car -1 -1 -1.817600 684.786500 171.456500 770.458800 233.105600 1.561521 1.556428 3.455155 3.174387 1.515271 20.281321 -1.663010 8.468200 538
Car -1 -1 -2.083700 822.247400 182.226900 1241.000000 374.000000 1.481129 1.618589 3.925297 3.252181 1.557340 6.304810 -1.613773 12.125700 537
Car -1 -1 1.835000 366.862500 180.556100 454.560300 238.511300 1.528944 1.574533 3.600553 -5.764086 1.730845 21.087018 1.575186 11.770000 522
Car -1 -1 -1.818600 708.339200 170.872900 827.937900 253.273400 1.509831 1.589595 3.565665 3.088660 1.456123 14.962844 -1.615744 13.744500 519
Car -1 -1 2.367900 0.000000 207.598900 212.018500 374.000000 1.489518 1.630001 4.004323 -5.593165 1.873734 6.268109 1.650761 9.584400 511
