Car -1 -1 0.490400 74.463900 190.009400 229.412900 238.706300 1.476872 1.626638 3.948075 -14.746173 2.014737 23.393730 -0.072015 2.412800 873
Car -1 -1 1.854900 587.122100 182.143400 618.588200 201.250800 1.482883 1.609045 3.880615 -0.658682 2.213048 60.415350 1.788162 1.769100 867
Car -1 -1 1.721000 512.743200 185.626300 559.753800 220.455700 1.477221 1.602638 3.913170 -3.395427 2.059769 33.395458 1.620354 6.144700 864
Car -1 -1 1.769100 486.917900 186.207200 544.279100 227.011800 1.453737 1.566165 3.828469 -3.746874 2.028969 28.947768 1.637794 7.282600 860
Car -1 -1 1.333600 361.781200 168.160900 417.564200 204.009800 1.545986 1.607793 3.792696 -10.255510 1.343470 33.600498 1.079893 3.017600 848
Car -1 -1 -1.649700 695.965900 174.394500 738.628200 211.744200 1.773318 1.771082 4.691239 5.567213 1.885261 37.421347 -1.497968 8.810900 842
Car -1 -1 1.759600 450.129900 184.354400 523.178000 238.052400 1.547135 1.640157 4.030708 -3.938177 1.967613 24.036486 1.594138 10.094900 826
Car -1 -1 -1.932400 811.590600 187.597600 1101.722000 361.877400 1.519249 1.655882 4.151529 3.804573 1.743803 8.787242 -1.529969 13.382600 814
Car -1 -1 1.832500 385.780000 184.997900 490.293800 257.658500 1.604695 1.648395 3.986391 -4.264119 1.961391 18.793558 1.607183 14.277100 813
Car -1 -1 -2.456700 1027.639200 189.516200 1241.000000 374.000000 1.541450 1.618179 4.120904 3.714161 1.697428 2.989785 -1.550520 9.261200 773
