Car -1 -1 0.231000 467.524900 175.512500 527.372400 197.737400 1.490734 1.599717 3.759743 -7.600033 1.663369 48.625272 0.084117 -0.456200 916
Car -1 -1 -1.671700 699.863000 178.714300 742.897000 214.613300 1.526535 1.576653 3.661228 5.036447 1.901931 33.124924 -1.515304 5.385800 910
Car -1 -1 1.662600 592.221400 177.385000 613.406200 194.526800 1.474364 1.569587 3.986897 -0.614881 2.153847 65.525279 1.670465 -0.600000 909
Car -1 -1 1.738600 523.025800 176.637900 552.019000 196.339600 1.486562 1.628053 4.183787 -5.941422 1.954152 56.264325 1.613219 1.272100 906
Car -1 -1 -1.723200 722.590900 182.639200 795.737300 236.566700 1.471295 1.598765 3.919913 4.444649 1.872568 22.300100 -1.522666 7.089200 904
Car -1 -1 -1.766400 706.664200 178.190800 767.903000 222.527700 1.583711 1.622860 3.713138 4.803950 1.892608 28.057407 -1.594757 6.903800 899
Car -1 -1 1.711400 531.612700 178.934900 572.994500 210.246600 1.527267 1.653611 4.027193 -3.070181 1.977324 38.490013 1.624636 6.520500 867
Car -1 -1 1.942900 216.177500 190.361800 418.245200 311.369600 1.511723 1.599327 4.051396 -4.503402 1.876575 11.668435 1.573954 12.679500 864
Car -1 -1 2.155600 0.000000 209.260300 304.458500 374.000000 1.384949 1.518010 3.678179 -4.614894 1.845092 7.107688 1.582831 11.831100 860
Car -1 -1 -1.789300 747.738700 168.870400 879.151000 268.993200 1.867416 1.787526 4.520482 4.217545 1.828877 15.857605 -1.529100 9.561500 842
Car -1 -1 2.465400 0.000000 188.527000 126.902500 374.000000 1.521490 1.649762 4.233956 -4.548693 1.658649 2.400735 1.535987 5.072000 826
