Car -1 -1 -1.697200 693.453700 178.704300 746.068000 219.922700 1.546646 1.620691 3.955215 4.376184 1.802778 29.573908 -1.553076 6.061100 943
Car -1 -1 1.744200 510.420300 182.353700 557.226800 216.325200 1.485804 1.589136 3.880286 -3.648567 1.977802 34.784531 1.636252 4.224900 941
Car -1 -1 -2.010200 934.610100 174.975700 999.133300 203.580900 1.478446 1.596853 3.972407 19.584825 1.553250 39.740972 -1.533570 0.018100 939
Car -1 -1 1.234400 898.552600 175.858600 945.209000 200.132500 1.475275 1.557915 3.905203 19.794469 1.638237 45.243116 1.642122 0.972900 938
Car -1 -1 1.756500 487.928500 183.272600 543.490600 223.578900 1.490872 1.588325 3.768730 -3.862694 1.972460 29.704902 1.628576 5.975600 931
Car -1 -1 -1.708900 709.191200 179.777500 773.474200 229.732000 1.513483 1.602425 3.850331 4.308856 1.788982 24.472243 -1.539910 7.809500 918
Car -1 -1 -1.749500 731.077900 182.504500 820.014600 247.470000 1.483931 1.593030 3.851879 4.146357 1.780986 18.872764 -1.533296 11.427400 910
Car -1 -1 1.647600 558.743000 180.004500 586.940400 202.414200 1.493141 1.653275 4.033963 -2.647942 2.032364 51.102318 1.604680 5.203000 909
Car -1 -1 2.032300 443.048500 170.808800 500.651200 197.976100 1.489791 1.646135 4.035715 -7.824244 1.444413 41.486839 1.941334 1.232000 906
Car -1 -1 -2.005100 843.826200 184.274500 1193.070100 374.000000 1.529756 1.625768 3.946794 3.915460 1.753319 7.907571 -1.543150 12.750800 904
Car -1 -1 -1.880700 761.279600 183.352700 906.052600 281.231200 1.579181 1.580316 3.487032 4.018070 1.800064 13.756893 -1.605918 12.460300 899
Car -1 -1 1.807400 442.327400 187.311000 518.562800 236.580400 1.420336 1.608014 3.946661 -4.220800 1.937647 23.909537 1.629416 12.401900 867
Car -1 -1 -2.457400 1025.217300 85.831000 1241.000000 374.000000 1.628142 1.645154 4.117227 3.758639 1.506710 2.240359 -1.584554 7.046600 842
