Car -1 -1 1.753900 538.219400 170.152500 565.560100 188.254300 1.487276 1.621799 4.115540 -4.919187 1.230840 61.380572 1.655922 2.692600 906
Car -1 -1 -1.315700 385.041900 158.859100 433.945200 186.697400 1.539923 1.681915 4.319249 -11.561521 0.761381 41.708887 -1.579084 0.015100 905
Car -1 -1 -1.679000 713.630300 180.776000 767.060100 223.272300 1.474792 1.587370 3.755604 4.854816 1.753574 27.381955 -1.470065 3.875100 904
Car -1 -1 -1.750200 702.611100 176.099200 752.340700 213.248600 1.569069 1.600765 3.693165 5.260260 1.731184 33.097314 -1.581527 4.954200 899
Car -1 -1 0.509800 0.000000 171.835500 151.917300 223.117000 1.521654 1.605254 3.753999 -16.467581 1.376180 20.945488 -0.124032 2.169800 893
Car -1 -1 1.646700 547.985200 177.868600 581.334600 204.368100 1.489114 1.655902 3.983336 -2.618311 1.751451 43.584773 1.623253 4.752000 867
Car -1 -1 1.835000 361.914600 187.974200 478.769100 261.895600 1.443044 1.603006 4.027154 -4.289755 1.792046 16.756236 1.589181 11.571700 864
Car -1 -1 1.942300 245.924900 194.610000 423.870900 306.015000 1.469113 1.585396 3.749760 -4.475052 1.887206 12.187817 1.588997 12.071400 860
Car -1 -1 -1.727900 726.825200 168.360400 814.223100 239.716900 1.815486 1.763204 4.550255 4.473224 1.690242 20.961825 -1.516808 10.279700 842
Car -1 -1 2.108400 0.000000 185.467500 319.240500 374.000000 1.619583 1.643672 3.983876 -4.548361 1.784386 7.320419 1.550334 13.553900 826
Car -1 -1 2.498300 0.000000 198.599000 119.615600 374.000000 1.516869 1.633668 4.114943 -4.505338 1.675029 2.337860 1.567469 4.490000 813
