Car -1 -1 0.028100 940.529600 174.073600 1109.172700 229.803900 1.475586 1.622922 4.047714 11.927104 1.491714 20.888320 0.558385 1.940900 844
Car -1 -1 -1.614600 655.983900 178.536100 681.252500 201.978000 1.658546 1.710261 4.411553 4.356680 2.109153 53.465211 -1.532300 3.294500 842
Car -1 -1 -2.914100 869.986200 172.704200 1007.750200 219.692600 1.464792 1.587347 4.028873 11.058482 1.437457 24.439524 -2.498129 4.019800 833
Car -1 -1 1.695200 501.645800 183.288300 540.516300 215.402200 1.625872 1.639867 4.096283 -4.685889 2.223132 40.303045 1.556754 6.534800 826
Car -1 -1 -1.687700 671.390200 183.734500 732.928400 232.114400 1.500211 1.643240 4.091217 3.307252 1.884606 25.153052 -1.572060 10.722000 814
Car -1 -1 1.773100 477.883900 184.686000 527.624200 221.425400 1.612315 1.636233 3.846668 -4.901782 2.200388 35.003720 1.602903 8.179800 813
Car -1 -1 2.360200 0.000000 216.736500 162.029200 374.000000 1.505635 1.594787 3.871733 -4.830627 1.919532 4.900819 1.531979 6.638400 791
Car -1 -1 -1.734300 688.755300 187.417500 773.172400 248.028500 1.403024 1.601348 3.788873 3.365769 1.807923 19.374122 -1.580641 14.290800 773
Car -1 -1 -2.334100 957.195100 212.131800 1241.000000 374.000000 1.432079 1.571407 3.841762 3.759587 1.740342 4.035963 -1.597662 9.756500 757
Car -1 -1 -3.028700 964.873200 168.259600 1153.894000 235.769400 1.515809 1.609456 3.924044 11.597876 1.406291 18.373324 -2.473889 7.151700 756
