Car -1 -1 -1.705700 691.912500 179.683800 742.830600 219.804800 1.555009 1.611066 3.929389 4.448671 1.864132 30.625814 -1.558174 5.270700 943
Car -1 -1 1.744700 516.136700 184.233000 560.271900 216.370100 1.475906 1.578803 3.832203 -3.545107 2.034795 35.794303 1.630817 3.239100 941
Car -1 -1 -1.945600 934.709300 173.067800 991.765400 200.499900 1.475930 1.579293 3.879172 19.881520 1.504356 40.865440 -1.501469 -0.098000 939
Car -1 -1 1.234400 898.552600 175.858600 945.209000 200.132500 1.475275 1.557915 3.905203 19.824258 1.684318 46.225140 1.642122 0.972900 938
Car -1 -1 1.746500 495.400100 184.655200 546.274900 222.697600 1.480311 1.572022 3.741109 -3.783720 2.015168 30.709858 1.630318 6.148400 931
Car -1 -1 -1.716200 706.445800 180.227100 768.337600 227.734300 1.501158 1.597934 3.791646 4.361673 1.814837 25.466999 -1.549310 8.255200 918
Car -1 -1 -1.745800 725.849500 183.482300 811.499000 246.409400 1.501455 1.603920 3.958312 4.192893 1.836441 19.929882 -1.534907 11.395600 910
Car -1 -1 1.649200 562.063700 179.473800 588.151100 201.927600 1.513596 1.607928 3.806084 -2.530987 2.067366 52.100676 1.618078 6.027000 909
Car -1 -1 2.161400 451.138300 172.986500 513.729600 200.035100 1.501928 1.636145 4.115614 -7.506200 1.564385 42.486979 2.099194 -0.380500 906
Car -1 -1 -1.962400 826.333900 194.233800 1101.932400 356.620100 1.449755 1.589148 3.873972 3.933863 1.783408 8.947007 -1.542746 14.020700 904
Car -1 -1 -1.896700 751.257800 180.882800 884.094200 271.952600 1.589667 1.563677 3.412653 4.043262 1.798970 14.772037 -1.623261 12.092200 899
Car -1 -1 1.775900 455.175300 186.371100 525.639400 233.674300 1.434310 1.621305 3.976369 -4.117214 1.949498 25.032535 1.625236 10.254500 867
Car -1 -1 -2.457400 1025.217300 85.831000 1241.000000 374.000000 1.628142 1.645154 4.117227 3.793530 1.524024 3.204967 -1.584554 7.046600 842
