Car -1 -1 -1.670600 698.041800 173.135800 738.606400 204.569000 1.496453 1.611698 3.804621 5.212716 1.406704 35.703396 -1.540345 0.185400 918
Car -1 -1 -2.886400 444.223800 165.023900 512.998000 190.199300 1.584604 1.659594 3.979661 -8.187582 0.994871 45.694285 -3.065595 0.717700 916
Car -1 -1 -1.674100 703.767600 170.822200 751.786400 209.357400 1.518059 1.583931 3.758197 4.798128 1.417250 30.106568 -1.518248 7.037400 910
Car -1 -1 1.667800 585.275300 170.999000 608.634800 188.984600 1.495121 1.611437 4.130734 -1.097504 1.308325 62.603648 1.655520 1.442000 909
Car -1 -1 1.948400 504.400600 163.492800 547.655000 184.587700 1.489527 1.679346 4.369955 -6.183353 0.833803 53.202776 1.763701 1.042100 906
Car -1 -1 -1.752100 732.852900 174.765800 821.610900 236.870400 1.472213 1.590079 3.989449 4.300982 1.540103 19.344718 -1.531392 10.988600 904
Car -1 -1 -1.776200 712.235300 170.112300 780.312800 219.322900 1.587478 1.596154 3.658196 4.591445 1.488139 25.095531 -1.599686 8.441500 899
Car -1 -1 1.757000 518.393600 174.790500 566.298900 206.475100 1.492140 1.641470 3.873978 -3.304703 1.541908 35.362276 1.654816 7.517500 867
Car -1 -1 2.059300 16.223500 191.491900 360.829500 374.000000 1.534423 1.647231 4.166597 -4.595464 1.800854 8.611102 1.570579 12.690900 864
Car -1 -1 2.407900 0.000000 217.953600 149.826500 374.000000 1.428570 1.567139 3.656702 -4.634335 1.791300 4.083427 1.570047 7.925200 860
Car -1 -1 -1.845400 766.013800 148.836700 948.393400 280.023300 1.883736 1.790089 4.588223 4.065198 1.576109 12.879249 -1.533723 5.718000 842
