Car -1 -1 1.669100 523.217000 185.434600 563.559000 219.002100 1.524400 1.618837 4.022774 -3.315634 2.180024 36.216630 1.592680 2.420100 931
Car -1 -1 -1.656200 701.280400 181.884800 746.093500 221.869100 1.540520 1.575311 3.638058 4.717940 1.888045 30.567935 -1.516780 6.153000 918
Car -1 -1 -1.684400 712.425000 185.904400 773.586700 234.864700 1.490070 1.605953 4.041154 4.479656 1.908384 25.110103 -1.514625 8.826400 910
Car -1 -1 1.740800 575.723500 182.868300 603.349200 203.239700 1.479113 1.570822 3.727842 -1.671286 2.222592 57.197361 1.683110 6.277000 909
Car -1 -1 3.054300 485.444500 178.807200 549.795500 202.550100 1.480881 1.629645 4.013285 -6.238368 1.706804 47.158923 2.570363 3.025800 906
Car -1 -1 -1.809900 763.539400 187.901700 896.892600 281.457800 1.495110 1.600109 3.826778 4.077440 1.821903 14.134259 -1.531569 12.027200 904
Car -1 -1 -1.821800 725.661700 182.875700 817.574100 247.914700 1.576041 1.589053 3.651915 4.278599 1.835688 19.929246 -1.604639 10.415800 899
Car -1 -1 1.756700 492.102000 186.391500 547.939200 225.672900 1.459839 1.627147 4.016096 -3.752970 2.000999 30.319350 1.631824 8.423900 867
Car -1 -1 2.426300 0.000000 219.569800 129.159000 374.000000 1.499163 1.617569 4.130644 -4.600590 1.847289 3.584650 1.529110 8.368000 864
Car -1 -1 -2.022800 833.041700 158.806400 1241.000000 374.000000 1.886627 1.804856 4.656044 3.948291 1.739616 7.785455 -1.547926 8.805900 842
