Car -1 -1 -2.852800 763.961800 174.307900 884.608100 213.530600 1.470197 1.656349 4.243643 8.641803 1.535571 29.167499 -2.578530 2.763500 833
Car -1 -1 1.616200 1184.102400 162.803200 1241.000000 262.058000 1.446889 1.541773 3.700418 11.510440 1.339803 11.559016 2.293809 2.975900 829
Car -1 -1 1.708500 455.809600 187.311000 492.360900 216.031500 1.581334 1.635214 4.032310 -8.108692 2.458459 43.444596 1.523933 4.380500 826
Car -1 -1 -1.673800 608.804300 183.655500 660.205000 227.240700 1.556502 1.636980 4.041944 0.956495 2.062045 29.108858 -1.656762 8.530200 814
Car -1 -1 1.745900 433.424300 188.292300 478.693700 221.620900 1.597423 1.660455 3.960920 -8.010288 2.482693 38.145056 1.531266 11.200700 813
Car -1 -1 0.910000 0.000000 209.927200 55.140600 374.000000 1.552841 1.663147 4.261412 -5.854694 1.888829 4.330631 0.500581 -0.015200 800
Car -1 -1 2.028200 0.000000 215.510100 256.044300 374.000000 1.469477 1.576451 3.746820 -5.412670 2.035806 8.196159 1.415433 11.791300 791
Car -1 -1 -1.692900 623.313600 185.671800 688.064500 237.311000 1.454206 1.609614 3.768637 1.550252 1.922843 23.300281 -1.651168 13.091900 773
Car -1 -1 -2.034100 769.361400 198.219000 1102.428500 374.000000 1.430440 1.595625 3.807994 3.188869 1.780660 7.939228 -1.672637 14.685200 757
Car -1 -1 -2.928000 848.630900 169.302500 986.738800 220.218700 1.486212 1.579669 3.821864 9.881944 1.392422 23.013515 -2.539964 7.253100 756
