Car -1 -1 1.216300 920.863800 176.777000 974.731800 203.362700 1.477269 1.598477 3.918286 19.884001 1.716101 42.677559 1.691397 2.764400 939
Car -1 -1 1.716500 506.053800 184.888400 553.806400 220.832000 1.473767 1.622945 4.040714 -3.641629 2.151262 32.930602 1.616457 5.938600 931
Car -1 -1 -1.714400 703.575800 182.627300 760.015000 226.033000 1.506184 1.583309 3.720690 4.503620 1.932955 27.486275 -1.545994 6.752700 918
Car -1 -1 -1.723500 718.782900 184.320800 792.369000 240.177500 1.484489 1.590900 3.930614 4.282275 1.895798 21.996204 -1.526624 10.993200 910
Car -1 -1 1.637300 565.867900 181.262600 591.574000 202.743200 1.488956 1.634421 4.016852 -2.318064 2.249133 54.202116 1.617677 6.649500 909
Car -1 -1 -2.712400 458.496400 174.555100 526.570500 199.803000 1.471658 1.593826 3.832528 -7.062105 1.658039 43.661982 3.051770 -0.453200 906
Car -1 -1 -1.893000 793.691900 193.389000 991.632000 312.691500 1.423882 1.600735 3.868321 3.980397 1.790988 11.011542 -1.542584 13.520000 904
Car -1 -1 -1.844300 740.521500 182.897500 851.043900 260.538900 1.576879 1.581987 3.449875 4.125494 1.858802 16.798245 -1.604025 11.245300 899
Car -1 -1 1.782200 466.786800 185.662300 534.056400 229.539500 1.458562 1.639607 4.061757 -4.040238 2.006682 27.118754 1.638017 10.270100 867
Car -1 -1 -2.213400 922.587200 138.551400 1241.000000 374.000000 1.783280 1.724705 4.331395 3.899474 1.643655 5.004699 -1.559082 5.690200 842
