Car -1 -1 0.521600 37.778300 189.000400 208.968500 240.729400 1.489188 1.648431 4.068485 -14.981899 1.997690 22.461952 -0.070584 5.182600 873
Car -1 -1 1.850100 586.913000 181.035300 619.002200 200.197600 1.477870 1.600831 3.982567 -0.637368 2.167923 59.534126 1.820684 2.000900 867
Car -1 -1 1.719300 507.676700 182.331100 555.850100 220.665800 1.534191 1.605087 3.850273 -3.480415 2.029477 32.454503 1.615191 6.376300 864
Car -1 -1 1.777600 479.978100 186.861400 540.670900 229.434000 1.454889 1.572429 3.812048 -3.807362 2.030387 27.954172 1.640146 6.092600 860
Car -1 -1 1.452800 359.716000 166.940300 407.822500 203.598300 1.550136 1.611691 3.897888 -10.304910 1.309452 32.709737 1.121059 3.011800 848
Car -1 -1 -1.633300 697.795300 173.825400 739.347600 212.599700 1.804023 1.770290 4.700856 5.467213 1.876120 36.500826 -1.491127 8.407900 842
Car -1 -1 1.766900 442.207800 184.619500 518.940200 240.231300 1.551069 1.643892 4.058514 -3.990285 1.958922 23.122483 1.592816 10.250900 826
Car -1 -1 -1.968700 833.302400 187.450000 1181.459000 374.000000 1.522742 1.651505 4.135875 3.792171 1.728964 7.845372 -1.525106 13.293900 814
Car -1 -1 1.830600 373.729900 186.266500 483.039100 264.836700 1.631026 1.643825 3.958400 -4.296416 1.991599 17.853821 1.596131 14.111900 813
Car -1 -1 -2.502000 1075.813900 200.580900 1241.000000 374.000000 1.550257 1.634137 4.117997 3.528983 1.709330 2.155145 -1.518679 2.237400 773
