Car -1 -1 1.550100 1136.787900 171.673100 1241.000000 262.045900 1.422511 1.546534 3.652060 10.650606 1.388627 13.251328 2.212457 9.340800 829
Car -1 -1 -1.981700 341.063100 186.417200 381.819000 208.155500 1.467960 1.556370 3.504454 -18.236364 2.512997 52.881761 -2.295205 -0.525200 827
Car -1 -1 1.767900 402.959900 189.717300 443.199400 219.872300 1.670411 1.668683 4.044437 -10.291082 2.869643 44.535497 1.512411 2.384900 826
Car -1 -1 -1.672600 573.427500 186.324700 622.404000 227.537600 1.543078 1.636094 4.037786 -0.594609 2.160922 30.313358 -1.704754 7.974500 814
Car -1 -1 1.748100 400.882000 190.988700 444.942400 224.172000 1.607210 1.651944 3.915134 -10.016975 2.655459 39.016701 1.473963 8.204500 813
Car -1 -1 2.190000 0.000000 222.687400 119.691900 374.000000 1.479177 1.659137 4.341775 -5.034116 1.992432 4.567740 1.332575 6.109200 800
Car -1 -1 1.964800 0.000000 205.273900 257.076600 374.000000 1.587514 1.592670 3.697672 -5.889049 2.116585 9.302439 1.372489 10.152100 791
Car -1 -1 -1.685000 586.561100 188.095500 647.252800 237.985800 1.455957 1.616713 3.791356 0.316726 2.026685 24.713946 -1.699501 12.294800 773
Car -1 -1 -1.970300 711.429000 196.500900 954.747200 347.034700 1.435694 1.587065 3.803909 2.699720 1.808857 9.530283 -1.718545 13.318500 757
Car -1 -1 -2.891900 796.203400 171.853300 923.048000 217.678300 1.471100 1.590761 3.869892 8.651553 1.436082 24.861864 -2.586015 8.100100 756
