Car -1 -1 -1.895200 430.562200 175.275000 472.601100 198.612700 1.517275 1.604554 3.786034 -10.372561 1.609221 47.447916 -2.031502 1.661900 848
Car -1 -1 -3.066500 989.301400 172.474500 1170.357300 235.719400 1.463000 1.558062 3.823175 11.888234 1.457402 18.388883 -2.510607 3.233700 844
Car -1 -1 -1.609200 670.354800 175.771000 698.700600 203.767200 1.833591 1.785966 4.738256 5.362758 2.113275 51.220927 -1.505180 0.283900 842
Car -1 -1 -2.965700 908.875100 171.729600 1071.976000 224.225200 1.451745 1.600921 4.067614 11.566023 1.412051 21.810084 -2.487019 5.250500 833
Car -1 -1 1.708100 507.405600 183.179900 549.378400 216.492300 1.585195 1.643141 3.960706 -3.967743 2.141527 37.896228 1.584739 4.827000 826
Car -1 -1 -1.704300 690.783200 181.175900 762.691600 236.440200 1.531904 1.653769 4.229154 3.769274 1.825547 22.724730 -1.551064 11.056200 814
Car -1 -1 1.784800 481.244800 181.835600 535.828100 222.353100 1.667082 1.652238 3.899524 -4.244992 2.113536 32.706827 1.630184 10.847500 813
Car -1 -1 -1.747400 713.559800 186.271400 815.233100 258.432000 1.403846 1.609094 3.891304 3.700564 1.767627 16.929061 -1.552675 14.029700 773
Car -1 -1 -2.565500 1097.345300 209.289500 1241.000000 374.000000 1.514672 1.566833 3.907932 4.096133 1.729129 1.816667 -1.582432 5.963800 757
Car -1 -1 -3.078400 1048.764400 162.878300 1241.000000 239.581600 1.452054 1.569578 3.834596 11.993829 1.277636 15.633645 -2.442814 6.492200 756
