Car -1 -1 -1.700700 694.723500 178.383500 748.743400 220.346800 1.526814 1.611476 3.893877 4.296216 1.749745 28.513952 -1.551791 6.736900 943
Car -1 -1 1.736100 506.059800 181.615900 552.734200 215.853800 1.473748 1.577183 3.839744 -3.755326 1.906792 33.808280 1.629544 5.566900 941
Car -1 -1 -2.010200 934.610100 174.975700 999.133300 203.580900 1.478446 1.596853 3.972407 19.484306 1.499750 38.788238 -1.533570 0.018100 939
Car -1 -1 1.771000 479.736300 182.565400 538.355700 224.275700 1.492311 1.596529 3.706043 -3.963842 1.922230 28.600863 1.631310 7.632300 931
Car -1 -1 -1.739700 710.778100 177.825100 780.832000 230.386400 1.529315 1.603460 3.770338 4.248529 1.738378 23.384895 -1.551894 8.564300 918
Car -1 -1 -1.750400 735.417400 181.165000 830.968700 252.861400 1.513083 1.598388 3.828963 4.089423 1.765004 17.817600 -1.527736 11.412300 910
Car -1 -1 1.710000 553.599400 177.279200 586.801900 202.537300 1.586872 1.689569 4.228419 -2.764323 1.990848 50.031137 1.635965 5.384500 909
Car -1 -1 1.980400 438.651700 170.074700 493.287500 197.700900 1.477497 1.620834 3.916355 -8.023319 1.366729 40.440590 1.844151 0.994700 906
Car -1 -1 -2.056100 869.623900 192.830200 1241.000000 374.000000 1.492639 1.607370 3.890804 3.878150 1.728102 6.901410 -1.543923 12.166700 904
Car -1 -1 -1.911800 771.312500 179.143900 929.988300 283.848700 1.569366 1.573508 3.403948 3.982438 1.728348 12.698817 -1.606278 13.126200 899
Car -1 -1 1.802200 433.362700 183.771800 513.014300 236.136600 1.440400 1.609612 3.948724 -4.287260 1.867286 22.866994 1.621990 13.002400 867
