Car -1 -1 1.700200 542.860400 177.049200 579.261600 204.528900 1.518297 1.636440 4.094206 -2.926422 1.899215 42.331152 1.608426 3.070600 928
Car -1 -1 -1.686800 699.176800 178.971400 746.026200 216.927500 1.534241 1.599598 3.705463 4.817519 1.757641 31.627597 -1.539078 6.398900 918
Car -1 -1 -1.693600 709.980400 182.434600 768.548500 228.250200 1.497949 1.591800 3.909535 4.530903 1.773056 26.098611 -1.526638 8.486000 910
Car -1 -1 -1.476100 579.029600 182.350400 602.337200 201.135000 1.442082 1.575389 3.606235 -1.605609 2.001683 58.316640 -1.506361 5.699200 909
Car -1 -1 2.011000 488.436600 172.728500 536.085400 195.621700 1.479380 1.625963 4.005750 -6.486006 1.352535 48.774388 1.989664 0.825100 906
Car -1 -1 -1.804900 755.401300 187.334000 880.223300 273.255700 1.481697 1.603844 3.899392 4.122549 1.784448 15.154312 -1.536535 12.563400 904
Car -1 -1 -1.799900 721.838400 180.630200 806.995200 241.245200 1.576268 1.595288 3.599839 4.316587 1.749791 20.944305 -1.597099 10.394400 899
Car -1 -1 1.742600 498.434600 183.767500 551.780700 220.737300 1.458122 1.642919 4.099741 -3.675074 1.876360 31.434935 1.628789 7.917600 867
Car -1 -1 2.327600 0.000000 206.239000 198.956900 374.000000 1.482438 1.610238 3.981371 -4.619183 1.791514 4.601962 1.545791 9.075100 864
Car -1 -1 -1.967500 818.448700 144.531900 1156.884700 364.142100 1.896863 1.794107 4.555474 3.978394 1.677327 8.782146 -1.539555 10.612900 842
