Car -1 -1 2.303600 0.000000 188.739700 46.842400 310.600700 1.492755 1.620076 4.097784 -11.322942 1.788702 10.879387 1.527195 2.974500 856
Car -1 -1 -2.582700 186.502500 186.002500 249.650800 206.368100 1.469629 1.607097 3.895032 -29.277715 2.289725 53.405412 -2.531848 0.370800 854
Car -1 -1 1.428800 435.119900 168.735200 471.417700 196.102300 1.607203 1.627869 3.852409 -9.659427 1.312226 44.318003 1.197950 3.374000 848
Car -1 -1 -0.067900 1086.371600 165.977600 1241.000000 247.461900 1.456634 1.610128 4.133546 12.282684 1.322799 14.812543 0.673344 3.741600 844
Car -1 -1 -1.604600 686.095800 172.690800 714.217300 198.278600 1.651866 1.703790 4.415234 6.013766 1.601373 47.704980 -1.532538 5.149700 842
Car -1 -1 -3.035900 976.299500 165.979400 1166.285800 230.122500 1.468591 1.620937 4.015009 11.805720 1.271403 18.451360 -2.478195 5.139100 833
Car -1 -1 1.713100 509.414100 178.560100 555.296300 215.028200 1.597508 1.647921 3.962454 -3.471702 1.875978 34.711580 1.594879 7.233800 826
Car -1 -1 -1.720500 717.382300 176.944400 806.066200 243.963500 1.561612 1.669146 4.214979 4.067894 1.680592 19.381792 -1.529001 11.124800 814
Car -1 -1 1.784100 479.776400 180.027000 538.312500 223.514800 1.632014 1.615487 3.785931 -3.842255 1.912496 29.391310 1.641018 12.051700 813
Car -1 -1 -1.800100 753.035600 183.870200 890.423100 278.676100 1.445582 1.592716 3.799409 3.909370 1.670478 13.544761 -1.538655 13.131000 773
Car -1 -1 -3.268800 1171.239200 148.759800 1241.000000 260.034900 1.529258 1.648783 4.177814 12.284809 1.230270 12.101945 -2.475872 1.759300 756
