Car -1 -1 1.443900 0.000000 151.303300 66.142800 253.843800 1.563322 1.572815 3.660413 -11.550089 1.235589 13.303622 0.706660 -0.422600 911
Car -1 -1 -1.654800 701.536400 185.089500 741.091700 219.511000 1.515124 1.586603 3.671722 5.296219 2.131514 34.941450 -1.509328 4.970800 910
Car -1 -1 -1.440100 598.906600 184.537800 621.379400 201.479600 1.475577 1.596701 4.003499 0.003574 2.575469 67.771926 -1.438404 3.214100 909
Car -1 -1 1.592700 532.560600 176.340600 554.097700 195.467700 1.492724 1.659522 4.172855 -5.638501 1.895720 58.251184 1.543536 0.185900 906
Car -1 -1 -1.695900 718.797500 187.726700 780.979200 238.032900 1.488523 1.587513 3.825624 4.608488 2.023067 24.406574 -1.503284 7.974800 904
Car -1 -1 -1.755600 705.280000 184.963000 761.543700 226.626600 1.580156 1.614193 3.729508 4.991569 2.047123 29.999439 -1.587153 5.710100 899
Car -1 -1 1.685600 539.136700 185.597000 576.835800 214.807200 1.485393 1.656365 4.104615 -2.890767 2.137233 40.785413 1.618643 4.294100 867
Car -1 -1 1.881000 290.594200 196.352700 445.407200 292.849900 1.450132 1.611233 4.005119 -4.422622 1.914579 13.688976 1.570983 13.183500 864
Car -1 -1 2.047200 81.039100 205.347500 364.951500 360.827800 1.418888 1.564095 3.718489 -4.575292 1.889853 9.114534 1.589403 12.135900 860
Car -1 -1 -1.769200 735.782500 177.662900 849.969300 262.780700 1.825040 1.790405 4.682269 4.304171 1.883338 17.944313 -1.532748 8.205100 842
Car -1 -1 2.347800 0.000000 202.081900 188.739900 374.000000 1.572443 1.649216 4.107031 -4.583792 1.813960 4.329842 1.537423 10.092400 826
