Car -1 -1 -0.692600 1068.993900 171.207800 1241.000000 294.420100 1.513191 1.671119 4.459289 8.960815 1.500352 9.775406 0.045696 1.723700 885
Car -1 -1 0.689600 0.000000 184.308000 89.137500 249.295600 1.481219 1.611667 3.948067 -15.229450 1.833092 17.584453 -0.037588 1.943600 873
Car -1 -1 1.647900 581.893900 182.337700 607.137600 203.344200 1.482919 1.609222 3.968177 -1.294514 2.237598 54.624998 1.608135 1.830000 867
Car -1 -1 1.745200 481.899900 186.294500 540.499000 230.158300 1.491284 1.586566 3.868759 -3.767438 2.062091 27.808992 1.611916 9.786400 864
Car -1 -1 1.792000 445.758300 188.874800 518.736500 241.632500 1.464212 1.550208 3.691526 -4.067716 2.055474 23.285609 1.620020 7.656400 860
Car -1 -1 1.459900 306.993900 168.782300 364.976900 213.408100 1.591129 1.625370 3.935848 -10.669303 1.436604 27.915742 1.084955 4.736900 848
Car -1 -1 -1.675800 701.913500 175.372800 753.331800 218.222800 1.755840 1.746023 4.530106 5.077929 1.867346 31.767100 -1.515458 7.934500 842
Car -1 -1 1.812300 385.552400 187.907300 488.493100 260.398800 1.568585 1.636246 3.962451 -4.239551 1.982872 18.314401 1.584687 11.705100 826
Car -1 -1 -2.347000 1007.511000 190.935700 1241.000000 374.000000 1.569608 1.595773 4.016799 3.626605 1.720785 3.285002 -1.522917 6.862200 814
Car -1 -1 1.921800 269.642100 193.092000 437.851700 300.016600 1.557302 1.620680 3.830194 -4.440080 1.958141 13.148570 1.594089 12.343400 813
