Car -1 -1 1.552900 440.574300 172.313100 466.726600 198.110400 1.616448 1.633219 3.868575 -10.532147 1.598036 48.198460 1.241774 1.770300 848
Car -1 -1 -3.067900 963.839900 172.116300 1141.688000 232.655700 1.467998 1.604018 3.951890 11.816192 1.462175 19.228905 -2.539058 1.232000 844
Car -1 -1 -1.577000 666.475100 176.490900 692.527000 203.722200 1.773061 1.752903 4.537224 5.121481 2.134896 52.027357 -1.501103 0.903800 842
Car -1 -1 -2.947500 898.783400 171.506400 1046.098900 221.719000 1.455540 1.575390 3.936090 11.465804 1.418902 22.684685 -2.490771 4.869100 833
Car -1 -1 1.689400 507.882200 183.669400 546.383200 214.963600 1.567712 1.620230 3.921075 -4.133622 2.140635 38.633694 1.566518 6.019800 826
Car -1 -1 -1.692200 686.206800 181.271000 754.525700 235.848900 1.545664 1.660352 4.168887 3.680728 1.867265 23.519937 -1.551976 10.068700 814
Car -1 -1 1.748000 482.392500 182.223000 533.292400 222.632000 1.667539 1.652946 3.926259 -4.398313 2.166901 33.517938 1.604594 9.545700 813
Car -1 -1 2.488100 0.000000 225.441600 113.010600 374.000000 1.497084 1.598442 4.028384 -4.598868 1.912940 3.559431 1.563265 6.440000 791
Car -1 -1 -1.737900 706.818100 188.416800 800.730800 255.289100 1.395506 1.607465 3.828855 3.630685 1.799281 17.737530 -1.561371 13.320800 773
Car -1 -1 -2.565500 1097.345300 209.289500 1241.000000 374.000000 1.514672 1.566833 3.907932 3.796206 1.736733 2.455801 -1.582432 5.963800 757
Car -1 -1 -3.068300 1012.496600 166.735400 1225.267900 236.443000 1.451493 1.571322 3.871641 11.833700 1.318021 16.606969 -2.462577 6.714200 756
