Car -1 -1 1.744900 515.432200 189.438300 561.891000 223.079500 1.473073 1.601352 3.918078 -3.421791 2.302672 34.924018 1.626495 5.510900 931
Car -1 -1 -1.681500 702.318900 183.643000 752.232700 226.408100 1.562077 1.587232 3.678812 4.658001 1.998971 29.459432 -1.521242 6.593100 918
Car -1 -1 -1.698000 713.730600 186.433800 778.355300 237.242700 1.482116 1.608269 3.970727 4.399756 1.952450 24.070449 -1.516093 9.533500 910
Car -1 -1 -1.471500 572.576000 186.246100 597.966500 206.426700 1.457907 1.594417 3.774663 -1.892108 2.437260 56.182170 -1.487603 4.389600 909
Car -1 -1 1.983100 478.214500 178.389400 527.519500 202.763400 1.478358 1.632647 4.119836 -6.729908 1.822419 46.649668 2.116457 1.616200 906
Car -1 -1 -1.844000 770.185600 191.136200 927.811900 297.339900 1.513521 1.616110 3.937790 4.045906 1.881443 13.092065 -1.538634 12.923500 904
Car -1 -1 -1.823200 731.692700 183.723100 825.527300 253.059200 1.589921 1.583644 3.458956 4.234475 1.887316 18.877205 -1.602637 10.226700 899
Car -1 -1 1.758700 485.307200 187.994000 543.836000 228.854700 1.457528 1.629034 4.021661 -3.841768 2.078902 29.294854 1.629708 9.764500 867
Car -1 -1 2.426300 0.000000 219.569800 129.159000 374.000000 1.499163 1.617569 4.130644 -4.627690 1.845866 2.584543 1.529110 8.368000 864
Car -1 -1 -2.062500 867.816300 154.572600 1241.000000 374.000000 1.841370 1.776268 4.566031 3.946671 1.714557 6.762303 -1.537651 9.531300 842
