Car -1 -1 -1.312900 600.200500 186.382200 628.082500 203.720700 1.478850 1.618053 4.036797 0.390400 2.785057 66.524753 -1.317237 2.157000 867
Car -1 -1 1.695500 537.524900 188.742200 576.059500 220.175700 1.554374 1.638682 4.048842 -2.890090 2.516900 39.800828 1.619900 5.368500 864
Car -1 -1 1.710200 523.234600 190.010400 565.162100 223.920800 1.532788 1.608019 3.901741 -3.222594 2.555441 35.352454 1.631873 3.123100 860
Car -1 -1 1.626100 422.658800 176.044200 456.643800 207.084300 1.606042 1.624588 3.842853 -9.404215 1.840710 40.169737 1.329403 4.786900 848
Car -1 -1 -1.620000 693.108800 182.870100 725.663200 213.131500 1.686366 1.713432 4.413055 6.083297 2.303965 43.449563 -1.483803 6.561700 842
Car -1 -1 -3.141200 1070.543500 179.252700 1241.000000 264.756700 1.447271 1.595669 3.903310 11.639212 1.552262 14.265005 -2.468166 4.827200 833
Car -1 -1 1.734100 494.654700 188.172800 548.876700 231.882100 1.606331 1.644089 4.051469 -3.464862 2.294673 30.357933 1.610136 7.177500 826
Car -1 -1 -1.775600 745.821400 188.294300 870.556100 279.082500 1.545248 1.649549 4.112112 4.038763 1.897810 15.032090 -1.521635 11.303400 814
Car -1 -1 1.805100 455.258300 188.906900 526.688900 241.935200 1.616753 1.621492 3.751562 -3.875171 2.211468 25.078694 1.638531 12.696700 813
Car -1 -1 -1.916900 801.620300 197.342600 1059.457600 353.837500 1.424154 1.607877 3.981713 3.837339 1.791577 9.284196 -1.532517 15.002100 773
