Car -1 -1 0.536100 13.816400 190.756900 197.182100 245.471600 1.498219 1.649524 4.160458 -14.957903 2.020131 21.472414 -0.071274 7.341100 873
Car -1 -1 1.670700 584.565400 179.495500 609.896500 198.984600 1.481166 1.634512 4.034343 -0.930727 2.063850 58.501162 1.717120 2.312200 867
Car -1 -1 1.743000 503.238300 184.670200 554.479200 221.707900 1.487411 1.593970 3.897322 -3.538835 2.011761 31.649847 1.625518 7.798400 864
Car -1 -1 1.770400 474.892800 186.871200 536.791200 231.120000 1.461200 1.569012 3.833711 -3.864788 2.027536 27.080790 1.632887 7.431900 860
Car -1 -1 1.348900 342.791800 166.036900 400.407700 205.739300 1.598258 1.612871 3.766501 -10.442057 1.327571 31.669642 1.063113 1.630300 848
Car -1 -1 -1.621000 701.726400 175.537700 740.881400 212.087400 1.718226 1.711830 4.354475 5.410278 1.826585 35.438172 -1.478441 6.835700 842
Car -1 -1 1.779600 433.128200 184.611800 512.865000 242.356600 1.544661 1.620226 3.982611 -4.044073 1.935941 22.128514 1.593981 10.622000 826
Car -1 -1 -2.025100 851.515700 188.412400 1241.000000 374.000000 1.522963 1.641799 4.098005 3.752483 1.717734 6.920040 -1.530417 13.111400 814
Car -1 -1 1.862200 353.563500 185.641100 476.532200 268.167600 1.624892 1.660002 3.986088 -4.345095 1.964554 16.896664 1.601489 12.823400 813
Car -1 -1 -2.502000 1075.813900 200.580900 1241.000000 374.000000 1.550257 1.634137 4.117997 3.622136 1.703310 1.333936 -1.518679 2.237400 773
