Car -1 -1 2.303600 0.000000 188.739700 46.842400 310.600700 1.492755 1.620076 4.097784 -11.414466 1.804512 11.505260 1.527195 2.974500 856
Car -1 -1 -2.582700 186.502500 186.002500 249.650800 206.368100 1.469629 1.607097 3.895032 -29.136072 2.436158 54.349705 -2.531848 0.370800 854
Car -1 -1 1.381300 433.577500 166.629900 470.972000 193.333900 1.619989 1.618272 3.775243 -9.871712 1.277197 45.161640 1.172950 4.479900 848
Car -1 -1 -2.992100 1054.454700 164.466100 1241.000000 241.665700 1.464132 1.557586 3.828289 12.048005 1.321561 15.727276 -2.394392 4.557900 844
Car -1 -1 -1.577700 684.656400 170.723500 711.693400 197.640200 1.714915 1.726266 4.492630 5.871115 1.641621 48.493427 -1.614634 4.323500 842
Car -1 -1 -3.025800 955.153500 162.660900 1140.844700 223.048100 1.457896 1.621807 4.119063 11.757971 1.214802 19.327253 -2.488379 4.168900 833
Car -1 -1 1.681700 511.150100 178.619200 553.572400 212.956600 1.564674 1.639704 4.085187 -3.553225 1.871295 35.594193 1.576077 6.325600 826
Car -1 -1 -1.723600 710.044700 176.726200 794.096500 239.180200 1.544317 1.654820 4.209768 4.007570 1.678725 20.224514 -1.540004 11.657700 814
Car -1 -1 1.772800 480.129400 178.717600 537.919500 222.268900 1.667310 1.647988 3.861381 -3.943836 1.931400 30.248740 1.632794 11.851100 813
Car -1 -1 -1.802900 738.421700 183.038500 868.719200 269.531600 1.425651 1.594523 3.885180 3.840666 1.650803 14.402980 -1.551689 13.285000 773
Car -1 -1 -0.105800 1143.271600 160.552500 1241.000000 256.259000 1.470778 1.626266 4.102436 12.258503 1.251497 12.898183 0.681461 5.304100 756
