Car -1 -1 -3.066600 922.414800 170.536400 1079.313800 224.124700 1.483031 1.602987 3.980518 11.765518 1.422591 21.791097 -2.560664 2.279700 844
Car -1 -1 -1.606000 648.007100 178.082100 674.040200 202.102800 1.699862 1.764752 4.872919 3.805673 2.144926 54.547440 -1.528403 5.045300 842
Car -1 -1 -2.895700 842.204400 171.050900 977.237300 215.705200 1.458468 1.611695 4.097435 10.599457 1.412146 25.456999 -2.511606 4.654400 833
Car -1 -1 1.639400 498.920700 183.124300 532.321100 214.624700 1.603659 1.619911 4.022474 -5.104578 2.221477 40.917790 1.530467 5.216200 826
Car -1 -1 -1.682800 662.887000 182.359800 722.365600 229.761100 1.528220 1.653659 4.161629 3.051417 1.885207 26.017086 -1.582189 10.175000 814
Car -1 -1 1.718300 474.444100 184.098700 519.160600 219.905700 1.614765 1.635477 3.834643 -5.316155 2.198051 35.718546 1.565045 10.004600 813
Car -1 -1 2.242300 0.000000 211.381000 206.736200 374.000000 1.469609 1.589104 3.868549 -4.832623 1.900146 5.634700 1.499909 8.430200 791
Car -1 -1 -1.724700 678.686400 185.876100 759.082800 245.893200 1.445133 1.618252 3.803716 3.164518 1.833254 20.210112 -1.587828 12.369400 773
Car -1 -1 -2.232200 908.767000 203.803900 1241.000000 374.000000 1.458743 1.557988 3.753357 3.683008 1.755269 4.832855 -1.605852 10.236700 757
Car -1 -1 -2.988400 940.751600 168.982200 1125.270100 230.405600 1.484271 1.605501 3.952917 11.430761 1.372087 19.276003 -2.469663 8.060200 756
