Car -1 -1 -1.294400 400.745300 159.014400 448.757400 185.435300 1.544566 1.681186 4.359166 -11.252175 0.727749 43.988836 -1.547103 2.922400 905
Car -1 -1 -1.671400 710.872700 178.524100 760.011100 218.960100 1.507986 1.598551 3.706409 5.009648 1.755591 29.440201 -1.502271 3.625700 904
Car -1 -1 -1.706900 701.179200 176.649900 743.941100 209.626800 1.509915 1.581659 3.657997 5.382629 1.690503 34.957348 -1.557260 5.541900 899
Car -1 -1 0.504800 15.150500 170.835300 168.019800 221.173600 1.584359 1.612622 3.749951 -16.444729 1.497608 23.095319 -0.110977 2.425000 893
Car -1 -1 1.694900 558.588600 177.295100 590.911000 201.954000 1.481058 1.615265 3.877925 -2.238307 1.740496 45.640575 1.640461 4.579900 867
Car -1 -1 1.819200 395.638800 183.600000 494.933200 249.250800 1.466310 1.602481 3.909895 -4.190467 1.773517 18.794647 1.601733 11.702700 864
Car -1 -1 1.893500 307.584700 191.937000 453.769100 281.827900 1.423836 1.569933 3.797349 -4.382835 1.843838 14.253350 1.596394 10.336100 860
Car -1 -1 -1.713400 719.627000 169.536300 798.490600 232.751500 1.830389 1.790702 4.619522 4.604229 1.703690 23.020906 -1.514054 10.416700 842
Car -1 -1 2.008400 82.646200 185.556000 375.960400 353.527200 1.626762 1.668710 4.126428 -4.521677 1.818386 9.352925 1.557555 14.207300 826
Car -1 -1 2.417300 0.000000 194.008700 179.951700 374.000000 1.564875 1.649150 4.034919 -4.593780 1.739876 4.214119 1.582305 9.728900 813
