Car -1 -1 -1.718300 691.541500 169.176300 734.672400 201.120000 1.542432 1.623034 3.854032 5.163677 1.362002 36.719670 -1.568687 5.346800 918
Car -1 -1 -2.902400 456.823700 162.810800 524.229400 189.278500 1.627085 1.657684 3.952832 -7.731796 1.046190 46.720595 -3.064032 0.102300 916
Car -1 -1 -1.679200 702.373600 169.563200 749.186900 208.166400 1.539675 1.588350 3.721300 4.878032 1.472528 31.117701 -1.522370 5.923800 910
Car -1 -1 1.682200 590.316100 169.079800 613.066500 186.377300 1.476387 1.593212 3.893423 -0.836807 1.311788 63.534938 1.664613 4.111400 909
Car -1 -1 1.764900 513.219200 162.798400 547.191400 183.578400 1.490714 1.675989 4.384424 -6.063927 0.891270 54.162978 1.650305 4.827500 906
Car -1 -1 -1.743400 729.315900 174.777800 812.043500 232.421100 1.458965 1.590691 3.959272 4.350085 1.572414 20.330303 -1.529113 9.852300 904
Car -1 -1 -1.785900 708.964200 168.418900 774.801700 215.482800 1.592133 1.601580 3.643952 4.651305 1.505136 26.116404 -1.608077 8.332200 899
Car -1 -1 1.718300 524.224700 171.069300 567.956800 204.396100 1.554661 1.623139 3.921351 -3.223975 1.560485 36.425886 1.639795 5.474900 867
Car -1 -1 2.020000 98.372000 189.412700 382.517700 339.627900 1.508894 1.630778 4.115462 -4.588726 1.766058 9.641920 1.571354 13.151700 864
Car -1 -1 2.327500 0.000000 208.073600 213.401100 374.000000 1.433051 1.589692 3.745373 -4.672013 1.794483 5.040828 1.576109 8.868000 860
Car -1 -1 -1.811000 760.710200 157.686700 918.300400 271.774000 1.828619 1.769199 4.580333 4.110976 1.610406 13.880877 -1.524377 8.619600 842
