Car -1 -1 1.443900 0.000000 151.303300 66.142800 253.843800 1.563322 1.572815 3.660413 -11.591710 1.331449 12.231917 0.706660 -0.422600 911
Car -1 -1 -1.653800 701.341800 182.711700 741.293600 218.157100 1.525134 1.570264 3.608338 5.167785 2.078609 33.980689 -1.505598 2.897900 910
Car -1 -1 -1.440200 595.190500 183.663800 617.537800 200.637700 1.465083 1.583967 3.905337 -0.298756 2.579520 66.636772 -1.442543 4.190600 909
Car -1 -1 1.738600 523.025800 176.637900 552.019000 196.339600 1.486562 1.628053 4.183787 -5.757375 1.837125 57.302773 1.613219 1.272100 906
Car -1 -1 -1.717000 719.184600 186.808600 787.418000 239.750600 1.493453 1.590781 3.912814 4.522923 2.015297 23.453833 -1.517756 7.772800 904
Car -1 -1 -1.761000 704.181900 182.650000 761.359100 226.196000 1.589392 1.602084 3.695078 4.858104 2.040680 29.075775 -1.592745 6.854800 899
Car -1 -1 1.683900 536.175900 183.789400 574.620000 214.065000 1.500354 1.653791 4.085756 -2.986697 2.142403 39.630953 1.612560 6.038500 867
Car -1 -1 1.912600 257.883500 192.508500 432.793400 304.407800 1.511112 1.608431 3.984403 -4.464842 1.935997 12.681549 1.572910 11.567400 864
Car -1 -1 2.101000 8.929200 208.772100 338.119300 374.000000 1.431627 1.536472 3.634134 -4.602511 1.918563 8.157511 1.589030 12.339900 860
Car -1 -1 -1.775000 743.421200 172.535800 864.642900 264.704200 1.843494 1.788054 4.606208 4.276577 1.863519 16.884944 -1.528454 9.062200 842
Car -1 -1 2.465400 0.000000 188.527000 126.902500 374.000000 1.521490 1.649762 4.233956 -4.548421 1.678607 3.369491 1.535987 5.072000 826
