Car -1 -1 3.586800 126.634500 192.012500 265.286800 236.870200 1.473713 1.613025 3.858439 -14.501609 2.040564 25.237556 3.083787 2.208100 873
Car -1 -1 1.612000 590.588800 180.038600 611.123700 198.139500 1.492825 1.635160 3.997367 -0.880308 2.015808 62.097482 1.636566 3.217500 867
Car -1 -1 1.726900 519.402700 182.612100 566.260500 217.673100 1.548129 1.650176 4.129917 -3.269763 2.040130 35.280706 1.626350 5.824100 864
Car -1 -1 1.762600 496.550500 185.545900 550.393700 223.890700 1.464974 1.579715 3.815845 -3.632614 2.029237 30.803233 1.637985 6.293900 860
Car -1 -1 1.370400 378.774300 166.075300 428.008400 199.757100 1.531254 1.595708 3.680898 -10.179898 1.313172 35.521588 1.076091 2.147700 848
Car -1 -1 -1.666100 693.090500 179.015100 732.974800 210.962900 1.630934 1.709059 4.464548 5.609768 1.912368 39.075209 -1.509386 6.519800 842
Car -1 -1 1.749100 467.109500 182.651600 531.719300 231.418500 1.565629 1.613073 3.944051 -3.797821 1.924226 25.833868 1.600064 8.486600 826
Car -1 -1 -1.886600 784.504100 184.542900 998.446500 322.506400 1.544460 1.645576 4.115771 3.859157 1.766345 10.599638 -1.535065 13.986600 814
Car -1 -1 1.816500 411.300000 186.052400 501.920200 249.782100 1.563523 1.615757 3.857580 -4.174283 1.962840 20.652454 1.615291 13.459100 813
Car -1 -1 -2.172800 926.683400 194.945700 1241.000000 374.000000 1.482503 1.587643 3.894494 3.700327 1.713450 4.831954 -1.529766 10.652300 773
