Car -1 -1 -2.991800 906.024000 170.788900 1053.942500 221.990100 1.473306 1.582417 3.864383 11.474008 1.410980 22.591425 -2.539228 2.501100 844
Car -1 -1 -1.557200 636.915400 177.374200 661.185700 202.556300 1.708914 1.741803 4.725631 3.017923 2.142653 55.437742 -1.514654 -0.522300 842
Car -1 -1 -2.882200 827.403100 173.238800 953.378900 216.051700 1.455503 1.601331 4.037623 10.261480 1.465277 26.326106 -2.521971 4.513100 833
Car -1 -1 1.712900 489.451000 184.100600 528.163600 213.685000 1.548417 1.638860 4.074857 -5.631653 2.229838 41.501007 1.564231 4.321700 826
Car -1 -1 -1.672600 653.365100 181.388800 709.981500 228.566500 1.550256 1.658771 4.161837 2.690475 1.900798 26.765819 -1.595926 10.221100 814
Car -1 -1 1.731500 467.933200 183.810900 512.417000 219.325100 1.619563 1.636897 3.833095 -5.795414 2.226658 36.364676 1.568031 10.727500 813
Car -1 -1 2.179300 0.000000 216.409300 221.471200 374.000000 1.448590 1.581990 3.685791 -4.935313 1.938188 6.322147 1.482772 9.761400 791
Car -1 -1 -1.717300 666.972200 185.423900 743.798900 243.161800 1.455703 1.625780 3.777692 2.887951 1.845807 20.990491 -1.596611 14.559200 773
Car -1 -1 -2.179400 870.212800 207.508500 1241.000000 374.000000 1.441985 1.573017 3.790663 3.607238 1.765015 5.554805 -1.619365 11.164600 757
Car -1 -1 -2.966900 923.658900 167.958700 1089.100600 227.349400 1.509628 1.601458 3.829973 11.173153 1.377209 20.173134 -2.480121 8.178400 756
