Car -1 -1 1.250800 0.000000 148.076000 114.800600 229.540100 1.452660 1.541851 3.489417 -11.578517 0.998184 14.341291 0.667154 2.480400 911
Car -1 -1 -1.663700 700.055600 181.305400 739.082200 214.167400 1.513506 1.589094 3.756106 5.373164 1.955442 35.999849 -1.517826 4.658200 910
Car -1 -1 1.665100 601.782400 180.545200 622.449900 197.106900 1.479112 1.588747 3.981253 0.179467 2.239644 68.772477 1.705455 1.479600 909
Car -1 -1 1.592700 532.560600 176.340600 554.097700 195.467700 1.492724 1.659522 4.172855 -5.439873 1.739401 59.309776 1.543536 0.185900 906
Car -1 -1 -1.688900 717.752100 186.531300 776.974200 234.675500 1.495032 1.597728 3.868865 4.707708 1.966441 25.440850 -1.493225 6.354600 904
Car -1 -1 -1.737100 704.357000 180.668400 756.272200 221.800200 1.621021 1.603019 3.670462 5.064989 1.924278 31.146276 -1.582709 6.858500 899
Car -1 -1 1.677300 545.396900 181.898500 581.217300 209.589500 1.474056 1.649350 3.970020 -2.711305 1.932232 41.653330 1.625992 6.096200 867
Car -1 -1 1.864500 317.262500 190.781100 459.031500 281.037800 1.484485 1.624554 4.027154 -4.382214 1.875073 14.739893 1.575649 11.459200 864
Car -1 -1 2.031100 143.651400 200.405700 390.167700 341.771600 1.467086 1.572016 3.740800 -4.556690 1.908242 10.162263 1.602028 10.650300 860
Car -1 -1 -1.762400 730.613300 169.601100 836.268300 252.559800 1.865393 1.785560 4.563456 4.339503 1.785320 18.921362 -1.531530 8.718400 842
Car -1 -1 2.254100 0.000000 196.742800 234.711800 374.000000 1.611506 1.658950 3.987670 -4.599315 1.829082 5.291115 1.540212 9.737500 826
