Car -1 -1 -2.850200 752.715200 175.089300 859.665400 212.904000 1.459917 1.617157 4.012377 8.060601 1.566174 29.925503 -2.598134 2.592100 833
Car -1 -1 1.616200 1184.102400 162.803200 1241.000000 262.058000 1.446889 1.541773 3.700418 11.096150 1.335284 12.456823 2.293809 2.975900 829
Car -1 -1 -1.981700 341.063100 186.417200 381.819000 208.155500 1.467960 1.556370 3.504454 -16.811069 2.518081 52.808546 -2.295205 -0.525200 827
Car -1 -1 1.737700 439.211400 186.287600 477.796500 215.003700 1.608500 1.647843 4.071002 -9.170868 2.474587 43.868637 1.526062 2.019000 826
Car -1 -1 -1.667200 592.464800 184.908900 641.217200 226.644900 1.534501 1.622872 3.990886 0.223244 2.100094 29.683219 -1.677898 8.429500 814
Car -1 -1 1.782800 417.734800 188.158800 464.513500 222.148600 1.628526 1.653586 3.895583 -8.958373 2.562460 38.614332 1.523120 9.002300 813
Car -1 -1 2.271600 0.000000 216.554500 94.453600 374.000000 1.521032 1.665974 4.293954 -4.863178 1.947036 4.009821 1.361020 2.820300 800
Car -1 -1 1.987100 0.000000 208.332200 256.566000 374.000000 1.551474 1.581873 3.661905 -5.635997 2.075526 8.778042 1.392026 11.176800 791
Car -1 -1 -1.694600 604.667300 186.851600 668.456500 237.998000 1.466675 1.621773 3.819504 0.959630 1.991115 24.049898 -1.677004 12.755600 773
Car -1 -1 -1.987100 738.512100 198.706100 1019.492900 366.201600 1.409308 1.593885 3.840182 2.962130 1.783024 8.781844 -1.690335 13.396800 757
Car -1 -1 -2.904800 817.861400 170.542600 954.792600 219.753500 1.487849 1.601786 3.914519 9.278174 1.426028 23.971492 -2.558998 6.803300 756
