Car -1 -1 -1.322600 600.829600 178.151800 626.243100 194.185600 1.467697 1.585843 3.698631 0.339321 1.997774 69.377486 -1.374400 0.756700 909
Car -1 -1 1.753900 538.219400 170.152500 565.560100 188.254300 1.487276 1.621799 4.115540 -5.046312 1.273664 60.295109 1.655922 2.692600 906
Car -1 -1 -1.315700 385.041900 158.859100 433.945200 186.697400 1.539923 1.681915 4.319249 -11.718993 0.763079 40.615624 -1.579084 0.015100 905
Car -1 -1 -1.653700 715.969200 181.578300 770.630500 227.973700 1.504468 1.614278 3.912983 4.778392 1.838769 26.496655 -1.473363 4.316900 904
Car -1 -1 -1.760900 701.482700 176.383500 752.723900 215.579100 1.608273 1.599489 3.617166 5.131133 1.777311 32.162351 -1.594860 4.365000 899
Car -1 -1 1.722500 547.021700 178.690600 584.603400 205.456000 1.476250 1.639399 3.982510 -2.643278 1.791043 42.555356 1.647015 7.656500 867
Car -1 -1 1.836700 343.496100 187.477100 468.276200 270.504500 1.477503 1.603929 3.997146 -4.330541 1.829444 15.737812 1.576214 12.767100 864
Car -1 -1 1.976700 202.725700 195.723300 408.609500 318.192500 1.463666 1.569453 3.720737 -4.506743 1.875850 11.181037 1.591718 11.119100 860
Car -1 -1 -1.742400 729.150100 170.075700 823.817600 243.487800 1.802763 1.764623 4.511285 4.412468 1.710444 19.950594 -1.521871 10.645300 842
Car -1 -1 2.179200 0.000000 190.470000 282.842500 374.000000 1.583686 1.644307 3.998785 -4.582146 1.766550 6.311885 1.548644 11.017600 826
