Car -1 -1 1.686900 521.527500 182.660000 562.506000 215.691200 1.519500 1.616757 3.955169 -3.445035 2.059508 36.766985 1.605657 2.191500 941
Car -1 -1 -2.000200 926.784900 175.361100 984.867800 202.308000 1.475168 1.569866 3.890168 19.893875 1.630742 41.782186 -1.515869 3.835600 939
Car -1 -1 1.251600 889.967300 176.939300 935.553900 200.939200 1.480117 1.578877 3.963830 19.684908 1.756186 47.162576 1.644779 2.263500 938
Car -1 -1 1.770800 498.285100 183.012300 552.353600 221.561700 1.510747 1.617849 3.982052 -3.714500 2.059761 31.825580 1.640217 2.024900 931
Car -1 -1 -1.725400 703.891900 181.355400 764.430000 225.855600 1.484748 1.597827 3.770201 4.429616 1.854594 26.484295 -1.554341 7.433900 918
Car -1 -1 -1.733100 721.968800 182.837000 800.667100 242.369100 1.501059 1.593434 3.943769 4.232485 1.855263 20.988977 -1.530874 10.160400 910
Car -1 -1 1.707200 563.657100 180.204300 592.659900 201.831700 1.487376 1.623345 3.926278 -2.386400 2.127647 53.026684 1.645874 5.842900 909
Car -1 -1 2.004500 458.337200 174.307000 514.189700 200.409300 1.482380 1.652221 4.122985 -7.368926 1.617833 43.309714 2.282062 0.385200 906
Car -1 -1 -1.912100 807.480500 193.179300 1034.307600 333.579000 1.447255 1.600713 3.865836 3.951298 1.797854 10.018567 -1.538453 14.058300 904
Car -1 -1 -1.874800 747.112700 182.158700 866.367200 264.301600 1.565829 1.563640 3.395751 4.099222 1.814033 15.790863 -1.613651 11.105200 899
Car -1 -1 1.800900 463.226200 186.052400 531.582100 230.991900 1.439179 1.613707 3.939104 -4.063646 1.966371 26.075353 1.644063 11.327300 867
Car -1 -1 0.818400 951.768300 177.360000 1241.000000 374.000000 1.702639 1.678411 4.099635 3.807587 1.672850 4.187323 1.557597 7.216800 842
