Car -1 -1 -1.717000 696.071500 178.073600 754.407300 222.153400 1.528227 1.616560 3.915774 4.250739 1.731444 27.473218 -1.558720 8.218300 943
Car -1 -1 1.739600 500.733300 181.471700 550.296000 217.054700 1.473100 1.595797 3.871608 -3.826753 1.876736 32.794285 1.625932 6.252500 941
Car -1 -1 1.760400 475.069000 181.492400 534.091900 224.012600 1.479202 1.578897 3.686054 -4.018636 1.850831 27.571338 1.622095 7.874100 931
Car -1 -1 -1.730300 714.128400 176.886000 787.099600 232.963200 1.552606 1.606760 3.809127 4.200971 1.712833 22.369962 -1.547015 9.829100 918
Car -1 -1 -1.784100 738.529100 180.222000 846.072100 255.502400 1.511363 1.610262 3.809271 4.036544 1.721531 16.775291 -1.539889 11.236200 910
Car -1 -1 1.679900 551.014000 176.342000 581.754900 201.780900 1.617235 1.666906 4.136382 -2.942231 1.921238 49.030810 1.625974 5.970400 909
Car -1 -1 1.980400 438.651700 170.074700 493.287500 197.700900 1.477497 1.620834 3.916355 -8.189486 1.365102 39.404276 1.844151 0.994700 906
Car -1 -1 -2.147700 902.204500 192.491500 1241.000000 374.000000 1.519067 1.623519 3.909281 3.874472 1.739861 5.843202 -1.552870 11.895600 904
Car -1 -1 -1.937700 781.711200 179.379000 964.919300 299.386400 1.597199 1.587162 3.424437 3.961826 1.731809 11.653331 -1.607404 12.496800 899
Car -1 -1 1.820500 419.714600 184.971700 507.312200 240.122600 1.436568 1.616897 4.030908 -4.354063 1.844175 21.781431 1.622861 12.715300 867
