Car -1 -1 1.700200 542.860400 177.049200 579.261600 204.528900 1.518297 1.636440 4.094206 -2.938205 1.806121 43.241549 1.608426 3.070600 928
Car -1 -1 -1.710200 696.752400 175.670900 743.688300 212.652500 1.536250 1.602023 3.713331 4.880907 1.648971 32.652509 -1.545514 6.159300 918
Car -1 -1 -1.713500 706.749300 176.592600 764.453000 221.503200 1.535728 1.594873 3.796005 4.583565 1.642635 27.108670 -1.535760 7.302400 910
Car -1 -1 -1.495600 580.917000 175.735300 603.180900 194.131900 1.472311 1.595921 3.838480 -1.509412 1.606677 59.455278 -1.511960 2.230000 909
Car -1 -1 2.497500 493.573300 168.435200 553.164500 190.727800 1.471246 1.611765 3.929996 -6.143851 1.101918 49.504648 2.184199 1.796800 906
Car -1 -1 -1.790000 748.871900 183.563300 861.537900 261.670300 1.467130 1.593236 3.892097 4.143958 1.691626 16.163909 -1.534165 12.096400 904
Car -1 -1 -1.795200 719.951000 175.470500 797.955400 233.064800 1.594662 1.578766 3.513338 4.375272 1.640997 21.953625 -1.598714 8.938900 899
Car -1 -1 1.742600 503.629800 178.964100 556.034800 215.571400 1.484369 1.656055 4.133948 -3.586883 1.750903 32.412448 1.632494 8.355900 867
Car -1 -1 2.227100 0.000000 204.476800 245.889600 374.000000 1.451758 1.591853 3.995400 -4.622958 1.768677 5.552019 1.546100 10.834800 864
Car -1 -1 -1.925800 804.842600 159.462100 1078.076100 328.503800 1.793735 1.756580 4.496698 3.998484 1.629503 9.814063 -1.538350 11.400200 842
