Car -1 -1 1.692600 540.035800 188.621000 577.955500 219.504500 1.554169 1.648527 4.078211 -2.805114 2.511474 40.629479 1.616014 3.971900 864
Car -1 -1 1.710200 523.234600 190.010400 565.162100 223.920800 1.532788 1.608019 3.901741 -3.256920 2.460692 36.206720 1.631873 3.123100 860
Car -1 -1 1.459700 424.604400 178.194800 461.659600 208.746400 1.577330 1.611641 3.784515 -9.431348 1.876190 40.929808 1.217202 2.884800 848
Car -1 -1 -3.407700 1173.388000 168.014100 1241.000000 265.703700 1.470171 1.581976 4.004351 12.435056 1.373261 11.499309 -2.562320 4.129800 844
Car -1 -1 -1.626500 693.939200 181.905900 725.883200 212.424300 1.725629 1.714131 4.292439 6.191059 2.280417 44.261785 -1.481867 5.451300 842
Car -1 -1 -3.126600 1050.902500 175.396900 1241.000000 254.284200 1.457742 1.602090 3.869024 11.756186 1.488389 15.095765 -2.474908 4.291900 833
Car -1 -1 1.712500 499.806500 188.428100 551.596000 229.662600 1.576124 1.661221 4.207074 -3.405426 2.266719 31.314225 1.604854 5.817800 826
Car -1 -1 -1.764100 740.143900 186.795000 856.184200 273.644600 1.560210 1.654968 4.122810 4.066588 1.887428 15.880519 -1.521207 13.460300 814
Car -1 -1 1.787000 462.372600 188.013500 530.245600 239.822400 1.629459 1.637660 3.764122 -3.822957 2.216748 25.983310 1.630652 11.826100 813
Car -1 -1 -1.871200 792.863000 193.201700 1005.718600 332.673700 1.430066 1.588586 3.918469 3.859922 1.774747 10.137133 -1.524941 13.678000 773
