Car -1 -1 0.466200 97.798000 188.624500 247.825400 236.270100 1.489288 1.619255 3.960011 -14.615680 2.019915 24.303862 -0.069613 5.740600 873
Car -1 -1 1.719400 590.522400 180.830100 615.641200 199.124200 1.468021 1.596706 3.896507 -0.674958 2.110140 61.284569 1.689786 4.136200 867
Car -1 -1 1.715800 516.474800 183.863400 561.299900 219.035700 1.530003 1.613541 3.911988 -3.349000 2.054161 34.320903 1.621251 6.169100 864
Car -1 -1 1.755800 491.818100 186.659300 546.974200 226.110100 1.454607 1.575009 3.877930 -3.701791 2.045138 29.897375 1.634224 6.315500 860
Car -1 -1 1.486300 378.684700 169.662500 420.500200 203.140600 1.512309 1.594838 3.701109 -10.116205 1.332489 34.467269 1.152856 2.991300 848
Car -1 -1 -1.620200 700.277300 174.555500 737.933500 210.745600 1.729984 1.731086 4.382258 5.682357 1.893042 38.182002 -1.486589 6.280700 842
Car -1 -1 1.753300 459.023000 186.493600 527.132200 235.591000 1.511595 1.616304 3.951436 -3.861193 1.955353 24.893554 1.596625 9.645500 826
Car -1 -1 -1.898400 798.630700 188.197200 1044.737100 340.748900 1.521432 1.653749 4.120672 3.835272 1.757776 9.685729 -1.530080 13.782600 814
Car -1 -1 1.828300 398.554600 185.484700 498.522000 254.226900 1.587859 1.640134 4.013399 -4.208929 1.970827 19.739695 1.613628 13.309700 813
Car -1 -1 -2.288200 968.823000 200.909000 1241.000000 374.000000 1.492019 1.611349 3.966066 3.690570 1.719656 3.910813 -1.532753 10.817500 773
