Car -1 -1 1.651300 544.274000 185.252500 577.290200 213.878300 1.507537 1.598126 3.948394 -2.834815 2.290930 42.306458 1.583083 1.683600 864
Car -1 -1 1.701200 527.655200 186.581500 569.436500 218.995000 1.512225 1.632706 4.164914 -3.202157 2.268109 37.958625 1.617902 2.566700 860
Car -1 -1 -1.725400 431.173800 177.313600 467.579400 203.610100 1.486038 1.585829 3.637682 -9.509585 1.662785 42.672241 -1.959466 4.313500 848
Car -1 -1 -3.192600 1146.789000 164.739600 1241.000000 262.254700 1.470125 1.600707 4.151997 12.299590 1.338912 12.956914 -2.453134 3.194900 844
Car -1 -1 -1.614100 691.627100 181.347900 720.832000 207.890500 1.618835 1.685140 4.274347 6.213489 2.016309 46.003983 -1.487433 4.548300 842
Car -1 -1 -3.108900 1014.305200 170.142800 1239.907500 241.452300 1.460223 1.619649 4.045252 11.874544 1.369523 16.724132 -2.486687 4.606300 833
Car -1 -1 1.733600 505.086000 185.569000 556.746400 224.317000 1.579482 1.670508 4.126693 -3.392091 2.117272 33.082415 1.619082 5.810300 826
Car -1 -1 -1.749900 729.658300 183.253700 830.217100 257.455300 1.545098 1.660074 4.153875 4.119631 1.781114 17.658594 -1.526214 11.579500 814
Car -1 -1 1.768500 473.227900 185.835400 536.503500 234.284400 1.652386 1.644963 3.861905 -3.766088 2.113037 27.763479 1.626507 11.947800 813
Car -1 -1 -1.838400 766.587500 191.709400 939.311000 306.230300 1.445921 1.605671 3.949317 3.891934 1.770955 11.892814 -1.535717 12.693000 773
