Car -1 -1 2.036700 219.396900 185.368400 266.485600 206.186200 1.472647 1.611802 3.875896 -28.376995 2.497728 55.873975 1.566620 2.055800 854
Car -1 -1 1.394000 432.761400 168.488200 469.644800 196.547100 1.658482 1.634408 3.868189 -10.025203 1.440854 45.934663 1.186300 2.921900 848
Car -1 -1 -3.077200 1027.806600 166.818900 1240.689500 236.489700 1.444441 1.559668 3.896241 12.022377 1.343773 16.647101 -2.483551 7.428400 844
Car -1 -1 -1.620100 677.750600 173.415000 706.938100 200.274100 1.696656 1.728799 4.466305 5.446606 1.777083 49.126970 -1.869528 4.284300 842
Car -1 -1 -3.012700 938.379300 163.060600 1114.602900 220.337500 1.449962 1.618905 4.138743 11.668383 1.244908 20.130069 -2.494009 5.583100 833
Car -1 -1 1.688500 510.940600 179.573300 553.446700 213.824700 1.571751 1.644080 4.141960 -3.650646 1.945453 36.427688 1.577658 5.880200 826
Car -1 -1 -1.721300 703.784400 177.774900 784.933000 238.347000 1.550332 1.660514 4.197903 3.950426 1.733923 21.027453 -1.544218 11.109100 814
Car -1 -1 1.771200 480.068900 178.791500 536.207300 221.539000 1.666032 1.647159 3.857952 -4.052234 1.969158 31.054906 1.629549 10.643200 813
Car -1 -1 -1.770800 730.058200 181.812700 847.920700 262.826800 1.429454 1.610578 3.847286 3.797312 1.668507 15.239627 -1.545200 14.858300 773
Car -1 -1 -3.101700 1103.703500 154.571900 1241.000000 249.416700 1.500352 1.588996 4.023212 12.137881 1.241022 13.751342 -2.404372 4.918100 756
