Car -1 -1 0.482300 143.035900 186.179900 270.176400 228.805200 1.495294 1.600000 3.802646 -14.616563 1.906088 26.120600 -0.030715 2.473500 873
Car -1 -1 1.612000 590.588800 180.038600 611.123700 198.139500 1.492825 1.635160 3.997367 -0.666890 2.134485 63.006443 1.636566 3.217500 867
Car -1 -1 1.696300 523.233500 182.039000 565.787200 215.416000 1.540085 1.640266 4.117810 -3.239776 2.028058 36.209536 1.612677 7.443300 864
Car -1 -1 1.742200 502.922900 184.562900 552.712200 221.388000 1.472375 1.567764 3.920949 -3.567078 2.031119 31.901899 1.628088 4.552500 860
Car -1 -1 -1.803200 386.071000 173.300400 434.316300 203.719400 1.476813 1.577923 3.543200 -10.065494 1.450442 36.298631 -2.087037 5.661800 848
Car -1 -1 -1.627100 695.304100 175.484900 731.247600 208.235500 1.695711 1.713199 4.427896 5.743171 1.864690 39.911093 -1.481371 6.576000 842
Car -1 -1 -3.899500 1146.192200 161.474000 1241.000000 253.999100 1.465852 1.578062 3.792814 11.682635 1.325279 11.103770 -2.928451 0.718800 833
Car -1 -1 1.745300 473.022600 181.196800 534.832900 229.111600 1.583635 1.618370 3.999148 -3.762887 1.937485 26.761672 1.602434 8.483900 826
Car -1 -1 -1.834400 775.361000 187.225000 965.075000 311.834100 1.516080 1.653465 4.217823 3.895961 1.773409 11.500921 -1.520283 13.641700 814
Car -1 -1 1.819400 423.238900 184.496700 507.890800 243.718300 1.551101 1.605818 3.802211 -4.112390 1.943284 21.567129 1.623205 13.170000 813
Car -1 -1 -2.100000 885.343500 200.026800 1241.000000 374.000000 1.473446 1.611983 3.952247 3.719901 1.752651 5.721068 -1.534888 13.138100 773
