Car -1 -1 1.683000 544.883300 187.167200 582.077100 217.441400 1.549735 1.653116 4.106806 -2.699924 2.443735 41.658825 1.605483 2.457200 864
Car -1 -1 1.759200 522.579700 189.000100 569.117700 223.547000 1.552069 1.643382 4.066687 -3.223462 2.428518 36.957378 1.651784 0.610600 860
Car -1 -1 -1.725400 431.173800 177.313600 467.579400 203.610100 1.486038 1.585829 3.637682 -9.290770 1.669873 41.890566 -1.959466 4.313500 848
Car -1 -1 -3.407700 1173.388000 168.014100 1241.000000 265.703700 1.470171 1.581976 4.004351 12.342678 1.375428 12.353925 -2.562320 4.129800 844
Car -1 -1 -1.588300 692.833800 180.346800 722.850100 211.387500 1.726969 1.738452 4.518380 6.215204 2.200568 45.243987 -1.467574 5.882700 842
Car -1 -1 -3.107500 1043.542200 173.534000 1241.000000 250.105900 1.473991 1.613562 3.918090 11.909733 1.451618 15.834493 -2.474272 6.021000 833
Car -1 -1 1.726600 502.677100 187.688400 555.472000 228.041200 1.578751 1.675818 4.231949 -3.361073 2.218734 32.135211 1.617239 6.762400 826
Car -1 -1 -1.745700 734.090600 185.282600 840.484800 264.809600 1.540649 1.655887 4.148390 4.086551 1.831536 16.778996 -1.520087 12.210400 814
Car -1 -1 1.777500 468.645000 189.596400 533.324700 238.274200 1.611110 1.635654 3.806711 -3.782224 2.200625 26.870158 1.627986 13.430900 813
Car -1 -1 -1.858500 778.582100 194.002100 973.227500 314.630700 1.396033 1.600374 3.993496 3.880604 1.752101 11.012347 -1.533420 13.048600 773
