Car -1 -1 1.334600 427.999700 173.458500 466.571200 197.375600 1.564634 1.637892 4.094505 -11.168202 1.592502 49.206318 1.081745 1.831500 848
Car -1 -1 0.028100 940.529600 174.073600 1109.172700 229.803900 1.475586 1.622922 4.047714 12.251974 1.520050 20.009531 0.558385 1.940900 844
Car -1 -1 -1.621600 662.582200 178.907400 688.756600 202.813000 1.647267 1.695140 4.276577 4.827481 2.116718 52.682232 -1.532176 4.321600 842
Car -1 -1 -2.941900 884.173100 173.040400 1025.476600 221.285800 1.458678 1.583301 3.970053 11.308879 1.446260 23.562137 -2.498976 3.946700 833
Car -1 -1 1.667700 504.979900 182.925200 542.760600 215.625200 1.630834 1.654905 4.051610 -4.391134 2.198832 39.475524 1.552147 6.051200 826
Car -1 -1 -1.688300 679.630800 182.957700 743.729600 234.369200 1.516644 1.643771 4.100910 3.522525 1.888063 24.358325 -1.560837 9.433000 814
Car -1 -1 1.739000 481.455000 184.766700 529.991800 222.152000 1.605631 1.637325 3.904350 -4.616399 2.191310 34.285772 1.598760 8.623600 813
Car -1 -1 2.488100 0.000000 225.441600 113.010600 374.000000 1.497084 1.598442 4.028384 -4.845617 1.922182 4.087437 1.563265 6.440000 791
Car -1 -1 -1.750300 696.294200 186.648400 789.503500 253.838200 1.433540 1.611454 3.912435 3.518890 1.825062 18.565096 -1.578638 13.886400 773
Car -1 -1 -2.446400 1000.322700 199.869100 1241.000000 374.000000 1.501683 1.567694 3.942772 3.711335 1.733779 3.181229 -1.594781 8.001600 757
Car -1 -1 -3.043200 989.967400 166.427200 1191.979300 235.802200 1.501156 1.611646 3.918146 11.770398 1.369399 17.483654 -2.465614 6.521100 756
