Car -1 -1 0.231000 467.524900 175.512500 527.372400 197.737400 1.490734 1.599717 3.759743 -7.615169 1.385419 47.535753 0.084117 -0.456200 916
Car -1 -1 -1.677800 701.093500 173.376000 746.696200 208.934600 1.502904 1.587622 3.787479 4.966367 1.626656 32.195098 -1.520864 6.172700 910
Car -1 -1 1.657300 589.904400 172.738600 611.755800 189.820900 1.479763 1.598086 4.044747 -0.832083 1.697091 64.670746 1.654603 1.369300 909
Car -1 -1 1.762300 514.281800 165.752100 545.885800 185.963000 1.489005 1.634749 4.213516 -6.115395 1.171669 55.333725 1.641827 0.729000 906
Car -1 -1 -1.729600 725.841900 177.446700 802.791300 233.137700 1.468455 1.594399 3.950003 4.396116 1.703909 21.330640 -1.524603 10.096600 904
Car -1 -1 -1.785600 707.903700 170.615400 772.058000 216.836300 1.604161 1.616272 3.679308 4.741864 1.660566 27.083171 -1.605290 7.055700 899
Car -1 -1 1.756900 527.676500 174.170200 571.010000 204.464300 1.499908 1.604594 3.856064 -3.149156 1.699077 37.452096 1.654836 7.400600 867
Car -1 -1 1.961600 168.070200 183.783700 397.680000 322.352000 1.559853 1.609384 4.006344 -4.542625 1.812044 10.620243 1.563352 12.375600 864
Car -1 -1 2.220500 0.000000 208.301400 263.893400 374.000000 1.395920 1.548906 3.598898 -4.632339 1.806275 6.108866 1.576446 9.656400 860
Car -1 -1 -1.796900 753.552600 160.053600 896.819000 264.455200 1.838358 1.773728 4.622778 4.175377 1.678416 14.931125 -1.526443 10.992100 842
