Car -1 -1 -1.697800 697.154900 171.635500 740.380400 206.355700 1.547184 1.599598 3.701839 5.126853 1.454846 34.644983 -1.546833 5.441000 918
Car -1 -1 -2.886400 444.223800 165.023900 512.998000 190.199300 1.584604 1.659594 3.979661 -8.346893 0.762559 44.690728 -3.065595 0.717700 916
Car -1 -1 -1.676300 705.583400 173.991500 754.996500 214.067300 1.509865 1.573529 3.739905 4.730466 1.487227 29.103600 -1.516055 6.589900 910
Car -1 -1 -1.466700 584.672800 174.619800 607.380800 192.137500 1.458026 1.587496 3.757420 -1.226716 1.470985 61.399942 -1.486028 4.264800 909
Car -1 -1 1.751000 500.983100 165.423400 533.119900 186.784800 1.480791 1.638381 4.098085 -6.552060 0.903339 51.947947 1.676757 0.498000 906
Car -1 -1 -1.755200 736.343400 178.674100 830.097400 243.523500 1.445259 1.579585 3.970322 4.214202 1.565512 18.290491 -1.529790 11.706700 904
Car -1 -1 -1.774500 715.023000 174.225500 786.349200 224.578100 1.557084 1.599829 3.652451 4.528320 1.543145 24.018914 -1.592031 8.651300 899
Car -1 -1 1.732200 515.298200 175.846000 561.454100 208.506100 1.465602 1.614419 3.814475 -3.394037 1.566029 34.319060 1.641828 8.869300 867
Car -1 -1 2.108600 0.000000 195.115000 325.412300 374.000000 1.529279 1.620080 4.086316 -4.608997 1.810409 7.541501 1.563670 12.011700 864
Car -1 -1 2.407900 0.000000 217.953600 149.826500 374.000000 1.428570 1.567139 3.656702 -4.661434 1.780415 3.086010 1.570047 7.925200 860
Car -1 -1 -1.866100 776.666900 153.087100 981.237000 295.999300 1.889832 1.794731 4.559099 4.034888 1.606180 11.870370 -1.536057 9.529500 842
