Car -1 -1 0.426300 183.520600 188.627000 305.857200 229.683500 1.522894 1.638203 4.050623 -14.757441 1.938101 28.064842 -0.028468 2.533300 873
Car -1 -1 1.800300 597.249200 185.172400 624.318600 203.412300 1.512502 1.594504 4.064993 0.013220 2.711168 64.756530 1.810162 -0.026900 867
Car -1 -1 1.697400 531.698900 183.427200 571.229800 215.010600 1.520606 1.594666 3.898657 -3.036995 2.206109 37.930833 1.619911 6.667100 864
Car -1 -1 1.742200 512.096300 184.323700 559.710500 220.702500 1.518331 1.579678 3.842513 -3.403837 2.180598 33.633563 1.635985 4.636200 860
Car -1 -1 1.355400 397.980600 169.476800 445.844400 201.295800 1.580079 1.622842 3.819516 -9.872908 1.512024 38.112325 1.106237 1.332100 848
Car -1 -1 -1.635000 694.363200 176.998100 728.757200 208.369400 1.660961 1.683189 4.168876 5.904463 2.023484 41.584942 -1.493687 6.207000 842
Car -1 -1 -3.435800 1139.175600 169.369400 1241.000000 267.125900 1.483897 1.612140 3.925515 11.795157 1.454157 12.448548 -2.577581 -0.830700 833
Car -1 -1 1.735300 484.350600 183.317400 542.383400 228.304200 1.584156 1.631326 4.046517 -3.600683 2.088008 28.540100 1.606498 8.437200 826
Car -1 -1 -1.814900 758.438300 183.892800 911.194800 290.657300 1.575242 1.654408 4.068090 3.961254 1.841118 13.235346 -1.529792 13.820800 814
Car -1 -1 1.807400 439.876500 184.606000 517.929500 240.945800 1.618920 1.631853 3.828719 -3.999577 2.070731 23.319950 1.629861 13.399200 813
Car -1 -1 -1.988700 838.163500 192.976300 1197.131100 374.000000 1.454189 1.599596 3.907142 3.780622 1.745675 7.488348 -1.531901 13.878400 773
