Car -1 -1 1.718100 541.666000 168.254800 568.115700 186.029600 1.489557 1.657591 4.154217 -4.773627 1.096937 62.567700 1.626294 3.370800 906
Car -1 -1 -1.319800 393.147700 158.682400 439.998300 186.656300 1.568535 1.684375 4.306176 -11.475703 0.768761 42.980447 -1.568181 -0.382700 905
Car -1 -1 -1.536100 714.727500 177.257900 759.271200 219.060600 1.502382 1.594466 3.745382 4.981113 1.694134 28.337709 -1.414478 3.409300 904
Car -1 -1 -1.724600 701.693100 176.280600 747.906200 211.234800 1.532432 1.592452 3.685661 5.309359 1.702355 34.078824 -1.564897 4.073100 899
Car -1 -1 0.509800 0.000000 171.835500 151.917300 223.117000 1.521654 1.605254 3.753999 -16.415555 1.444898 21.964867 -0.124032 2.169800 893
Car -1 -1 1.766000 554.567500 175.818100 590.890400 201.103900 1.484607 1.585683 3.766416 -2.320680 1.686077 44.765799 1.686281 5.197500 867
Car -1 -1 1.829200 378.593700 183.537500 487.781900 254.639800 1.482435 1.616769 3.972876 -4.250870 1.773942 17.792798 1.597077 11.418100 864
Car -1 -1 1.908000 270.331400 192.835300 440.879700 294.152000 1.437905 1.606748 3.991752 -4.444589 1.855506 13.214826 1.587375 12.211600 860
Car -1 -1 -1.718500 722.047800 168.288300 805.193700 232.304900 1.777925 1.782790 4.664254 4.534303 1.645354 22.068695 -1.515689 10.061700 842
Car -1 -1 2.048400 3.204400 185.860700 353.057300 374.000000 1.622954 1.666602 4.099526 -4.534103 1.806950 8.353323 1.552329 15.010700 826
Car -1 -1 2.498300 0.000000 198.599000 119.615600 374.000000 1.516869 1.633668 4.114943 -4.526380 1.694561 3.280468 1.567469 4.490000 813
