Car -1 -1 0.456200 152.965000 183.155000 281.984000 226.976000 1.553123 1.619165 3.974172 -14.699394 1.941886 27.068147 -0.037646 2.611200 873
Car -1 -1 1.662100 596.221300 180.376400 618.970700 198.279800 1.497006 1.638885 4.049721 -0.191777 2.245599 63.916750 1.700642 2.916600 867
Car -1 -1 1.709800 525.708000 180.833900 570.311600 214.660800 1.562876 1.654451 4.243547 -3.141007 2.082138 37.174750 1.622994 3.111100 864
Car -1 -1 1.725700 507.674900 184.294300 556.938600 220.397500 1.492264 1.607724 3.974170 -3.478425 2.081587 32.842617 1.625637 4.238200 860
Car -1 -1 -1.883400 388.595400 170.948000 440.617200 201.481300 1.522302 1.586535 3.633650 -9.995325 1.429433 37.110545 -2.106029 0.668200 848
Car -1 -1 -1.598200 696.259000 174.895500 729.875800 207.601200 1.705113 1.723553 4.405721 5.854013 1.913502 40.821236 -1.471940 7.251600 842
Car -1 -1 -3.899500 1146.192200 161.474000 1241.000000 253.999100 1.465852 1.578062 3.792814 11.579510 1.337304 11.938244 -2.928451 0.718800 833
Car -1 -1 1.744700 475.801500 182.118800 537.783400 227.539200 1.561687 1.637737 4.132228 -3.717402 1.978334 27.633656 1.605078 9.667700 826
Car -1 -1 -1.827500 767.280200 184.382600 930.814600 293.002400 1.519284 1.625417 4.057837 3.923521 1.758033 12.375511 -1.528994 12.459900 814
Car -1 -1 1.802100 431.223200 185.894400 512.647400 242.247100 1.557413 1.620572 3.899472 -4.064311 1.994621 22.445800 1.621109 12.971600 813
Car -1 -1 -2.048100 857.949500 194.259300 1241.000000 374.000000 1.465753 1.607262 3.919477 3.751591 1.731026 6.609635 -1.538266 12.396700 773
