Car -1 -1 0.426300 183.520600 188.627000 305.857200 229.683500 1.522894 1.638203 4.050623 -14.635566 2.248806 28.950866 -0.028468 2.533300 873
Car -1 -1 1.800300 597.249200 185.172400 624.318600 203.412300 1.512502 1.594504 4.064993 0.138660 2.717784 65.687895 1.810162 -0.026900 867
Car -1 -1 1.704000 535.393900 187.238800 573.903000 218.413400 1.530162 1.600436 3.883055 -2.948962 2.406713 38.830006 1.624782 4.003300 864
Car -1 -1 1.724400 516.437400 188.434000 561.457900 223.042100 1.489079 1.573263 3.923208 -3.344590 2.328593 34.506220 1.628201 6.324500 860
Car -1 -1 1.241600 400.715100 173.769200 451.660400 204.134900 1.571782 1.601525 3.670162 -9.731216 1.690840 39.051496 1.119098 2.720200 848
Car -1 -1 -1.627400 694.509000 181.009400 726.948500 209.932700 1.616240 1.678802 4.154436 5.998419 2.166071 42.506956 -1.488004 4.301400 842
Car -1 -1 -3.101400 1124.620600 169.766800 1241.000000 267.954200 1.478067 1.606380 3.949162 11.774826 1.488671 13.118745 -2.404097 3.050600 833
Car -1 -1 1.737800 489.632100 186.481700 546.289200 229.749600 1.577450 1.638163 4.049943 -3.525184 2.202712 29.441924 1.611350 7.621800 826
Car -1 -1 -1.796600 751.330700 186.444600 887.568300 285.361100 1.561720 1.638889 4.061117 3.987685 1.884478 14.126232 -1.526867 13.653600 814
Car -1 -1 1.793800 447.046400 186.683400 522.833600 243.660000 1.650341 1.645044 3.884896 -3.942141 2.186942 24.228578 1.629797 13.065500 813
Car -1 -1 -1.947600 821.387300 196.428500 1115.957700 374.000000 1.436049 1.595222 3.896045 3.805948 1.781569 8.361572 -1.531580 13.168600 773
