Car -1 -1 -0.751700 1129.028400 173.562300 1241.000000 315.995200 1.525084 1.661127 4.338076 8.962151 1.531082 8.716102 0.047669 0.417500 885
Car -1 -1 0.689600 0.000000 184.308000 89.137500 249.295600 1.481219 1.611667 3.948067 -15.290512 1.783270 16.636112 -0.037588 1.943600 873
Car -1 -1 1.655200 577.286500 180.229700 604.217300 202.245600 1.515601 1.641964 4.147235 -1.420794 2.145105 53.869963 1.620845 5.354600 867
Car -1 -1 1.753100 474.848100 185.684600 537.247700 230.894800 1.481776 1.588997 3.930217 -3.814355 2.010595 26.774021 1.611659 8.870500 864
Car -1 -1 1.798500 434.462800 187.927900 512.458800 242.867300 1.466553 1.553602 3.702511 -4.136014 1.999528 22.256548 1.616114 8.363800 860
Car -1 -1 1.708400 300.018300 164.743500 361.457000 209.229300 1.554462 1.623720 3.872964 -10.478386 1.315136 26.936260 1.242890 1.794100 848
Car -1 -1 -1.654000 704.915300 172.083600 756.276600 218.829700 1.810326 1.760718 4.551177 5.043532 1.830333 30.829880 -1.501146 9.199700 842
Car -1 -1 1.839000 365.667200 186.466800 482.193200 263.970500 1.561549 1.646971 4.059945 -4.294805 1.940884 17.346671 1.589763 11.687600 826
Car -1 -1 -2.473600 1082.800600 182.743300 1241.000000 374.000000 1.520531 1.569214 3.962845 3.639509 1.609145 2.519351 -1.521918 7.264600 814
Car -1 -1 1.952500 232.238700 189.989700 424.952800 307.608600 1.560885 1.628171 3.897687 -4.481203 1.916938 12.197710 1.594899 13.956500 813
