Car -1 -1 -1.712100 695.761700 176.105100 752.956300 220.523700 1.550540 1.608646 3.668934 4.190224 1.679849 27.269903 -1.559738 5.291500 973
Car -1 -1 -1.674200 731.276900 163.132500 761.303000 187.109900 1.524555 1.601128 3.628908 9.034161 0.876145 48.299012 -1.516092 5.492800 972
Car -1 -1 -0.028100 645.527900 173.837200 695.899700 190.681100 1.483280 1.669968 4.431136 5.457265 1.593072 65.140261 0.058784 3.424400 967
Car -1 -1 1.769500 479.978300 177.030300 533.416900 215.511500 1.549759 1.587360 3.804816 -4.462071 1.745592 31.388633 1.627255 8.595200 965
Car -1 -1 -1.777700 699.111300 176.608100 781.691500 235.397700 1.554852 1.636291 3.993130 3.768614 1.725875 21.835399 -1.603564 11.145200 955
Car -1 -1 -1.873300 763.732700 182.751100 961.842200 310.934700 1.547035 1.618797 3.796405 3.458232 1.703482 10.778434 -1.568702 12.385400 951
Car -1 -1 -1.780300 726.641300 179.517900 836.789100 259.310500 1.553784 1.622153 3.798707 3.683312 1.737220 16.327545 -1.555373 12.050400 949
Car -1 -1 -2.119900 858.129000 188.302700 1241.000000 374.000000 1.455435 1.627786 4.063221 3.425756 1.638597 5.694997 -1.583562 11.689500 943
Car -1 -1 1.991400 130.841800 193.280300 382.427900 323.190400 1.440346 1.645971 4.383602 -4.949996 1.797745 10.747791 1.562382 12.249900 941
Car -1 -1 2.273100 0.000000 207.035200 222.352100 374.000000 1.481299 1.608031 3.855637 -4.829532 1.810297 5.471443 1.560964 9.013500 931
Car -1 -1 1.785500 452.211800 178.291500 512.501100 223.028300 1.520794 1.524506 3.379254 -4.715924 1.750544 26.653334 1.613654 12.333600 909
