Car -1 -1 1.415300 721.478500 162.667100 751.566200 183.691700 1.576145 1.656144 4.066317 9.734498 0.758979 55.606058 1.611484 0.457300 960
Car -1 -1 -1.743400 687.775400 178.284900 745.539400 220.027600 1.538547 1.626690 3.909859 4.166094 1.743784 28.963866 -1.592108 5.640300 955
Car -1 -1 -1.766300 715.363800 178.968100 812.683500 248.489900 1.516816 1.606997 3.875554 3.654043 1.676397 17.969661 -1.566160 10.008700 951
Car -1 -1 -1.721500 702.034200 178.319500 769.386200 229.681800 1.529136 1.601090 3.827552 3.969163 1.710121 23.528555 -1.553783 9.122600 949
Car -1 -1 -1.855200 745.022100 180.485100 908.357900 281.674000 1.473882 1.631633 4.070694 3.564931 1.623127 12.819251 -1.585017 13.131800 943
Car -1 -1 1.845500 358.202500 187.633500 471.621900 255.918800 1.427328 1.629545 4.288594 -4.742685 1.816953 17.948829 1.590942 11.294000 941
Car -1 -1 1.951200 231.639400 190.201000 420.057800 299.945600 1.498781 1.612075 3.862636 -4.748244 1.835939 12.562124 1.591381 12.622600 931
Car -1 -1 -1.999700 837.231500 184.448300 1177.291200 374.000000 1.496305 1.609232 3.693109 3.682236 1.637885 7.627929 -1.553378 12.968200 918
Car -1 -1 -2.388200 1042.643600 193.030300 1241.000000 374.000000 1.540356 1.621098 4.004970 3.675626 1.678600 2.030745 -1.527694 7.791800 910
Car -1 -1 1.747500 495.770600 177.656500 542.173100 212.490500 1.514026 1.561278 3.463929 -4.273206 1.759027 33.848158 1.627384 11.300200 909
Car -1 -1 2.149700 0.000000 200.152400 294.218600 374.000000 1.433609 1.587244 3.930632 -4.774994 1.780750 7.017268 1.559542 11.975700 867
