Car -1 -1 -0.003700 626.553200 175.656000 676.615100 191.716900 1.467169 1.692773 4.500606 3.798448 1.735533 67.284254 0.052008 3.303100 967
Car -1 -1 1.769900 491.744400 178.265100 542.112900 214.553800 1.558306 1.606403 3.840436 -4.290209 1.832953 33.470365 1.631696 8.750100 965
Car -1 -1 -1.761200 693.990100 179.819300 768.151200 230.730700 1.505525 1.640106 4.052545 3.857971 1.771495 23.852327 -1.600630 10.044800 955
Car -1 -1 -1.852300 746.085600 180.005800 899.686700 286.237700 1.567145 1.598094 3.672188 3.509736 1.730631 12.761704 -1.580337 12.882800 951
Car -1 -1 -1.751700 718.658100 180.172000 810.856600 250.542800 1.553538 1.607616 3.732393 3.754356 1.781747 18.329512 -1.553746 11.888700 949
Car -1 -1 -2.019800 806.244700 190.620700 1179.582300 374.000000 1.484127 1.652154 4.173734 3.465900 1.703036 7.685495 -1.589484 13.715000 943
Car -1 -1 1.934300 229.219100 193.574400 415.959000 298.136200 1.443734 1.636017 4.280705 -4.894210 1.849025 12.766152 1.572515 12.731600 941
Car -1 -1 2.126100 0.000000 193.767100 304.207200 374.000000 1.526630 1.600660 3.862741 -4.841333 1.811919 7.452792 1.559217 12.220000 931
Car -1 -1 -2.552400 1090.300300 178.363300 1241.000000 374.000000 1.533325 1.580669 3.981024 3.572141 1.615661 2.353553 -1.551828 5.528700 918
Car -1 -1 1.761100 465.813600 179.123700 521.881500 221.661900 1.515411 1.552022 3.503842 -4.602344 1.821820 28.654899 1.609149 11.900600 909
