Car -1 -1 -1.678800 687.657700 175.721000 727.602300 209.608200 1.598869 1.594418 3.518227 4.779340 1.732216 35.997950 -1.541115 4.973200 949
Car -1 -1 -1.742500 698.011500 177.849100 764.841900 224.718500 1.517839 1.632640 4.001218 4.136576 1.683793 25.404217 -1.578354 7.732100 943
Car -1 -1 1.755200 486.723000 180.691000 542.736000 220.316200 1.502048 1.620859 3.982089 -4.003895 1.853049 30.607731 1.621288 8.056100 941
Car -1 -1 1.769300 458.849000 181.248900 525.044300 228.227700 1.491680 1.572818 3.726859 -4.129195 1.805508 25.427756 1.610631 6.730700 931
Car -1 -1 -1.739000 721.144900 179.178800 802.755600 241.265600 1.524303 1.600344 3.736504 4.080472 1.707045 20.195916 -1.540031 11.321200 918
Car -1 -1 -1.803100 754.924600 182.438200 879.885900 270.142000 1.483886 1.565663 3.733558 3.964257 1.698666 14.618639 -1.538950 12.470000 910
Car -1 -1 1.693200 543.893300 177.175200 576.817800 203.423800 1.604516 1.653864 4.062869 -3.207898 1.889403 46.869449 1.636279 5.612100 909
Car -1 -1 -2.364200 1010.584800 208.357900 1241.000000 374.000000 1.474568 1.559478 3.857024 3.854261 1.734863 3.766203 -1.559987 11.693400 904
Car -1 -1 -2.011900 806.946800 179.335900 1053.342900 326.148500 1.564402 1.563731 3.478144 3.889611 1.662307 9.539688 -1.616823 11.780300 899
Car -1 -1 1.831700 398.294900 186.551200 492.990500 246.711400 1.421589 1.580983 3.842983 -4.421485 1.808516 19.664842 1.611240 12.686800 867
