Car -1 -1 0.747600 0.000000 139.818500 82.793000 168.218300 1.467783 1.588031 3.817297 -30.829847 -0.255150 38.737492 0.082417 2.792900 979
Car -1 -1 -1.765400 708.542500 178.246000 790.325000 236.651200 1.485100 1.594529 3.704729 3.824595 1.660051 20.508782 -1.575052 10.436400 973
Car -1 -1 -1.731700 739.482900 160.936300 778.071800 188.014400 1.533937 1.606522 3.631153 8.403272 0.837441 41.379827 -1.530670 5.204900 972
Car -1 -1 -1.719100 709.567300 172.408600 735.367200 190.522200 1.458537 1.576368 3.807609 10.202853 1.393662 58.799770 -1.985282 3.156700 967
Car -1 -1 1.815000 425.308200 177.842900 501.443500 225.880200 1.465949 1.590693 3.850353 -4.862690 1.641565 24.198675 1.616874 9.729200 965
Car -1 -1 -1.842500 727.026500 179.004100 855.059600 265.844800 1.543577 1.604387 3.763066 3.511807 1.677089 14.853463 -1.611064 13.491100 955
Car -1 -1 -2.290600 926.913900 196.318400 1241.000000 374.000000 1.530086 1.572226 3.799842 3.333291 1.717322 3.921438 -1.587575 7.344500 951
Car -1 -1 -1.925300 790.935100 181.701800 1026.395200 333.366600 1.533844 1.597909 3.575004 3.500931 1.679491 9.293832 -1.563217 13.635000 949
Car -1 -1 2.443700 0.000000 211.692000 127.946500 374.000000 1.476998 1.638541 4.324569 -5.004090 1.810079 3.950433 1.554925 6.771400 941
Car -1 -1 1.846700 378.253400 178.193400 469.246300 240.921100 1.516886 1.528542 3.390326 -5.022501 1.670500 19.620699 1.598870 12.605500 909
