Car -1 -1 -1.664400 725.804200 163.796000 750.999800 184.131900 1.557816 1.617421 3.758639 10.109618 0.842473 57.099600 -1.490676 3.850800 960
Car -1 -1 1.726600 525.487200 177.470700 562.334700 205.046100 1.469697 1.538249 3.773905 -3.736781 1.760703 40.676277 1.631979 5.701200 958
Car -1 -1 -1.714700 687.227200 175.618600 737.294100 214.596400 1.559730 1.604775 3.800985 4.307659 1.716856 31.043948 -1.575873 7.166800 955
Car -1 -1 -1.749400 710.360600 177.729400 794.806000 241.368900 1.555828 1.600345 3.867676 3.765548 1.715159 20.049106 -1.563777 8.190500 951
Car -1 -1 -1.716400 697.888600 176.779900 759.661900 224.286300 1.549138 1.612524 3.729750 4.073678 1.698621 25.587317 -1.550779 8.985000 949
Car -1 -1 -1.833200 730.874100 178.894000 866.056500 266.263300 1.524737 1.635945 4.078839 3.640080 1.665812 14.916983 -1.588679 11.809700 943
Car -1 -1 1.818600 390.975900 186.117300 488.540200 245.963500 1.416426 1.634033 4.258953 -4.654997 1.815456 20.066007 1.592482 12.752800 941
Car -1 -1 1.910600 301.596700 188.660600 446.384100 274.536700 1.462232 1.598660 3.790312 -4.682304 1.814683 14.674614 1.598193 11.414000 931
Car -1 -1 -1.917500 797.174600 182.018500 1022.762800 323.009800 1.515115 1.587188 3.615059 3.702805 1.646036 9.721644 -1.558205 14.155800 918
Car -1 -1 -2.301200 964.705700 187.476700 1241.000000 374.000000 1.534945 1.611226 3.846677 3.742145 1.680922 4.158150 -1.563443 10.464400 910
Car -1 -1 1.752800 506.392000 177.686500 548.597900 209.359400 1.506815 1.529166 3.350045 -4.135461 1.748844 35.974095 1.631807 10.641800 909
Car -1 -1 2.041600 51.075000 194.276900 357.701700 360.925800 1.480535 1.612629 3.993169 -4.750146 1.829238 9.053482 1.568669 12.191100 867
