Car -1 -1 -2.412100 0.000000 183.233100 130.324000 235.717500 1.475834 1.626620 4.004757 -16.880060 1.811611 21.569391 -3.076331 1.168800 975
Car -1 -1 -1.726700 696.725800 177.164700 757.055600 222.985600 1.543151 1.606018 3.711305 4.159094 1.689444 26.401573 -1.566460 6.865800 973
Car -1 -1 1.471400 730.385900 161.010000 763.010500 187.377500 1.602373 1.650371 4.014943 8.901562 0.889709 47.346098 1.644994 2.092700 972
Car -1 -1 -3.169600 658.569700 174.889200 706.506700 191.608500 1.466358 1.656947 4.276168 6.347810 1.616072 64.047579 -3.075016 4.738300 967
Car -1 -1 1.757700 474.028600 177.546100 528.428100 217.712000 1.552936 1.587447 3.770690 -4.535770 1.752975 30.309557 1.615973 8.444000 965
Car -1 -1 -1.788900 701.256400 177.240800 790.601600 238.856200 1.568169 1.643280 4.091379 3.739990 1.717486 20.844585 -1.608036 11.507700 955
Car -1 -1 -1.907500 775.362000 181.194500 1005.280900 326.254300 1.542378 1.626153 3.831321 3.438188 1.683521 9.785009 -1.569072 13.109900 951
Car -1 -1 -1.799600 732.905300 179.764200 853.414800 263.720200 1.531359 1.614827 3.779853 3.649285 1.699580 15.258528 -1.560643 13.741600 949
Car -1 -1 -2.232500 893.131000 188.579100 1241.000000 374.000000 1.501333 1.583605 3.860740 3.412035 1.660938 4.775665 -1.603857 9.752300 943
Car -1 -1 2.035700 71.624100 191.871100 363.202600 343.778000 1.473568 1.638140 4.322724 -4.960797 1.802032 9.752307 1.565669 13.488600 941
Car -1 -1 2.336900 0.000000 208.735200 161.254400 374.000000 1.462511 1.569199 3.838927 -4.816522 1.785885 4.516124 1.539849 10.478100 931
Car -1 -1 1.779700 443.539000 179.480000 507.673400 225.653300 1.505471 1.540942 3.441024 -4.763962 1.746269 25.628868 1.603238 10.396700 909
