Car -1 -1 0.007000 617.343200 175.742900 664.264000 191.515000 1.465129 1.662900 4.333411 2.908697 1.735316 68.337918 0.049534 3.619000 967
Car -1 -1 1.731600 497.396300 178.713700 544.682200 214.190100 1.563998 1.627515 3.887417 -4.228946 1.861760 34.491827 1.614317 7.606500 965
Car -1 -1 -1.758400 693.650100 181.106400 763.037000 230.257800 1.515920 1.627334 3.948903 3.920735 1.810842 24.811915 -1.600032 8.493300 955
Car -1 -1 -1.829000 738.354500 182.551200 874.808700 279.709200 1.557670 1.606823 3.653076 3.527051 1.754457 13.764270 -1.575706 12.144400 951
Car -1 -1 -1.757700 714.845600 181.753900 801.260000 247.216900 1.529976 1.596479 3.712964 3.790110 1.795600 19.321251 -1.561103 9.952600 949
Car -1 -1 -1.958100 791.442000 184.160700 1080.231200 356.690200 1.517503 1.644637 4.100817 3.476309 1.701590 8.731749 -1.581855 13.286900 943
Car -1 -1 1.916500 257.467200 189.677300 430.309300 288.565400 1.475502 1.651579 4.355952 -4.883461 1.848198 13.788130 1.576100 13.460200 941
Car -1 -1 2.081100 0.264900 195.592600 332.170600 369.404600 1.489624 1.598815 3.841126 -4.830050 1.796596 8.440969 1.567982 12.700000 931
Car -1 -1 -2.355700 990.326500 192.957600 1241.000000 374.000000 1.530452 1.559098 3.752596 3.570488 1.703946 3.530868 -1.559963 7.711800 918
Car -1 -1 1.776600 472.792500 182.264600 526.956600 220.128200 1.452649 1.542188 3.440160 -4.527301 1.827700 29.658015 1.620069 11.895400 909
