Car -1 -1 0.856400 0.000000 176.721900 77.633200 233.699200 1.459863 1.564473 3.925592 -16.885865 1.562061 19.624043 0.126003 5.076500 975
Car -1 -1 -1.726900 700.087700 177.707100 766.620800 228.276500 1.550006 1.623088 3.733929 4.036926 1.719737 24.358977 -1.566710 6.573400 973
Car -1 -1 -1.723100 731.807100 159.731700 766.063000 186.860700 1.633365 1.616241 3.689405 8.678170 0.835982 45.373620 -1.523682 0.989200 972
Car -1 -1 -0.075600 675.508500 172.529600 721.389100 189.781400 1.469289 1.613855 3.990325 7.730992 1.455940 61.971306 0.048070 2.564000 967
Car -1 -1 1.780900 461.065400 178.068100 521.370500 220.320400 1.525962 1.584763 3.795068 -4.629738 1.731722 28.262952 1.618960 9.285700 965
Car -1 -1 -1.796800 706.970800 177.666000 805.814600 244.375300 1.530414 1.639137 4.010639 3.642408 1.682070 18.856628 -1.606510 12.503800 955
Car -1 -1 -1.981800 810.421000 181.762400 1127.276800 373.462200 1.534387 1.618089 3.721698 3.413841 1.660707 7.794142 -1.571490 12.044800 951
Car -1 -1 -1.827400 747.856600 179.335900 887.985300 277.340800 1.542349 1.583612 3.603300 3.589487 1.676687 13.232538 -1.562073 12.114000 949
Car -1 -1 -2.440600 1002.972400 181.916200 1241.000000 374.000000 1.509260 1.602362 4.070860 3.380665 1.605067 2.764478 -1.583855 7.417900 943
Car -1 -1 2.137200 0.000000 196.778100 312.071100 374.000000 1.451891 1.653445 4.375425 -5.002543 1.792940 7.769435 1.566493 14.252900 941
Car -1 -1 4.195400 0.000000 205.745000 82.405000 374.000000 1.481663 1.603995 3.969377 -5.743678 1.763079 3.401968 -2.458179 0.327400 931
Car -1 -1 1.810800 425.407200 178.043000 496.729000 231.046200 1.563983 1.540218 3.394196 -4.857117 1.758258 23.613048 1.607534 10.803600 909
