Car -1 -1 1.725700 533.691700 177.248800 570.356000 205.485200 1.565491 1.622350 3.973848 -3.587229 1.891369 43.773733 1.624740 3.368900 958
Car -1 -1 -1.718600 684.646200 179.641200 731.162000 213.774600 1.507681 1.608356 3.912673 4.513774 1.830403 34.085204 -1.581879 4.036300 955
Car -1 -1 -1.724000 699.165600 180.510600 767.450100 232.420700 1.519341 1.590001 3.786114 3.819657 1.765787 23.154909 -1.559636 7.172100 951
Car -1 -1 -1.696200 693.455500 177.099300 745.193200 221.036500 1.598154 1.580570 3.604283 4.214368 1.797542 28.598352 -1.549890 5.480200 949
Car -1 -1 -1.782800 717.475100 179.059500 817.768700 249.118000 1.515494 1.620354 4.013610 3.739377 1.704284 18.057692 -1.579161 11.991900 943
Car -1 -1 1.789400 427.244000 185.310800 507.891200 236.758600 1.425684 1.628610 4.223237 -4.512536 1.841319 23.187686 1.599346 11.004300 941
Car -1 -1 1.834600 369.214500 186.256700 476.124200 255.522600 1.469387 1.599973 3.870348 -4.580300 1.828033 17.864992 1.590064 11.610800 931
Car -1 -1 -1.836400 761.472700 180.706900 911.001800 284.357900 1.534574 1.588035 3.594132 3.766960 1.699275 12.819259 -1.550414 14.453800 918
Car -1 -1 -2.020700 858.791200 190.163100 1224.545800 374.000000 1.486674 1.596228 3.674845 3.789061 1.699776 7.249193 -1.539706 14.385100 910
Car -1 -1 1.733300 519.005100 178.708000 558.177400 208.464600 1.491074 1.561614 3.448230 -3.888196 1.833239 39.094449 1.635972 9.164400 909
Car -1 -1 -2.435300 1046.629300 185.951000 1241.000000 374.000000 1.519857 1.581369 3.853407 3.739531 1.611886 2.083952 -1.583903 9.462300 899
Car -1 -1 1.940500 230.172800 189.535200 413.438100 299.577000 1.483329 1.593887 3.837770 -4.710446 1.814296 12.214485 1.576631 12.902100 867
