Car -1 -1 1.415300 721.478500 162.667100 751.566200 183.691700 1.576145 1.656144 4.066317 9.886596 0.810385 56.491165 1.611484 0.457300 960
Car -1 -1 1.726600 525.487200 177.470700 562.334700 205.046100 1.469697 1.538249 3.773905 -3.857305 1.749263 39.594033 1.631979 5.701200 958
Car -1 -1 -1.720200 687.913100 176.803300 741.879500 217.128200 1.551585 1.621974 3.923079 4.249708 1.715913 30.047740 -1.578185 7.053900 955
Car -1 -1 -1.761400 711.693900 178.401600 802.129200 243.350600 1.525094 1.598092 3.869978 3.703135 1.680269 19.002119 -1.567067 9.846100 951
Car -1 -1 -1.717900 700.673300 177.922300 766.456000 228.865500 1.562526 1.629876 3.803203 4.048244 1.733227 24.559666 -1.552461 8.974500 949
Car -1 -1 -1.841500 738.163000 180.264300 885.142800 271.881900 1.484047 1.632333 4.072140 3.607989 1.633336 13.868158 -1.587147 13.330600 943
Car -1 -1 1.839800 373.480300 184.770800 483.235400 251.674800 1.456335 1.655829 4.355086 -4.685516 1.821243 18.999480 1.596510 11.357900 941
Car -1 -1 1.920800 280.187100 186.917000 430.602300 282.321000 1.482731 1.565435 3.610766 -4.693487 1.798974 13.595971 1.593130 12.528100 931
Car -1 -1 -1.969500 813.486800 182.004400 1092.120000 345.641100 1.509420 1.612844 3.640053 3.693256 1.639093 8.676749 -1.562405 14.100300 918
Car -1 -1 -2.388200 1042.643600 193.030300 1241.000000 374.000000 1.540356 1.621098 4.004970 3.710645 1.683654 3.075145 -1.527694 7.791800 910
Car -1 -1 1.756500 501.045400 178.490500 546.125900 211.567800 1.496917 1.547975 3.394886 -4.194293 1.763099 34.888257 1.635449 10.335100 909
Car -1 -1 2.097900 0.000000 200.004500 328.658000 374.000000 1.475693 1.600745 3.872919 -4.748834 1.840287 8.029125 1.567699 13.245800 867
