Car -1 -1 1.651200 542.420500 176.979300 573.307800 202.749100 1.524363 1.616423 4.071760 -3.281959 1.825779 46.065017 1.635763 3.610200 958
Car -1 -1 -1.698100 682.615400 178.259000 725.558800 211.892600 1.577068 1.618938 3.873349 4.617453 1.850897 36.188071 -1.568921 1.836700 955
Car -1 -1 -1.701500 695.892600 180.538500 756.697000 229.709300 1.555020 1.610782 3.801380 3.946155 1.831734 25.336000 -1.544808 5.737800 951
Car -1 -1 -1.667600 690.896800 178.089200 737.275700 218.692200 1.590732 1.601329 3.651054 4.339022 1.828072 30.664632 -1.531785 4.647900 949
Car -1 -1 -1.774000 708.481900 180.471200 797.372800 242.766900 1.499393 1.629281 4.027899 3.808506 1.741695 20.119557 -1.581928 11.366300 943
Car -1 -1 1.771100 449.931300 182.859800 519.308600 230.321300 1.456502 1.613920 4.089561 -4.362692 1.841665 25.329081 1.602870 10.080000 941
Car -1 -1 1.815500 400.531100 185.223600 490.727000 245.249500 1.454066 1.587490 3.728601 -4.504287 1.815692 19.962010 1.594290 11.083100 931
Car -1 -1 -1.803900 746.376400 182.112000 866.114900 268.333300 1.521806 1.572597 3.579919 3.840504 1.724823 14.905808 -1.552492 12.905100 918
Car -1 -1 -1.938200 809.907400 184.950600 1053.982300 337.535000 1.521987 1.597105 3.703026 3.811143 1.724929 9.386258 -1.548356 13.972600 910
Car -1 -1 1.717600 527.414800 178.823000 562.806700 207.398800 1.531753 1.562590 3.437173 -3.719488 1.874367 41.257647 1.628335 10.137900 909
Car -1 -1 -2.375000 964.620200 185.755000 1241.000000 374.000000 1.583215 1.610120 3.808761 3.823568 1.716504 4.182112 -1.627919 10.058300 899
Car -1 -1 1.905900 294.076800 188.703000 444.805100 279.897300 1.482474 1.608096 3.857460 -4.640815 1.830199 14.308681 1.591525 13.901500 867
