Car -1 -1 -1.730100 723.273400 164.829900 754.267200 187.295100 1.637511 1.680078 4.183455 9.797426 1.022746 55.375777 -1.547914 -0.215800 960
Car -1 -1 -1.736000 689.100600 176.969400 747.657600 221.561200 1.567568 1.622617 3.849868 4.082410 1.749626 27.927292 -1.591423 7.675700 955
Car -1 -1 -1.774000 719.991400 179.315800 826.256300 254.125500 1.517301 1.618680 3.948510 3.628481 1.680120 16.966471 -1.564022 11.053000 951
Car -1 -1 -1.718100 705.985600 179.538800 777.236800 235.091400 1.537643 1.605114 3.854219 3.935408 1.746210 22.472294 -1.547613 8.597200 949
Car -1 -1 -1.888400 751.282100 179.833100 937.531400 295.508300 1.507823 1.636928 4.058461 3.526587 1.644760 11.809908 -1.593164 13.354300 943
Car -1 -1 1.865600 334.980100 185.155300 463.531100 263.121300 1.476259 1.648800 4.320241 -4.782993 1.822023 16.841349 1.589865 13.268100 941
Car -1 -1 1.965300 196.446500 190.322000 401.332300 310.741100 1.504540 1.607208 3.853158 -4.767373 1.833071 11.510773 1.580824 12.107600 931
Car -1 -1 -2.065000 861.417600 184.969700 1241.000000 374.000000 1.518428 1.593391 3.665477 3.639651 1.658700 6.567839 -1.556482 11.911000 918
Car -1 -1 1.747200 490.776900 178.620700 538.768400 214.507400 1.513454 1.560983 3.537766 -4.337737 1.776223 32.815168 1.620719 11.142300 909
Car -1 -1 2.231800 0.000000 203.067500 249.603100 374.000000 1.471922 1.603100 3.866646 -4.796471 1.808741 5.977933 1.558033 9.301100 867
