Car -1 -1 1.642300 537.224500 178.983500 567.694700 204.388800 1.495823 1.615286 3.999254 -3.579846 1.872293 44.934128 1.590384 0.167800 958
Car -1 -1 -1.698100 682.615400 178.259000 725.558800 211.892600 1.577068 1.618938 3.873349 4.520475 1.874640 35.096534 -1.568921 1.836700 955
Car -1 -1 -1.726800 697.175800 178.214900 763.717900 230.280500 1.571509 1.609743 3.809921 3.897942 1.795087 24.253061 -1.558400 7.171000 951
Car -1 -1 -1.706000 691.764900 178.264900 742.485500 219.643600 1.579959 1.589259 3.617523 4.284756 1.816204 29.671303 -1.550521 6.933500 949
Car -1 -1 -1.776800 711.856900 180.502600 807.085500 245.770600 1.498656 1.624163 4.104721 3.767256 1.726235 19.114569 -1.581849 12.517000 943
Car -1 -1 1.783500 438.842900 184.125500 512.809600 232.194200 1.427762 1.605811 4.112947 -4.445489 1.821240 24.243400 1.602332 10.640700 941
Car -1 -1 1.835700 381.683000 184.912800 484.098400 252.138700 1.488944 1.609313 3.850848 -4.562164 1.840492 18.899683 1.597448 10.597400 931
Car -1 -1 -1.819500 753.060900 180.440800 886.768600 273.924900 1.522235 1.580324 3.579783 3.799215 1.699385 13.851755 -1.551570 13.967400 918
Car -1 -1 -1.974600 830.266100 188.298000 1132.065800 361.827000 1.479351 1.598214 3.760672 3.796471 1.688949 8.316062 -1.545540 14.725100 910
Car -1 -1 1.737500 523.128800 179.483800 560.542300 206.697900 1.459966 1.541089 3.426436 -3.809823 1.824893 40.162700 1.637707 9.637800 909
Car -1 -1 -2.435300 1046.629300 185.951000 1241.000000 374.000000 1.519857 1.581369 3.853407 3.777698 1.622270 3.130849 -1.583903 9.462300 899
Car -1 -1 1.913400 263.177400 189.062100 429.938400 289.010500 1.476742 1.607295 3.921698 -4.679235 1.819461 13.258048 1.581374 13.255400 867
