Car -1 -1 -1.663200 692.722000 177.685200 740.803700 217.830100 1.523830 1.592343 3.635326 4.251532 1.726584 29.429314 -1.522560 3.952900 951
Car -1 -1 -1.651700 689.196400 177.657000 729.217400 213.119500 1.600502 1.610790 3.590261 4.701064 1.807857 34.936778 -1.526522 1.744400 949
Car -1 -1 -1.733600 698.490600 178.208800 765.171300 226.169900 1.477025 1.593061 3.970181 3.994115 1.647471 24.293511 -1.574304 9.111000 943
Car -1 -1 1.751300 479.965100 181.707600 539.307400 221.464800 1.473836 1.644741 4.191424 -4.079571 1.836149 29.585784 1.617155 7.213200 941
Car -1 -1 1.790600 445.514400 181.346900 518.059000 230.641300 1.485018 1.595303 3.771877 -4.246180 1.787083 24.303809 1.614382 9.475800 931
Car -1 -1 -1.759300 723.658500 178.994100 811.937900 244.312500 1.523374 1.585237 3.736563 4.005908 1.700763 19.091814 -1.547552 11.276300 918
Car -1 -1 -1.815400 762.948500 183.138400 902.455900 279.467400 1.495946 1.575018 3.791246 3.943121 1.713061 13.604697 -1.534717 12.343800 910
Car -1 -1 1.641900 542.311700 176.685800 573.608500 203.413400 1.598202 1.675394 4.113629 -3.311362 1.860303 45.749112 1.595440 5.669200 909
Car -1 -1 -2.547100 1089.754300 194.316300 1241.000000 374.000000 1.481819 1.572470 3.974374 3.838423 1.662742 2.675102 -1.571181 5.136800 904
Car -1 -1 -2.056200 827.327400 184.479600 1132.709700 360.583900 1.561434 1.582747 3.558399 3.891230 1.700978 8.486291 -1.620579 13.608600 899
Car -1 -1 1.826100 384.287500 184.353400 483.360000 252.865100 1.487169 1.589460 3.720993 -4.468270 1.834287 18.568281 1.598422 12.988600 867
