Car -1 -1 0.856400 0.000000 176.721900 77.633200 233.699200 1.459863 1.564473 3.925592 -16.871945 1.492849 18.595530 0.126003 5.076500 975
Car -1 -1 -1.752800 701.784400 177.339300 771.613400 228.415100 1.518173 1.592564 3.657522 3.968055 1.670895 23.320718 -1.577705 8.914300 973
Car -1 -1 1.388700 733.621400 157.815800 773.138200 184.676800 1.598838 1.640505 3.969249 8.690991 0.728606 44.437189 1.596273 3.141900 972
Car -1 -1 -3.221900 690.784800 173.707200 738.020700 191.183300 1.458109 1.583352 3.891671 8.677467 1.489278 60.903960 -3.084547 2.241800 967
Car -1 -1 1.798300 452.702900 178.549500 516.412900 221.831300 1.501202 1.572796 3.739897 -4.688858 1.716520 27.187430 1.624238 9.501000 965
Car -1 -1 -1.806900 711.859100 177.495600 817.311700 250.681400 1.562605 1.633552 3.993496 3.619621 1.697900 17.861527 -1.606318 11.887000 955
Car -1 -1 -2.033400 832.556100 185.153800 1231.771600 374.000000 1.535137 1.618838 3.693764 3.403775 1.673035 6.791912 -1.569271 12.394800 951
Car -1 -1 -1.837400 756.196600 182.231100 913.720900 289.421100 1.519637 1.588920 3.649714 3.568459 1.682547 12.270718 -1.557145 12.492900 949
Car -1 -1 -2.440600 1002.972400 181.916200 1241.000000 374.000000 1.509260 1.602362 4.070860 3.350834 1.595630 1.747350 -1.583855 7.417900 943
Car -1 -1 2.198600 0.000000 203.318000 278.200000 374.000000 1.447076 1.648967 4.418672 -5.007088 1.810656 6.745876 1.563778 12.558700 941
Car -1 -1 1.825200 416.087200 180.264500 491.138800 232.045000 1.505836 1.536993 3.282272 -4.885592 1.730993 22.582811 1.611036 12.802700 909
