Car -1 -1 1.707000 529.479100 178.071000 565.514500 205.421600 1.490565 1.587356 3.833458 -3.659101 1.830383 41.772522 1.626120 5.141600 958
Car -1 -1 -1.706900 687.162600 177.193500 735.841800 215.415100 1.551988 1.613220 3.862104 4.387518 1.783451 31.957955 -1.573402 3.964800 955
Car -1 -1 -1.743600 705.364800 178.050800 783.973400 237.146400 1.535162 1.593623 3.822818 3.762923 1.720483 21.107999 -1.566653 8.948000 951
Car -1 -1 -1.685000 697.446400 176.930300 753.453300 222.768000 1.560527 1.600589 3.721902 4.120203 1.722090 26.599445 -1.539095 9.113500 949
Car -1 -1 -1.807300 726.221000 178.605300 845.747300 259.970200 1.529812 1.628091 4.038289 3.663533 1.680763 15.954487 -1.581850 13.501400 943
Car -1 -1 1.805500 404.601600 185.539400 495.488800 242.465700 1.430059 1.633440 4.274733 -4.610778 1.827988 21.125757 1.594395 12.367400 941
Car -1 -1 1.873400 329.073200 186.083900 456.022000 270.085800 1.510662 1.601023 3.761691 -4.657182 1.854618 15.751981 1.590578 13.070700 931
Car -1 -1 -1.915300 782.764400 178.119900 982.742800 305.477400 1.538925 1.592024 3.569525 3.733492 1.650553 10.714755 -1.565818 14.566400 918
Car -1 -1 -2.191000 919.910600 192.214900 1241.000000 374.000000 1.508321 1.580039 3.782728 3.747110 1.695522 5.180300 -1.557041 11.395500 910
Car -1 -1 1.729800 510.673200 176.579600 550.888600 208.887000 1.548745 1.554999 3.373740 -4.073336 1.787444 37.042364 1.619845 11.191700 909
Car -1 -1 2.017900 119.927300 197.405800 378.606200 335.025800 1.434963 1.588890 3.955742 -4.749988 1.816590 10.089790 1.580594 13.138700 867
