Car -1 -1 -1.693000 691.424600 179.544800 745.822400 223.015000 1.539384 1.617424 3.769116 4.143370 1.797531 28.276303 -1.538477 4.240100 951
Car -1 -1 -1.663100 689.069500 178.382200 731.547300 213.699600 1.559933 1.618526 3.694796 4.607918 1.807628 33.866460 -1.527250 5.384600 949
Car -1 -1 -1.749700 701.121400 178.797800 774.707400 230.751100 1.486774 1.601738 4.046026 3.954338 1.672883 23.252934 -1.578071 8.551300 943
Car -1 -1 1.760100 473.267900 181.571100 533.028300 222.561300 1.461762 1.617769 4.106986 -4.180084 1.816254 28.533743 1.615452 9.101100 941
Car -1 -1 1.794900 438.057400 184.212500 512.964700 234.129500 1.440446 1.580159 3.749889 -4.291706 1.793108 23.199566 1.613342 7.948800 931
Car -1 -1 -1.761800 729.709100 179.054600 822.720400 249.625000 1.546196 1.591889 3.615328 3.974329 1.718211 18.053933 -1.545357 11.450700 918
Car -1 -1 -1.838800 771.307300 186.774300 925.374400 292.834000 1.501913 1.585575 3.671257 3.893450 1.756454 12.553067 -1.536437 14.113900 910
Car -1 -1 1.664400 538.623100 177.536500 571.884800 204.585800 1.578547 1.670083 4.174426 -3.402864 1.863761 44.659057 1.591460 6.892000 909
Car -1 -1 -2.547100 1089.754300 194.316300 1241.000000 374.000000 1.481819 1.572470 3.974374 3.805492 1.654083 1.639685 -1.571181 5.136800 904
Car -1 -1 -2.098400 847.838000 184.126700 1224.778300 374.000000 1.548125 1.598663 3.604258 3.859718 1.689105 7.433922 -1.618985 13.856000 899
Car -1 -1 1.851400 363.265100 185.032700 474.400900 257.784900 1.496521 1.593131 3.772233 -4.535541 1.829433 17.482434 1.597852 12.531200 867
