Car -1 -1 -1.704100 692.662500 177.029500 746.388600 220.028900 1.556571 1.604746 3.590111 4.195837 1.740495 28.307073 -1.560794 5.709700 973
Car -1 -1 -1.762200 726.985300 163.268300 760.835400 185.429000 1.495480 1.593220 3.716251 9.095120 0.821688 49.387009 -1.561318 2.056400 972
Car -1 -1 -3.140900 638.585100 174.516600 685.870400 190.724800 1.463661 1.667974 4.361423 4.721204 1.643826 66.238210 -3.076846 2.321100 967
Car -1 -1 1.757300 485.981300 177.127400 536.993200 214.401100 1.554222 1.602507 3.788983 -4.385795 1.775279 32.417480 1.625888 9.057400 965
Car -1 -1 -1.763700 696.748300 180.086800 772.220400 232.735600 1.490862 1.621067 3.963891 3.791382 1.743876 22.822609 -1.599623 10.205800 955
Car -1 -1 -1.865200 755.162500 178.881200 925.699100 297.311500 1.590293 1.600508 3.654025 3.486437 1.721789 11.763928 -1.578089 12.064100 951
Car -1 -1 -1.761500 722.945900 180.490300 822.651800 254.193000 1.543564 1.613663 3.754708 3.719576 1.755213 17.324344 -1.551122 12.295200 949
Car -1 -1 -2.067200 829.925300 191.339700 1241.000000 374.000000 1.430898 1.630675 4.110179 3.439512 1.649097 6.665774 -1.590298 13.023700 943
Car -1 -1 1.954000 183.468500 189.398000 401.790600 310.192700 1.477149 1.645277 4.392504 -4.918525 1.828396 11.769812 1.564780 13.008600 941
Car -1 -1 2.215700 0.000000 198.846200 276.396600 374.000000 1.517217 1.614714 4.045654 -4.853808 1.816090 6.461936 1.569157 10.639500 931
Car -1 -1 -2.552400 1090.300300 178.363300 1241.000000 374.000000 1.533325 1.580669 3.981024 3.538080 1.607780 1.304742 -1.551828 5.528700 918
Car -1 -1 1.789100 458.733900 178.766500 517.575300 221.761800 1.516579 1.533900 3.447946 -4.665612 1.780065 27.654910 1.617462 12.085500 909
