Car -1 -1 1.724000 531.558600 179.506500 567.872600 205.972000 1.502321 1.601364 3.863972 -3.623911 1.887435 42.771722 1.634729 4.747600 958
Car -1 -1 -1.718600 684.646200 179.641200 731.162000 213.774600 1.507681 1.608356 3.912673 4.440627 1.836201 33.014839 -1.581879 4.036300 955
Car -1 -1 -1.742400 701.330400 179.490100 775.235000 234.977800 1.520861 1.584438 3.807798 3.779634 1.748795 22.143292 -1.567710 8.708500 951
Car -1 -1 -1.704500 694.409700 176.863000 749.757500 221.340500 1.581928 1.596039 3.655405 4.166469 1.755840 27.637275 -1.552677 7.153700 949
Car -1 -1 -1.800800 720.015100 179.397100 832.447400 254.351600 1.516239 1.636328 4.078559 3.703459 1.691009 17.026508 -1.583388 11.917500 943
Car -1 -1 1.801500 417.007100 184.341900 502.595600 239.257500 1.442937 1.625575 4.276241 -4.556774 1.835956 22.164688 1.599565 11.530800 941
Car -1 -1 1.867800 348.346100 188.162300 466.801900 261.761500 1.448629 1.594427 3.846462 -4.625854 1.828863 16.809606 1.596205 12.251900 931
Car -1 -1 -1.853100 774.439100 180.826400 941.133800 293.406000 1.519386 1.574911 3.594483 3.751256 1.672208 11.759584 -1.545461 13.033000 918
Car -1 -1 -2.096100 881.069000 188.112100 1241.000000 374.000000 1.517901 1.591266 3.713197 3.747851 1.703768 6.210192 -1.548046 12.434800 910
Car -1 -1 1.711200 515.643100 178.236300 554.377600 209.317700 1.521312 1.559690 3.509397 -3.977263 1.834253 38.120360 1.618623 9.646900 909
Car -1 -1 1.986400 182.552300 191.650500 399.779900 316.424200 1.489430 1.600199 3.851447 -4.722611 1.826080 11.161178 1.583657 12.805200 867
