Car -1 -1 0.796100 0.000000 176.710800 110.720100 230.613700 1.465647 1.591870 4.011145 -16.827873 1.618871 20.645127 0.095159 4.478200 975
Car -1 -1 -1.737000 697.865200 177.765400 762.076400 226.314300 1.548559 1.606563 3.730094 4.092159 1.716291 25.347376 -1.573037 7.617300 973
Car -1 -1 1.441200 731.553600 159.857900 765.799600 186.526500 1.626188 1.655952 3.970162 8.829013 0.845963 46.405118 1.635416 1.864400 972
Car -1 -1 -0.073000 669.282500 173.077800 720.238100 190.426900 1.482700 1.661677 4.296336 7.292984 1.537319 63.014106 0.052067 -0.554300 967
Car -1 -1 1.775600 467.008300 177.589500 525.831700 218.911500 1.544509 1.598295 3.829966 -4.586783 1.742919 29.295099 1.618894 9.668000 965
Car -1 -1 -1.791000 704.610100 179.580200 796.623300 242.012700 1.528820 1.632724 4.003260 3.687633 1.709219 19.818880 -1.607334 11.811600 955
Car -1 -1 -1.953900 789.189700 183.009600 1061.475400 346.313300 1.520451 1.627295 3.807452 3.422949 1.664685 8.784055 -1.576815 12.368100 951
Car -1 -1 -1.812900 741.206600 178.639700 870.223800 272.782900 1.564758 1.589780 3.707016 3.624668 1.706799 14.215394 -1.561543 12.519700 949
Car -1 -1 -2.378400 935.742200 193.739100 1241.000000 374.000000 1.522140 1.600845 3.975979 3.426881 1.687077 3.744910 -1.621807 10.862600 943
Car -1 -1 2.079600 0.000000 198.368500 341.807300 370.161500 1.436506 1.644296 4.386305 -4.979776 1.800719 8.776792 1.565997 14.016500 941
Car -1 -1 4.195400 0.000000 205.745000 82.405000 374.000000 1.481663 1.603995 3.969377 -5.642651 1.769785 4.354510 -2.458179 0.327400 931
Car -1 -1 1.799200 434.387600 178.483600 503.224300 227.970800 1.526255 1.544130 3.494345 -4.805373 1.743386 24.619117 1.605810 11.796700 909
