Car -1 -1 -1.730100 723.273400 164.829900 754.267200 187.295100 1.637511 1.680078 4.183455 9.698753 1.049649 54.653369 -1.547914 -0.215800 960
Car -1 -1 -1.751000 689.861900 179.505600 752.908500 225.510300 1.561778 1.626006 3.933323 4.033177 1.798842 26.986453 -1.598269 8.254000 955
Car -1 -1 -1.792100 726.242600 181.665500 840.882600 262.708200 1.518413 1.617147 3.830521 3.595247 1.713233 15.853660 -1.566419 11.169900 951
Car -1 -1 -1.732900 707.648000 180.640100 784.318300 239.281100 1.540830 1.608752 3.857915 3.882939 1.777094 21.436468 -1.551190 9.442000 949
Car -1 -1 -1.890300 764.997200 185.410000 972.545300 314.246800 1.499774 1.635180 4.064047 3.512126 1.689512 10.791273 -1.581629 12.970400 943
Car -1 -1 1.877200 318.011600 190.235900 452.909300 269.329200 1.436297 1.634832 4.236534 -4.819393 1.834001 15.860050 1.586117 11.612200 941
Car -1 -1 1.992000 135.003800 189.518500 385.095400 326.785100 1.506802 1.635324 4.043044 -4.802913 1.809655 10.492110 1.570612 13.292200 931
Car -1 -1 -2.133300 897.283500 196.528700 1241.000000 374.000000 1.491341 1.582952 3.602946 3.619058 1.694684 5.543807 -1.555133 11.568900 918
Car -1 -1 1.768800 484.874000 179.841200 534.560000 216.296000 1.493891 1.545543 3.414489 -4.408019 1.792958 31.715570 1.627135 10.802700 909
Car -1 -1 2.329600 0.000000 204.317000 195.486500 374.000000 1.474380 1.591481 3.846222 -4.856121 1.790087 5.033417 1.563204 6.692200 867
