Car -1 -1 -1.655300 688.148200 175.409200 725.166700 208.385400 1.609109 1.595496 3.498560 4.884628 1.740191 37.071920 -1.531370 4.025700 949
Car -1 -1 -1.741300 696.569700 176.782500 760.475800 224.143100 1.560782 1.628822 3.959177 4.199505 1.722944 26.426550 -1.573912 7.423900 943
Car -1 -1 1.731600 495.180100 181.261000 545.479000 218.028200 1.467661 1.590051 3.869131 -3.906154 1.845924 31.641938 1.615282 6.352200 941
Car -1 -1 1.760200 468.737800 180.965500 529.125400 226.466000 1.500708 1.557639 3.609323 -4.063973 1.830331 26.474550 1.613755 8.232900 931
Car -1 -1 -1.731300 717.466700 178.602300 793.127200 234.326700 1.499389 1.590222 3.792980 4.136347 1.669709 21.313709 -1.542185 10.114200 918
Car -1 -1 -1.794600 747.422000 182.163200 859.892100 259.987700 1.470596 1.572400 3.719736 4.001780 1.686114 15.713140 -1.542430 11.869300 910
Car -1 -1 1.735700 546.956000 176.697100 581.576400 202.197200 1.606645 1.656396 4.118965 -3.054414 1.884545 48.028911 1.654852 4.852700 909
Car -1 -1 -2.230300 952.539000 198.134600 1241.000000 374.000000 1.513834 1.604101 3.886673 3.858512 1.742918 4.766051 -1.548315 11.436000 904
Car -1 -1 -1.961600 797.340400 177.889900 1006.620900 310.811600 1.602267 1.591450 3.432263 3.958317 1.704433 10.600893 -1.603755 13.600900 899
Car -1 -1 1.810500 413.057500 183.477900 499.897600 241.644900 1.451668 1.593414 3.884862 -4.380576 1.809561 20.742683 1.611143 12.711400 867
