Car -1 -1 1.730300 502.438600 178.456800 547.178700 212.505200 1.557200 1.607986 3.824474 -4.153425 1.837581 35.316278 1.622134 6.463300 965
Car -1 -1 -1.750500 691.734200 180.488500 757.878200 227.448800 1.529221 1.628845 3.981268 3.975536 1.802977 25.899231 -1.597979 8.299500 955
Car -1 -1 -1.812900 731.857700 179.951200 857.738600 269.357600 1.547267 1.610258 3.774391 3.566646 1.722021 14.803761 -1.572155 11.041000 951
Car -1 -1 -1.747900 710.041300 182.310300 792.361300 242.611000 1.513433 1.611006 3.828920 3.831425 1.784945 20.408511 -1.557871 10.500300 949
Car -1 -1 -1.936700 773.603600 186.529000 1028.598000 333.356600 1.484339 1.653919 4.190159 3.505265 1.695688 9.781327 -1.587606 13.982800 943
Car -1 -1 1.882400 292.797400 188.385600 442.120500 277.444000 1.457868 1.630672 4.290344 -4.837260 1.833487 14.825144 1.575291 12.318100 941
Car -1 -1 2.045400 82.092000 190.005200 363.443200 347.277400 1.535292 1.614049 3.934366 -4.799346 1.817481 9.466542 1.576043 12.859400 931
Car -1 -1 -2.219100 935.455700 196.341000 1241.000000 374.000000 1.489276 1.570744 3.584315 3.598489 1.696551 4.594075 -1.557152 9.543300 918
Car -1 -1 1.744400 479.769100 180.214200 530.549600 218.841800 1.505639 1.552685 3.470675 -4.465579 1.824918 30.688442 1.610797 11.736000 909
Car -1 -1 2.329600 0.000000 204.317000 195.486500 374.000000 1.474380 1.591481 3.846222 -4.897662 1.785278 3.996147 1.563204 6.692200 867
