Car -1 -1 -1.675500 693.487900 177.395600 746.759200 222.667100 1.561859 1.612258 3.676204 4.058120 1.768359 27.296240 -1.531975 7.111500 951
Car -1 -1 -1.665300 690.958700 177.839800 734.060600 213.942400 1.534695 1.595517 3.717359 4.543885 1.772585 32.784052 -1.527096 4.258500 949
Car -1 -1 -1.752700 703.626800 180.856700 782.236500 235.606000 1.482217 1.619885 4.077839 3.909335 1.714939 22.169150 -1.577656 10.738300 943
Car -1 -1 1.764700 466.366000 183.427300 528.634700 225.616000 1.439598 1.604686 4.035921 -4.246832 1.832736 27.445336 1.613010 8.053100 941
Car -1 -1 1.798900 426.250400 185.109600 504.814300 238.351600 1.430653 1.566402 3.695447 -4.361290 1.810931 22.050857 1.607259 8.797900 931
Car -1 -1 -1.787800 732.832900 179.223700 837.207400 253.479900 1.534456 1.589980 3.703875 3.934757 1.701150 17.035947 -1.554469 10.996500 918
Car -1 -1 -1.883200 780.854000 184.784800 963.231700 301.310400 1.490904 1.590226 3.668935 3.851114 1.721121 11.447135 -1.549207 15.014400 910
Car -1 -1 1.728900 533.751700 177.796900 570.039100 205.437900 1.571967 1.639562 3.880720 -3.512153 1.871354 43.547755 1.626898 7.088200 909
Car -1 -1 -2.168800 877.522500 180.871700 1241.000000 374.000000 1.589271 1.584286 3.512382 3.817285 1.698022 6.383510 -1.625236 11.823600 899
Car -1 -1 1.866600 345.213300 187.122600 465.669700 264.386500 1.486496 1.587920 3.795945 -4.576302 1.837055 16.447409 1.596955 12.870700 867
