Car -1 -1 -1.699200 693.636800 179.649800 752.379800 226.545400 1.555700 1.623539 3.734022 3.993691 1.800803 26.310486 -1.542070 7.140000 951
Car -1 -1 -1.685800 690.433000 177.873600 737.451700 217.451600 1.584636 1.608980 3.757124 4.473405 1.823169 31.801664 -1.538718 5.827200 949
Car -1 -1 -1.753300 706.118400 181.855500 788.691400 238.516100 1.459092 1.620512 4.111065 3.851405 1.722347 21.120629 -1.574531 11.569700 943
Car -1 -1 1.762700 458.291700 183.927100 524.295000 228.119700 1.431750 1.612173 4.126388 -4.314277 1.845453 26.442202 1.605896 8.715200 941
Car -1 -1 1.794600 411.552900 183.604500 497.175500 242.317000 1.471163 1.595078 3.811608 -4.462401 1.824166 21.023542 1.593626 8.919700 931
Car -1 -1 -1.795000 739.119300 181.008300 849.700600 260.489200 1.528612 1.591846 3.596291 3.888703 1.715341 15.987187 -1.555230 12.309400 918
Car -1 -1 -1.894000 794.964400 186.387700 1005.216600 320.831400 1.498503 1.592744 3.749505 3.824076 1.727837 10.386281 -1.543270 14.518000 910
Car -1 -1 1.714800 531.265500 178.502200 566.105500 205.556500 1.523101 1.590081 3.611554 -3.612136 1.847611 42.377002 1.628877 8.568100 909
Car -1 -1 -2.261300 917.299400 194.204700 1241.000000 374.000000 1.568028 1.619214 3.723266 3.837625 1.741667 5.244348 -1.622124 9.639900 899
Car -1 -1 1.873800 322.583400 186.598600 454.210200 271.155900 1.498612 1.597735 3.789922 -4.616324 1.834439 15.379081 1.588330 11.830800 867
