Car -1 -1 -1.705900 634.905000 187.336200 665.874700 211.474500 1.463800 1.561300 3.726300 2.616700 2.465700 47.976700 -1.651400 -0.569800 6644
Car -1 -1 -0.519400 877.934700 154.089800 964.234400 189.305800 1.807700 1.685800 3.855900 16.350800 0.844900 38.092300 -0.113900 0.007800 6643
Car -1 -1 1.254100 839.258300 151.260000 874.098200 169.879800 1.468600 1.583900 3.875600 20.264200 -0.252800 59.476700 1.582500 0.845100 6642
Car -1 -1 1.578500 601.347900 173.541500 618.639600 189.546200 1.508349 1.618997 4.244094 0.014195 1.578054 69.383064 1.562989 0.721700 6641
Car -1 -1 1.768400 476.318200 176.878500 502.029400 193.500000 1.478100 1.600567 4.024533 -11.446721 1.758937 66.589157 1.608324 -0.200600 6639
Car -1 -1 2.049500 235.589900 163.536400 287.156700 187.829300 1.660417 1.681475 3.945158 -24.898691 1.095315 51.814223 1.598767 -0.707900 6638
Car -1 -1 -1.523900 1118.552700 185.736400 1241.000000 374.000000 1.468883 1.598383 3.865108 4.187684 1.556519 3.374279 -0.703208 1.297700 6637
Car -1 -1 -0.941000 714.430100 177.561800 871.098500 247.033700 1.472240 1.592943 4.021843 4.446917 1.593609 17.380063 -0.705180 3.334900 6636
Car -1 -1 -0.998300 732.663700 165.275900 926.614800 258.989900 1.583854 1.660786 4.011411 4.273153 1.432747 13.912199 -0.696780 12.640900 6635
Car -1 -1 1.914100 140.535100 166.512700 271.560400 239.556400 1.689860 1.665746 4.116437 -10.318766 1.528094 18.695189 1.415200 12.750300 6634
Car -1 -1 -1.168800 798.198800 179.119900 1030.096000 302.265000 1.437574 1.633397 4.083686 4.538735 1.538551 10.568515 -0.759514 11.704400 6633
Car -1 -1 -1.553700 562.103000 174.495900 653.152900 261.904400 1.585494 1.633571 3.636714 -0.073647 1.594818 14.754721 -1.565786 12.767200 6632
Car -1 -1 -1.348600 932.843800 165.751100 1226.494600 374.000000 1.461506 1.530183 3.556326 4.469860 1.415237 6.739987 -0.768746 13.165000 6631
Car -1 -1 2.173400 0.000000 177.462600 194.997200 275.316200 1.508977 1.619069 4.009617 -9.696736 1.611324 13.418000 1.542174 11.983200 6630
