Car -1 -1 -1.589600 600.029800 173.716700 617.235000 189.895100 1.487200 1.556200 3.839800 -0.170500 1.571800 68.469100 -1.592100 -0.799200 6641
Car -1 -1 1.802000 367.198000 179.139800 406.095300 202.990400 1.471000 1.602400 3.881900 -14.693800 1.902900 47.539200 1.502200 -0.297900 6640
Car -1 -1 -1.311300 478.773700 177.872800 506.215700 194.471200 1.483600 1.589200 3.932500 -11.017200 1.969400 67.754000 -1.472500 0.541400 6639
Car -1 -1 2.036200 235.546300 164.234900 284.659600 186.907700 1.555000 1.621800 3.785200 -24.885500 0.964200 51.388100 1.585200 0.801100 6638
Car -1 -1 -1.569400 1110.844600 184.844600 1241.000000 374.000000 1.480800 1.549800 3.681500 4.317200 1.585500 4.419400 -0.795700 0.806700 6637
Car -1 -1 -1.134400 712.104900 174.713200 836.296600 238.325200 1.480100 1.625100 4.048600 4.371500 1.534800 19.004000 -0.908300 4.276100 6636
Car -1 -1 -0.984200 722.746900 166.190300 901.002100 251.334400 1.552400 1.624000 4.031600 4.255800 1.431300 15.081800 -0.709100 11.213600 6635
Car -1 -1 1.907800 166.905500 166.801200 288.913100 235.162400 1.670800 1.658100 4.177600 -10.359400 1.523200 19.818900 1.426200 11.387900 6634
Car -1 -1 -1.126800 782.176800 178.452800 991.311800 283.680200 1.391100 1.607200 3.955900 4.541700 1.497200 11.684000 -0.756100 12.128500 6633
Car -1 -1 -1.571400 564.401700 171.723200 653.344500 259.302400 1.622500 1.648400 3.795700 -0.083800 1.601900 15.267100 -1.576900 12.294500 6632
Car -1 -1 -1.275200 877.301800 174.201900 1147.346100 347.498500 1.457100 1.581100 3.620400 4.484200 1.475600 7.912000 -0.759600 13.247300 6631
Car -1 -1 2.122600 18.331800 175.607400 215.796600 263.579000 1.529800 1.579600 3.655700 -9.716900 1.592700 14.517700 1.532700 14.504500 6630
