Car -1 -1 -1.610500 601.635900 174.811100 620.639000 191.723000 1.546967 1.631642 4.323433 0.062677 1.745783 68.955651 -1.608142 -0.597900 6641
Car -1 -1 1.802000 367.198000 179.139800 406.095300 202.990400 1.471000 1.602400 3.881900 -14.693800 1.902900 47.539200 1.502200 -0.297900 6640
Car -1 -1 1.768400 476.318200 176.878500 502.029400 193.500000 1.478100 1.600567 4.024533 -11.232079 1.864111 67.171258 1.608324 -0.200600 6639
Car -1 -1 2.049500 235.589900 163.536400 287.156700 187.829300 1.660417 1.681475 3.945158 -24.892099 1.029793 51.601279 1.598767 -0.707900 6638
Car -1 -1 -1.523900 1118.552700 185.736400 1241.000000 374.000000 1.468883 1.598383 3.865108 4.252406 1.571001 3.896552 -0.703208 1.297700 6637
Car -1 -1 -0.961400 716.696800 175.939300 864.323100 242.572800 1.482667 1.578075 4.036683 4.566980 1.569097 18.149685 -0.731017 3.242900 6636
Car -1 -1 -0.974500 726.477100 161.062800 915.050600 255.660200 1.633983 1.652325 4.003000 4.246501 1.437199 14.427065 -0.690033 10.608400 6635
Car -1 -1 1.918000 153.848100 164.246700 281.558500 236.874800 1.721217 1.679825 4.132225 -10.354800 1.521600 19.306251 1.425742 11.850400 6634
Car -1 -1 -1.140700 789.453000 176.606600 1013.045100 294.307100 1.457650 1.629750 4.031525 4.538100 1.531897 11.070861 -0.752067 12.285100 6633
Car -1 -1 -1.574100 564.287900 170.256300 653.809100 260.171400 1.639917 1.636392 3.588442 -0.084700 1.594501 14.962130 -1.579558 12.533800 6632
Car -1 -1 -1.329100 905.864800 173.354900 1177.863200 365.883400 1.463242 1.533983 3.548900 4.438305 1.470501 7.283163 -0.779950 12.805700 6631
Car -1 -1 2.138400 0.000000 175.857600 208.420700 266.544300 1.491300 1.623417 3.983775 -9.715900 1.555004 14.006751 1.531967 13.623200 6630
