Car -1 -1 2.085900 207.486400 169.272500 266.972100 195.363500 1.684043 1.687900 4.068946 -24.624698 1.415197 47.369734 1.599680 1.776300 6652
Car -1 -1 -1.906100 854.206800 152.364200 891.384800 171.789200 1.472556 1.564534 3.851791 20.603390 -0.097829 56.665153 -1.562980 2.430500 6642
Car -1 -1 1.551300 604.467800 174.123300 621.325700 189.519900 1.486575 1.614244 4.026602 0.261948 1.599462 71.634596 1.574093 1.032000 6641
Car -1 -1 -1.051300 747.872900 177.758000 916.039500 260.195900 1.454285 1.578273 3.949519 4.609488 1.561170 14.767965 -0.742223 7.354600 6636
Car -1 -1 -1.033100 770.579600 165.504700 1008.048100 284.740400 1.556436 1.632959 4.010258 4.372117 1.449556 11.166960 -0.667397 11.188300 6635
Car -1 -1 1.993100 49.481900 168.066100 225.355100 255.629000 1.678983 1.679453 4.171985 -10.288125 1.609043 16.040693 1.421297 11.996500 6634
Car -1 -1 -1.264600 879.691400 176.354000 1168.786300 353.158400 1.453046 1.589337 3.874488 4.576757 1.497690 7.792353 -0.736642 14.005900 6633
Car -1 -1 -1.579500 565.275300 170.863300 664.133200 270.212100 1.627143 1.645258 3.708342 0.013532 1.630211 13.803474 -1.573239 12.217000 6632
Car -1 -1 -1.535300 1136.845200 160.758900 1241.000000 374.000000 1.515895 1.599356 3.845536 4.472563 1.499080 4.028164 -0.714967 -0.357700 6631
Car -1 -1 2.247800 0.000000 182.807400 113.475200 311.073500 1.509086 1.613260 3.896501 -9.590408 1.686943 10.762081 1.526273 9.756200 6630
