Car -1 -1 2.085900 207.486400 169.272500 266.972100 195.363500 1.684043 1.687900 4.068946 -24.682061 1.430600 47.847636 1.599680 1.776300 6652
Car -1 -1 1.214200 849.319200 151.211000 887.223900 170.677100 1.483984 1.564624 3.905554 20.737985 -0.179578 57.164111 1.565547 -0.624800 6642
Car -1 -1 1.618700 602.341500 173.938300 621.140300 189.702300 1.497052 1.647160 4.258958 0.248407 1.591509 71.181056 1.605309 1.116200 6641
Car -1 -1 -1.009700 740.514100 178.251500 914.117300 258.153700 1.469471 1.600881 4.060548 4.648380 1.566678 15.338331 -0.728668 7.561600 6636
Car -1 -1 -1.027900 760.091600 163.436600 992.998800 279.195200 1.581737 1.651823 4.081708 4.356276 1.453964 11.693170 -0.678556 10.734200 6635
Car -1 -1 1.975900 71.360900 170.355900 236.078100 254.401000 1.673294 1.676463 4.159017 -10.277032 1.628793 16.556155 1.419027 12.556400 6634
Car -1 -1 -1.243800 864.320200 174.366700 1134.307400 344.927200 1.488070 1.594736 3.836605 4.577045 1.538703 8.310514 -0.739622 13.397700 6633
Car -1 -1 -1.568700 563.985000 175.976000 663.262200 271.887200 1.596308 1.655223 3.784134 0.002359 1.655907 14.024971 -1.564402 12.764900 6632
Car -1 -1 -1.492900 1097.012100 175.210700 1241.000000 374.000000 1.504399 1.575014 3.819059 4.578492 1.515571 4.577082 -0.733036 4.845300 6631
Car -1 -1 2.237500 0.000000 180.904000 123.985500 301.551800 1.527833 1.581482 3.760101 -9.642435 1.691890 11.293726 1.534967 10.936900 6630
