Car -1 -1 1.744200 483.606600 176.260800 510.331000 195.015400 1.679995 1.742455 4.514997 -10.794180 2.038974 68.989952 1.563290 4.807400 6874
Car -1 -1 -1.024200 637.215800 170.186800 680.326800 190.148900 1.715208 1.717948 4.414770 4.297710 1.480713 63.003962 -0.912804 1.398600 6873
Car -1 -1 -0.802400 656.315700 174.106300 725.713000 201.804700 1.525147 1.635920 4.029727 4.680736 1.581850 41.718338 -0.716053 4.867500 6868
Car -1 -1 1.701900 510.821700 179.803200 538.470300 200.200000 1.476500 1.597098 3.940099 -6.484461 2.020563 55.457090 1.579511 6.006000 6866
Car -1 -1 -0.977900 701.513300 176.613200 832.068100 236.382700 1.514850 1.599836 4.032954 4.402750 1.604543 20.217833 -0.739857 7.400700 6865
Car -1 -1 -0.893300 678.693700 174.008900 768.433300 211.992000 1.517799 1.589036 4.128138 4.863343 1.565936 30.956582 -0.716920 6.666200 6860
Car -1 -1 -0.851800 645.336500 175.507000 703.601500 198.689700 1.479009 1.609134 4.111015 4.323864 1.659386 48.437302 -0.791641 3.978500 6854
Car -1 -1 -0.869900 684.562000 171.025900 801.373400 225.903700 1.663935 1.645802 3.901425 4.389129 1.585532 23.781747 -0.694013 9.046900 6852
Car -1 -1 -1.064100 712.626100 169.358300 859.667100 247.833300 1.589242 1.623176 3.854043 4.108988 1.520969 16.657790 -0.824621 11.113400 6838
Car -1 -1 -1.216200 836.916800 174.180200 1080.668600 314.609000 1.506117 1.642225 4.034157 4.846444 1.522697 9.862261 -0.748894 12.459800 6831
Car -1 -1 -1.128800 748.891200 176.550800 937.881500 271.772700 1.440318 1.626803 4.199208 4.347317 1.532510 13.256282 -0.818076 12.461200 6815
Car -1 -1 2.398600 0.000000 184.328500 55.555400 336.738900 1.658266 1.635798 4.284433 -10.572824 1.858649 10.432988 1.594891 6.638100 6793
Car -1 -1 -1.376100 967.614100 166.174200 1241.000000 374.000000 1.523531 1.566222 3.510505 4.551060 1.475015 6.210228 -0.747419 9.810200 6788
Car -1 -1 -1.580300 595.144000 174.935900 637.928400 216.979800 1.605935 1.648913 3.697472 0.219929 1.696659 29.727271 -1.568494 11.382300 6632
