Car -1 -1 1.750500 497.444300 180.676500 527.813000 201.405800 1.489212 1.634021 4.052739 -7.476446 2.034589 55.563680 1.617121 3.762300 6884
Car -1 -1 -0.600800 1093.772200 163.297200 1196.524100 198.089600 1.818862 1.745177 4.311795 29.159598 1.334965 39.455033 0.033619 -0.376700 6883
Car -1 -1 -1.024000 781.716600 175.928600 973.645000 279.091200 1.540527 1.557381 3.459704 4.624463 1.578641 12.418485 -0.662199 5.414700 6878
Car -1 -1 1.776000 417.339800 175.684500 445.677700 193.631500 1.484162 1.612462 4.011787 -15.270105 1.721214 61.872106 1.537825 2.837400 6877
Car -1 -1 1.792600 442.655400 176.547300 478.511600 198.491600 1.569764 1.700590 4.494439 -11.156531 1.836841 54.100051 1.590837 6.796800 6874
Car -1 -1 -0.937900 638.906100 168.993200 707.758300 200.682900 1.902264 1.823314 4.966186 4.218655 1.552251 48.178589 -0.838201 5.755000 6873
Car -1 -1 -0.868900 677.343100 174.421800 783.357000 218.414500 1.527519 1.635806 4.157196 4.490946 1.558197 26.838595 -0.708511 10.464400 6868
Car -1 -1 1.835000 362.241400 185.767800 442.921200 237.542200 1.456843 1.578336 3.702758 -6.583753 1.879480 23.090076 1.559190 12.677600 6866
Car -1 -1 -1.413800 977.660100 176.920100 1241.000000 374.000000 1.509381 1.620138 3.912728 4.277755 1.536656 5.276459 -0.735067 8.289100 6865
Car -1 -1 -0.991300 732.101800 173.482000 900.389100 251.386200 1.501221 1.626061 4.020637 4.640730 1.531403 16.117790 -0.699963 12.157200 6860
Car -1 -1 -0.890500 656.233900 178.661400 741.005500 212.530200 1.444006 1.630516 4.124955 4.128643 1.718168 33.603395 -0.768361 6.058800 6854
Car -1 -1 -1.149200 819.622200 166.687300 1111.725700 332.278400 1.583115 1.636544 4.023594 4.388084 1.510632 8.748279 -0.698449 12.569600 6852
Car -1 -1 -1.576800 592.070100 175.051900 636.898000 219.175000 1.610265 1.655812 3.658223 0.126177 1.700458 28.520997 -1.574499 11.977800 6632
