Car -1 -1 -0.768700 652.086600 170.783600 710.477600 195.136400 1.534546 1.615289 3.886049 4.708533 1.316550 46.644472 -0.754534 2.497600 6927
Car -1 -1 -1.108400 761.207800 163.414800 915.445800 249.528400 1.589508 1.605687 3.749659 4.823272 1.409519 15.112478 -0.781064 9.128100 6920
Car -1 -1 1.807900 404.388700 178.971200 448.351900 206.334400 1.471947 1.606373 3.852026 -10.501752 1.801168 41.331139 1.566020 2.881300 6918
Car -1 -1 1.891500 350.843400 175.940000 414.162000 212.156700 1.591288 1.644365 4.143439 -10.786702 1.772872 34.323467 1.587493 9.101100 6909
Car -1 -1 -1.159700 795.233300 174.100000 998.098400 286.819500 1.440960 1.564198 3.687232 4.452133 1.468496 11.081305 -0.786529 11.617800 6905
Car -1 -1 -0.917800 667.704300 168.463600 765.266500 210.282900 1.572496 1.654017 4.222879 4.349854 1.420188 29.167901 -0.759100 8.371900 6903
Car -1 -1 1.966700 280.150100 173.927000 375.593700 221.601700 1.681777 1.751020 4.747161 -10.857789 1.738086 27.979160 1.596202 11.545600 6874
Car -1 -1 -1.033400 687.797100 148.561600 825.284400 223.616400 2.015341 1.840450 4.854213 4.523641 1.379859 21.995933 -0.838129 10.247400 6873
Car -1 -1 -1.326200 873.534000 172.529500 1152.570800 362.923200 1.429503 1.582549 3.921909 4.239611 1.445811 7.337207 -0.807059 13.115700 6854
Car -1 -1 -1.579600 592.005500 170.789400 649.454800 225.919800 1.587410 1.630501 3.637920 0.264619 1.513256 22.250226 -1.572782 12.015200 6632
