Car -1 -1 -1.971900 878.709100 152.689800 919.879200 172.513100 1.480834 1.570491 3.967726 22.388073 -0.048191 56.050284 -1.520229 0.488300 6882
Car -1 -1 -0.958100 729.583100 179.691900 876.067700 247.424200 1.469873 1.600504 3.882414 4.765984 1.637042 17.824086 -0.688886 3.223100 6878
Car -1 -1 1.699400 435.859100 176.054800 459.399900 192.744700 1.493950 1.617001 4.094845 -15.147316 1.817270 67.457538 1.519268 3.344200 6877
Car -1 -1 1.798700 459.117000 175.139700 491.743700 194.374400 1.542942 1.704232 4.341319 -11.059892 1.706411 59.345056 1.616449 4.600900 6874
Car -1 -1 -0.887600 638.842600 169.554900 696.020300 196.840900 1.930981 1.788686 4.585101 4.268312 1.600014 53.402450 -0.833156 2.749600 6873
Car -1 -1 -0.857200 666.884200 173.324000 757.319100 211.601300 1.567885 1.673711 4.104386 4.524685 1.570102 32.078896 -0.720836 7.618300 6868
Car -1 -1 1.780500 449.486800 181.112000 497.191100 214.426400 1.473412 1.554334 3.602116 -6.539432 1.871991 34.529035 1.585689 9.489200 6866
Car -1 -1 -1.136000 780.192200 180.618500 1011.957600 301.015000 1.431572 1.613108 3.971878 4.283711 1.534688 10.582695 -0.756534 11.705900 6865
Car -1 -1 -0.942700 702.831800 174.339800 830.063000 229.603100 1.494300 1.640123 4.048645 4.646271 1.516998 21.367625 -0.723299 9.396400 6860
Car -1 -1 -0.866300 649.994200 175.768400 721.997300 204.293300 1.453504 1.620102 4.119633 4.130205 1.586169 38.785113 -0.781458 5.789000 6854
Car -1 -1 -0.989100 737.850300 165.713000 926.347400 264.052700 1.650512 1.642266 3.906283 4.367767 1.524490 14.065933 -0.697814 11.043300 6852
Car -1 -1 -1.354100 878.120200 153.696100 1177.572200 374.000000 1.618975 1.624280 3.879483 4.108927 1.473175 6.859470 -0.816446 12.561600 6838
Car -1 -1 -1.585900 1073.881900 181.782300 1241.000000 374.000000 1.461740 1.623356 4.207744 4.248133 1.544680 3.480395 -0.828096 6.708300 6815
Car -1 -1 -1.565500 591.889600 176.163200 635.777900 216.966000 1.538797 1.652567 3.713716 0.133821 1.643624 28.993978 -1.564519 11.821500 6632
