Car -1 -1 -1.508200 557.066000 172.690500 583.070600 194.564500 1.513617 1.599843 4.061991 -2.824625 1.470556 50.848026 -1.566398 1.160600 6951
Car -1 -1 2.052600 176.892800 180.677800 307.719200 245.854600 1.691629 1.681114 4.158080 -10.720791 1.943743 21.316120 1.585429 12.820200 6950
Car -1 -1 1.940000 297.528500 183.719700 379.416500 225.931500 1.475972 1.632564 4.028211 -10.535929 1.933986 28.211327 1.578634 10.052600 6948
Car -1 -1 2.445700 1138.526400 182.895800 1241.000000 227.728500 1.447611 1.610102 4.205468 20.567144 1.820921 24.447349 -3.135224 8.518600 6947
Car -1 -1 -0.862500 676.357000 171.887000 758.857400 208.068500 1.585648 1.656170 4.026234 5.063427 1.577454 33.731758 -0.712482 7.112700 6943
Car -1 -1 -0.811800 650.597900 174.841800 706.924400 197.086900 1.498867 1.616234 4.007788 4.798085 1.664587 51.241791 -0.765169 4.034200 6942
Car -1 -1 1.819400 425.904400 179.699200 468.772300 205.461700 1.481071 1.644578 4.055586 -10.005984 1.984214 44.355894 1.596835 4.556400 6941
Car -1 -1 -0.824400 659.380800 173.343300 720.281300 199.979200 1.566966 1.625596 3.809882 4.952680 1.644816 44.801354 -0.761537 4.171400 6935
Car -1 -1 -1.475300 609.336200 165.983700 631.678300 183.363300 1.483042 1.605753 4.136291 0.893243 0.871935 63.546992 -1.482127 3.342900 6934
Car -1 -1 2.312500 0.000000 124.763800 175.954100 374.000000 2.240935 1.983229 5.883934 -7.288329 1.859392 5.484925 1.559911 -0.156000 6930
Car -1 -1 -1.045400 723.098900 169.319700 887.045500 249.958300 1.585938 1.683279 4.246979 4.420804 1.528188 16.150790 -0.783605 12.130200 6903
Car -1 -1 -1.284000 828.457000 118.411300 1108.191500 330.496900 1.958905 1.807603 4.722789 4.608583 1.465431 8.870348 -0.800233 11.155000 6873
Car -1 -1 -1.564900 589.149900 175.864300 670.865400 256.482000 1.599654 1.638980 3.616798 0.377547 1.663301 16.137597 -1.552093 13.665300 6632
