Car -1 -1 1.746800 495.767500 173.083200 519.073700 189.251200 1.478026 1.538823 3.835703 -9.624737 1.492733 67.777072 1.612509 -0.041500 6938
Car -1 -1 -0.887100 653.122600 171.926400 706.032900 193.415700 1.471753 1.592555 3.965362 4.953654 1.411928 51.373494 -0.807527 1.577200 6935
Car -1 -1 1.561100 609.820900 159.046800 627.000400 174.924900 1.474922 1.590161 3.948967 0.771189 0.182870 68.937074 1.591761 1.903000 6934
Car -1 -1 1.837800 377.311900 147.138500 481.014100 222.289000 2.626477 2.194080 7.094144 -7.192883 1.758231 29.449020 1.599443 5.515700 6930
Car -1 -1 -0.790800 663.791300 168.939800 733.371600 197.457900 1.541152 1.630812 3.909731 4.905317 1.308884 40.327660 -0.710984 4.514800 6927
Car -1 -1 -1.266500 879.085200 149.177200 1128.774600 322.071700 1.643682 1.628607 3.750471 4.887342 1.433470 8.784357 -0.763950 11.318700 6920
Car -1 -1 1.942900 288.207000 174.947900 370.927400 221.082300 1.670977 1.653865 4.037106 -10.809117 1.748324 27.901786 1.574546 11.351400 6909
Car -1 -1 -1.492700 1073.562600 162.904200 1241.000000 374.000000 1.466871 1.554044 3.817794 4.459005 1.449857 4.737600 -0.762721 4.215000 6905
Car -1 -1 -0.994000 682.752100 167.511400 802.722500 222.694700 1.596578 1.699699 4.325488 4.290744 1.443762 22.955940 -0.799779 9.207900 6903
Car -1 -1 2.056300 174.301100 171.429500 312.435500 236.102300 1.747413 1.755931 4.607511 -10.896498 1.732890 21.707749 1.589487 14.424300 6874
Car -1 -1 -1.091700 722.718600 143.046900 908.585600 249.744900 1.964697 1.826941 4.871969 4.592162 1.403880 15.669498 -0.807526 12.177700 6873
Car -1 -1 -1.580700 588.985600 169.091600 656.446400 235.896200 1.626791 1.647995 3.671759 0.274947 1.540458 19.379584 -1.571813 12.056600 6632
