Car -1 -1 1.854300 393.013000 181.780500 442.459500 211.004400 1.537859 1.634364 4.052321 -10.803445 2.007369 40.612252 1.591214 6.272800 6909
Car -1 -1 -1.027700 721.287400 177.836300 868.067100 244.204100 1.445012 1.619290 4.038090 4.542710 1.557654 17.576544 -0.770425 8.564700 6905
Car -1 -1 -0.877200 655.124500 176.143200 734.635800 208.165400 1.511507 1.619732 4.132344 4.233608 1.642859 35.513749 -0.737346 5.352700 6903
Car -1 -1 2.184000 0.000000 203.090700 227.491200 362.997400 1.484382 1.596423 3.813348 -6.767373 1.929810 9.194785 1.553021 12.411900 6884
Car -1 -1 1.893600 326.540800 179.636600 376.894100 207.451300 1.522343 1.603604 3.964950 -15.087953 1.895462 42.276960 1.544093 4.290600 6877
Car -1 -1 1.905600 343.128600 177.864200 415.174400 217.391100 1.717082 1.764635 4.659396 -10.921844 1.947094 34.279667 1.592403 9.439900 6874
Car -1 -1 -0.988700 668.020200 162.528900 772.780500 215.541300 1.944181 1.807755 4.747030 4.399477 1.521921 28.377817 -0.835722 10.249500 6873
Car -1 -1 -1.290300 893.837000 163.750300 1233.600300 374.000000 1.564371 1.654301 4.192406 4.585341 1.503129 7.059692 -0.719942 13.282300 6868
Car -1 -1 -1.095900 735.106800 175.712400 919.609200 262.269700 1.406905 1.595349 4.160922 4.228409 1.454075 13.774112 -0.792317 13.644000 6854
Car -1 -1 -1.580700 593.109300 174.357200 644.775700 225.359200 1.604019 1.646625 3.640354 0.238019 1.661649 24.708767 -1.573809 13.577500 6632
