Car -1 -1 -0.872300 666.671600 169.660800 740.491900 202.035300 1.567680 1.644728 3.935661 4.766083 1.406756 36.897048 -0.764317 6.195400 6943
Car -1 -1 -0.992500 648.542200 171.909100 694.613300 192.417500 1.517038 1.602649 3.966799 4.635449 1.478632 54.398825 -0.857947 1.103900 6942
Car -1 -1 -1.350500 434.969600 177.813800 472.372900 201.524600 1.478521 1.606940 4.013992 -10.294103 1.788512 47.547339 -1.549916 2.247900 6941
Car -1 -1 1.714500 489.310300 173.480800 513.638100 190.647200 1.482863 1.619938 3.968989 -9.624359 1.536454 64.242548 1.598071 1.061400 6938
Car -1 -1 -0.836100 655.503100 170.853700 710.191500 195.869500 1.551877 1.602635 3.710189 4.800669 1.421952 47.711203 -0.740158 1.030800 6935
Car -1 -1 1.591100 607.268500 161.268300 625.873200 178.183600 1.493044 1.608375 4.000972 0.661852 0.453662 65.833625 1.619322 1.086500 6934
Car -1 -1 1.980400 172.505800 135.093300 393.256600 266.093600 2.502878 2.127602 6.821293 -7.350256 1.813212 17.214040 1.584846 4.800800 6930
Car -1 -1 -1.465600 1069.251700 148.723500 1241.000000 374.000000 1.614104 1.625498 3.742494 4.801539 1.472107 5.140117 -0.746086 6.214000 6920
Car -1 -1 -1.049000 694.397200 166.468000 836.216000 234.719200 1.611976 1.723619 4.459532 4.277678 1.454411 19.379133 -0.831266 11.591300 6903
Car -1 -1 2.109400 77.545100 175.530700 255.207500 254.603000 1.734244 1.733696 4.467107 -10.874746 1.781524 17.913870 1.575631 10.390200 6874
Car -1 -1 -1.157800 756.183800 125.440800 985.844800 278.959800 2.036693 1.819481 4.759811 4.534316 1.413166 12.018492 -0.802011 9.965200 6873
Car -1 -1 -1.587700 586.266300 173.997500 661.271200 246.300800 1.585773 1.648447 3.755638 0.265186 1.582253 17.686278 -1.572643 11.986600 6632
