Car -1 -1 -1.505500 616.774900 164.523700 637.713800 181.942500 1.450210 1.575660 3.554283 1.505335 0.753769 61.663329 -1.478943 0.057000 6960
Car -1 -1 1.797500 436.191000 175.348100 474.647400 199.722800 1.494144 1.597142 3.927391 -9.919356 1.656787 46.465102 1.592602 4.621700 6955
Car -1 -1 1.815600 476.561700 172.675800 510.590800 193.851800 1.590170 1.667960 4.150204 -9.124269 1.592752 56.715851 1.655883 5.370000 6954
Car -1 -1 2.398200 0.000000 177.365100 63.177700 324.077000 1.738098 1.660124 4.389428 -10.751324 1.791499 10.709273 1.607074 7.463700 6952
Car -1 -1 2.140900 57.280600 177.282700 241.268400 258.657600 1.675901 1.687385 4.162852 -10.683897 1.781516 17.041954 1.587940 12.113000 6950
Car -1 -1 2.001500 239.782100 182.375700 345.381700 232.082100 1.451770 1.629066 4.125827 -10.442561 1.789066 23.917430 1.590883 10.874400 6948
Car -1 -1 -0.962800 686.074800 167.070900 780.312300 207.641200 1.522873 1.655917 4.160962 5.075449 1.330975 29.390178 -0.771593 9.672200 6943
Car -1 -1 -0.852700 654.274600 170.617100 711.492000 195.375200 1.581459 1.624401 3.874376 4.817997 1.407170 46.897032 -0.776343 3.808000 6942
Car -1 -1 1.937500 400.292800 175.383400 457.701900 203.806800 1.482771 1.656309 4.299598 -10.037578 1.645737 40.174325 1.672820 6.447300 6941
Car -1 -1 -0.859900 668.953400 169.994700 733.523900 198.636200 1.547129 1.591004 3.576988 5.076761 1.379215 40.293549 -0.735395 5.783100 6935
Car -1 -1 -1.159100 767.351700 162.772100 975.748900 278.064800 1.549317 1.651895 4.198506 4.383069 1.423481 11.744327 -0.800228 13.884900 6903
Car -1 -1 -1.580900 587.615300 168.750700 686.536400 268.999000 1.635533 1.636440 3.702409 0.437582 1.578933 13.703896 -1.553544 11.625400 6632
