Car -1 -1 1.765200 476.626600 176.367800 505.381900 195.004100 1.602107 1.724206 4.497708 -10.784767 1.904750 65.471392 1.598317 4.853100 6874
Car -1 -1 -0.976600 638.798100 168.120800 687.077900 189.535500 1.707839 1.728456 4.601610 4.408320 1.306104 59.790042 -0.885420 2.367300 6873
Car -1 -1 -0.831800 659.524400 173.818500 734.184300 204.732400 1.560518 1.654771 4.041831 4.638208 1.625891 38.441065 -0.707290 6.350900 6868
Car -1 -1 1.709300 497.401100 179.504800 529.997500 202.920300 1.469979 1.626147 3.849838 -6.447724 1.966133 48.401572 1.593307 6.117000 6866
Car -1 -1 -1.000200 716.005200 176.654200 870.054300 249.148300 1.496939 1.571483 4.040363 4.393203 1.596422 17.004159 -0.747010 7.683700 6865
Car -1 -1 -0.876300 681.984700 173.890600 787.609700 216.949000 1.528755 1.627011 4.280280 4.810644 1.576742 27.757972 -0.702126 7.991600 6860
Car -1 -1 -0.934000 648.499900 176.663900 708.289400 201.669500 1.469258 1.599153 4.170784 4.294498 1.710804 45.184423 -0.811993 6.425300 6854
Car -1 -1 -0.951400 698.821700 169.655000 828.987000 234.172100 1.662708 1.651211 3.915698 4.395997 1.564743 20.519428 -0.733574 9.258600 6852
Car -1 -1 -1.091600 740.688300 170.447300 922.143600 268.632400 1.571575 1.617842 3.930907 4.164961 1.529499 13.427971 -0.802266 11.441900 6838
Car -1 -1 -1.368800 960.280100 169.665800 1241.000000 374.000000 1.539322 1.643921 4.051144 4.844282 1.512152 6.562568 -0.741232 10.825000 6831
Car -1 -1 -1.223700 801.125000 177.757500 1037.138100 313.861900 1.456621 1.636030 4.158637 4.354170 1.534224 9.926966 -0.810063 11.185000 6815
Car -1 -1 -1.569900 595.218800 176.523500 637.732200 217.588700 1.562796 1.626261 3.651393 0.220979 1.719818 29.486288 -1.565970 12.584800 6632
