Car -1 -1 1.733800 476.225900 177.657500 510.925700 202.361900 1.483772 1.608204 3.843336 -7.445447 1.827686 45.850288 1.590607 7.007600 6884
Car -1 -1 -0.649100 1146.404600 158.874000 1241.000000 190.938400 1.544681 1.665036 4.208317 29.059343 0.843738 35.378004 0.039944 4.464200 6883
Car -1 -1 -1.221700 868.178600 173.368600 1130.769000 337.274800 1.505481 1.573518 3.425357 4.580545 1.521565 8.369085 -0.712531 10.992700 6878
Car -1 -1 1.762100 402.195700 173.871300 434.331700 194.978700 1.616434 1.688117 4.233312 -15.389429 1.750242 57.927325 1.512480 4.230800 6877
Car -1 -1 1.807500 426.220600 174.128100 468.223800 199.821500 1.680024 1.761059 4.757635 -11.269198 1.775288 49.999443 1.585371 8.808300 6874
Car -1 -1 -0.956600 641.857400 163.297200 712.288000 197.384100 1.959776 1.812882 4.855958 4.120014 1.453753 44.139573 -0.866897 7.571200 6873
Car -1 -1 -0.895500 689.408100 170.047700 812.145200 223.757600 1.522725 1.601313 4.022242 4.435798 1.471759 22.704789 -0.706605 12.557100 6868
Car -1 -1 1.977700 189.420700 186.263700 354.526300 279.967600 1.507959 1.570789 3.715276 -6.525693 1.832775 14.197835 1.553341 13.299100 6866
Car -1 -1 -1.080200 776.953100 165.842700 989.209900 277.337700 1.539711 1.627868 3.939293 4.578951 1.477274 11.941489 -0.713830 12.063200 6860
Car -1 -1 -0.926600 660.091700 176.217600 755.147100 214.008900 1.419030 1.644135 4.146235 4.005084 1.581071 29.533687 -0.791513 9.143400 6854
Car -1 -1 -1.452500 1038.280200 136.964900 1241.000000 374.000000 1.600386 1.622420 3.843587 4.311366 1.478948 4.589079 -0.696045 7.763300 6852
Car -1 -1 -1.597300 591.558900 173.392300 637.362800 217.489300 1.591041 1.660636 3.719594 0.073004 1.637856 28.094113 -1.584989 12.047800 6632
