Car -1 -1 1.747400 496.562700 173.599800 521.185200 190.627100 1.512186 1.580594 3.889024 -9.448206 1.584875 67.104191 1.609946 0.276100 6938
Car -1 -1 -0.942300 652.593800 171.542600 703.750600 193.294400 1.470049 1.590355 3.927574 4.836624 1.382844 50.687358 -0.832574 2.372300 6935
Car -1 -1 1.601500 608.106000 159.578600 626.372200 175.560600 1.474018 1.605379 4.032584 0.716629 0.222093 68.485891 1.604373 1.754300 6934
Car -1 -1 1.810600 362.669800 149.387800 463.541800 225.100500 2.558322 2.154414 6.827868 -7.255915 1.745935 27.316214 1.569318 3.832200 6930
Car -1 -1 -0.790800 663.791300 168.939800 733.371600 197.457900 1.541152 1.630812 3.909731 4.932420 1.286697 39.488626 -0.710984 4.514800 6927
Car -1 -1 -1.292300 899.987800 149.560800 1164.551800 335.929500 1.640541 1.621001 3.735038 4.879510 1.431225 8.122034 -0.759160 12.092600 6920
Car -1 -1 1.973300 277.401000 175.201500 367.332000 222.455600 1.653315 1.669029 4.096186 -10.820875 1.739446 27.261610 1.588176 11.250400 6909
Car -1 -1 -1.492700 1073.562600 162.904200 1241.000000 374.000000 1.466871 1.554044 3.817794 4.459256 1.444614 3.882251 -0.762721 4.215000 6905
Car -1 -1 -1.001600 685.062900 167.751300 807.883900 224.762200 1.597024 1.700936 4.292121 4.274204 1.448756 22.269234 -0.808012 8.990100 6903
Car -1 -1 2.074500 157.776300 176.034500 302.848100 238.307900 1.652290 1.730634 4.601386 -10.884711 1.707121 20.962156 1.594007 13.735800 6874
Car -1 -1 -1.096500 729.337300 139.355500 919.478000 250.114100 1.958086 1.807015 4.830024 4.585067 1.376643 14.983637 -0.804049 11.869200 6873
Car -1 -1 -1.583400 588.679200 173.218300 657.020900 236.814100 1.557144 1.636317 3.641871 0.265257 1.528781 19.027284 -1.570569 12.974000 6632
