Car -1 -1 1.798800 483.777700 176.380500 511.311400 193.427400 1.500071 1.642926 4.112206 -10.348210 1.834265 66.504029 1.625277 1.999100 6913
Car -1 -1 1.825700 407.035600 178.022500 449.782700 204.255400 1.484793 1.593495 3.836911 -10.912368 1.817600 43.497390 1.580573 7.100500 6909
Car -1 -1 -1.054100 704.757400 173.087900 829.298900 233.142500 1.520671 1.617650 4.123592 4.508163 1.523185 20.453108 -0.814915 6.416500 6905
Car -1 -1 -0.793000 651.720700 172.201900 729.496100 202.472000 1.513425 1.612053 4.230537 4.261492 1.470707 38.311823 -0.703732 4.954000 6903
Car -1 -1 1.963800 219.244300 189.576000 362.251600 268.928300 1.458165 1.582493 3.753880 -6.903909 1.865305 15.835329 1.557275 15.296300 6884
Car -1 -1 1.888000 344.546600 174.903800 390.118200 200.975400 1.537742 1.605348 3.858834 -15.149257 1.668542 45.141164 1.566180 5.458500 6877
Car -1 -1 1.883100 364.933000 174.679000 426.673500 209.837900 1.671760 1.717547 4.446074 -10.972787 1.757510 37.095543 1.602165 10.246100 6874
Car -1 -1 -0.993400 660.483100 158.716300 757.440800 208.178900 1.971369 1.822665 4.877399 4.325958 1.401240 31.237139 -0.850903 8.120100 6873
Car -1 -1 -1.153700 809.976800 171.982000 1062.462300 303.963500 1.474611 1.612441 4.100221 4.552166 1.444705 9.896795 -0.720470 12.957000 6868
Car -1 -1 -1.026400 712.695000 173.237700 865.312000 244.639700 1.443958 1.582001 4.005382 4.170380 1.454818 16.604150 -0.778291 10.996400 6854
Car -1 -1 -1.590800 593.320200 171.353800 643.513300 219.945600 1.603562 1.654679 3.654099 0.197091 1.554662 25.578523 -1.584677 11.686700 6632
