Car -1 -1 -1.067100 683.403100 175.959700 778.261700 223.958400 1.540037 1.606129 4.061306 4.358495 1.683826 25.886005 -0.828820 -0.332000 6865
Car -1 -1 -0.801200 665.112400 176.011900 746.597800 208.009000 1.546543 1.612636 4.255490 4.853515 1.699221 36.406474 -0.686512 3.005500 6860
Car -1 -1 -0.929100 641.608600 175.627300 692.699300 196.617600 1.496652 1.610596 4.202400 4.278477 1.731521 54.042607 -0.876778 2.687900 6854
Car -1 -1 -0.827800 672.571100 171.339100 772.610900 216.218700 1.683470 1.658448 4.121074 4.498304 1.636579 29.237597 -0.686354 4.510100 6852
Car -1 -1 -1.012400 686.723000 172.389400 803.886400 231.506600 1.638000 1.641117 4.022508 4.152037 1.638133 22.206568 -0.826361 9.345900 6838
Car -1 -1 -1.010300 751.888600 173.079600 923.040500 255.569400 1.543758 1.613944 3.940444 4.891676 1.546473 15.353854 -0.721305 8.596700 6831
Car -1 -1 -1.047700 703.129100 177.793300 842.900400 242.549700 1.457894 1.629899 4.187581 4.292142 1.608892 18.730211 -0.825166 10.047700 6815
Car -1 -1 2.366000 0.000000 193.695700 77.346500 318.751200 1.533662 1.577381 3.680230 -10.647346 1.925507 10.373724 1.612483 7.189400 6797
Car -1 -1 2.173800 9.328300 183.100500 223.867100 271.067600 1.596230 1.686977 4.405000 -10.585611 1.868830 15.889248 1.582297 14.515800 6793
Car -1 -1 -1.131300 793.534100 167.050700 985.310900 281.541600 1.551323 1.562610 3.501820 4.595902 1.487618 11.786531 -0.759201 12.617200 6788
Car -1 -1 -1.564100 594.730400 176.499500 635.719600 217.599800 1.599913 1.618967 3.521158 0.183039 1.752271 30.066804 -1.559365 11.451400 6632
