Car -1 -1 1.736700 458.999100 179.919800 500.395400 207.784900 1.468537 1.646027 3.939272 -7.432518 1.870012 41.137844 1.554937 6.060300 6884
Car -1 -1 -0.651600 1157.775500 160.871000 1241.000000 202.910000 1.790423 1.743628 4.519919 29.081168 1.225685 33.328281 0.047148 -0.448400 6883
Car -1 -1 -1.368700 971.081900 174.589600 1241.000000 374.000000 1.491573 1.570838 3.425296 4.616996 1.506063 6.334672 -0.733934 10.895600 6878
Car -1 -1 1.795300 396.078900 176.136000 428.566100 197.702900 1.602366 1.642022 4.052575 -15.255408 1.807743 55.793356 1.532847 4.399500 6877
Car -1 -1 1.807600 416.834500 175.183000 461.275900 203.065100 1.703884 1.773868 4.794066 -11.314914 1.853140 47.953236 1.577669 9.120200 6874
Car -1 -1 -0.965900 642.181100 162.804800 716.416800 199.190000 1.981213 1.826721 4.916887 4.061167 1.458066 42.107824 -0.872632 6.431200 6873
Car -1 -1 -0.944600 697.857700 172.813600 833.491900 229.657600 1.486723 1.626852 4.201401 4.500132 1.461199 20.759648 -0.725036 12.774600 6868
Car -1 -1 2.128400 0.000000 192.953900 263.353500 334.037600 1.481072 1.550662 3.627127 -6.455377 1.799591 9.841353 1.551758 14.582900 6866
Car -1 -1 -1.148600 818.594200 175.440000 1067.522000 307.667700 1.475275 1.611587 4.012714 4.635726 1.483969 9.930292 -0.714866 11.820000 6860
Car -1 -1 -0.979500 667.259700 175.864800 759.527100 216.399300 1.416508 1.614353 3.945884 3.962538 1.532061 27.412877 -0.821264 9.852000 6854
Car -1 -1 -1.586500 589.246600 174.297400 635.368300 219.480600 1.621765 1.654482 3.651658 0.020057 1.659750 27.769119 -1.586655 10.212300 6632
