Car -1 -1 -1.457000 615.605800 163.422700 639.334500 181.108600 1.461022 1.596269 3.742892 1.508454 0.713872 61.817236 -1.450358 -0.283300 6960
Car -1 -1 1.790100 436.217200 173.668700 475.044800 198.587200 1.511916 1.603543 3.954281 -9.881657 1.596487 46.158677 1.584690 4.925800 6955
Car -1 -1 1.825200 477.140300 174.337800 510.464600 193.949100 1.515592 1.639555 4.053788 -9.087340 1.580904 56.393025 1.662012 3.528000 6954
Car -1 -1 2.359400 0.000000 180.979600 48.577800 327.443300 1.688842 1.654300 4.280699 -10.710143 1.794360 10.438933 1.581442 6.525200 6952
Car -1 -1 2.152400 40.588900 175.829900 235.146000 261.284300 1.695492 1.693204 4.206020 -10.685368 1.779117 16.665186 1.584763 12.945700 6950
Car -1 -1 2.009300 233.220000 182.584600 341.613700 233.298300 1.453025 1.626059 4.125749 -10.427742 1.791880 23.533127 1.591944 10.466800 6948
Car -1 -1 -0.924400 687.568100 167.854300 781.800100 209.469800 1.548476 1.647069 4.088058 5.054587 1.358674 29.042936 -0.760040 8.488500 6943
Car -1 -1 -0.815700 655.600300 171.984000 717.691600 196.516600 1.542289 1.630602 4.004257 4.904764 1.442968 46.547520 -0.735136 5.142600 6942
Car -1 -1 1.864100 401.896400 175.469500 454.081300 204.273600 1.488228 1.653213 4.241998 -10.026219 1.641863 39.832358 1.638877 7.254500 6941
Car -1 -1 -0.877800 671.065700 170.143200 732.845700 199.572600 1.553909 1.570298 3.490347 5.082179 1.399488 39.897254 -0.745225 5.499400 6935
Car -1 -1 -1.172100 768.541600 162.555000 986.862300 283.070400 1.559875 1.667102 4.319019 4.384440 1.428335 11.435200 -0.805711 13.501700 6903
Car -1 -1 -1.608300 588.456000 178.272400 690.478700 272.152800 1.539717 1.639753 3.790288 0.420656 1.589783 13.500021 -1.568782 11.597000 6632
