Car -1 -1 1.795700 429.541400 183.759400 481.849100 217.288500 1.456695 1.621984 3.882859 -7.275938 1.964303 34.091337 1.588403 8.013100 6884
Car -1 -1 -1.502100 1144.984400 171.236300 1241.000000 374.000000 1.546434 1.583892 3.580565 4.655895 1.550133 3.320005 -0.704566 4.056100 6878
Car -1 -1 1.797000 382.055900 177.592300 418.030300 200.145700 1.557795 1.660886 4.038057 -15.384538 1.927159 53.040630 1.527561 4.003800 6877
Car -1 -1 1.845900 404.409300 177.519900 452.937600 206.282000 1.664074 1.740734 4.640661 -11.240032 1.947510 44.816650 1.587740 7.355300 6874
Car -1 -1 -0.995100 646.541200 167.155200 725.030000 204.390300 1.910249 1.828482 4.949206 4.138667 1.578608 39.092988 -0.862702 9.446700 6873
Car -1 -1 -0.969700 715.589700 175.241100 870.253300 240.630600 1.441767 1.622874 4.158998 4.526103 1.462951 17.745788 -0.720772 13.286800 6868
Car -1 -1 2.407400 0.000000 211.941600 83.425800 374.000000 1.468506 1.575778 3.804287 -6.356345 1.846410 3.290561 1.555964 5.809900 6866
Car -1 -1 -1.311000 917.136700 173.762800 1241.000000 374.000000 1.465153 1.608702 4.073628 4.671344 1.467062 6.957017 -0.719589 13.437500 6860
Car -1 -1 -0.927900 672.183600 178.200700 785.947600 224.761600 1.423203 1.635142 4.152631 4.056584 1.598170 24.443186 -0.783937 11.654300 6854
Car -1 -1 -1.591800 591.280200 173.456500 637.766500 220.804000 1.637609 1.644933 3.611419 0.079723 1.683281 27.313702 -1.585206 11.160300 6632
