Car -1 -1 -0.978900 665.519900 168.170900 736.945500 200.471200 1.565326 1.656374 4.044140 4.756570 1.356910 37.497143 -0.799146 4.588100 6943
Car -1 -1 -0.864700 644.527700 172.282500 696.432700 193.943200 1.564516 1.640197 4.057650 4.621622 1.570530 54.945006 -0.776292 -0.764200 6942
Car -1 -1 1.826900 435.370200 175.716500 475.157700 199.245900 1.493169 1.648733 4.092239 -10.326279 1.683323 48.120018 1.613731 7.231400 6941
Car -1 -1 1.859100 490.299100 173.093700 522.368100 190.178000 1.488527 1.645171 4.262707 -9.467341 1.525151 64.592107 1.683604 -0.544600 6938
Car -1 -1 -0.856500 652.617700 171.126800 709.265400 194.341600 1.484691 1.612722 3.876990 4.790120 1.343107 48.271593 -0.747533 3.835100 6935
Car -1 -1 -1.475600 607.898800 161.363300 629.129400 178.054400 1.485673 1.588756 4.048011 0.771862 0.398540 66.324112 -1.491491 0.499900 6934
Car -1 -1 1.965400 229.210900 148.635900 416.157300 258.610500 2.485530 2.108513 6.751059 -7.297949 1.845822 19.188864 1.596409 6.182100 6930
Car -1 -1 -1.480900 1026.581100 136.346600 1241.000000 374.000000 1.628672 1.645558 3.787466 4.803429 1.439570 5.702956 -0.783601 8.334600 6920
Car -1 -1 -1.036800 695.409800 166.433300 832.259900 229.854400 1.582811 1.710060 4.427062 4.326186 1.416158 19.953238 -0.826680 11.056500 6903
Car -1 -1 2.125000 90.004700 172.742700 264.876000 250.758500 1.760365 1.737249 4.516145 -10.881187 1.760067 18.438892 1.589434 12.362500 6874
Car -1 -1 -1.149000 755.613000 130.798400 971.888600 267.920400 1.963709 1.794210 4.707890 4.568895 1.367943 12.556350 -0.802189 10.187400 6873
Car -1 -1 -1.588200 588.442600 169.480800 662.817300 241.062700 1.591715 1.649493 3.730295 0.296084 1.527319 17.905466 -1.570932 12.715800 6632
