Car -1 -1 -0.902800 654.313600 174.702000 715.812200 200.936900 1.535549 1.638657 4.093189 4.678323 1.676139 45.021386 -0.779866 3.369700 6868
Car -1 -1 -1.670500 521.172500 182.495300 543.815200 200.830400 1.475553 1.556449 3.789422 -6.726212 2.314611 62.393392 -1.700945 0.207600 6866
Car -1 -1 -0.908600 685.192500 174.571300 805.158900 226.816700 1.545578 1.620857 4.175942 4.467473 1.617520 23.619292 -0.723218 4.477700 6865
Car -1 -1 -0.813000 670.629600 175.741300 757.032000 209.945200 1.525559 1.580661 4.291508 4.942916 1.610342 34.168500 -0.675787 3.686700 6860
Car -1 -1 -0.910500 643.407200 176.214800 697.857800 197.862700 1.479227 1.621200 4.276048 4.346505 1.712927 51.857255 -0.808741 4.201500 6854
Car -1 -1 -0.866000 673.725200 170.751900 779.205000 218.500000 1.663731 1.655249 4.076483 4.398545 1.595701 27.079470 -0.707268 6.941900 6852
Car -1 -1 -1.028700 694.129100 172.075900 821.506300 236.162600 1.605415 1.644237 3.966875 4.132786 1.585341 20.003848 -0.817022 10.413700 6838
Car -1 -1 -1.096800 775.496000 171.584400 968.350300 270.518600 1.539455 1.648956 4.000563 4.868530 1.517768 13.175715 -0.734953 10.159000 6831
Car -1 -1 -1.104900 719.882400 180.001600 871.326300 251.808900 1.405278 1.637185 4.202996 4.315776 1.579349 16.538551 -0.844412 10.630500 6815
Car -1 -1 2.238200 0.000000 181.195600 170.465000 286.336100 1.634945 1.687267 4.314052 -10.566349 1.837038 13.745625 1.581205 12.168900 6793
Car -1 -1 -1.200600 843.166200 171.068100 1068.496500 309.784100 1.509397 1.546866 3.457464 4.595097 1.476039 9.544428 -0.746645 12.348500 6788
Car -1 -1 -1.556700 594.896800 174.870900 637.517400 216.947000 1.620263 1.643675 3.697979 0.217322 1.716319 29.950403 -1.557834 11.576400 6632
