Car -1 -1 2.265300 0.000000 177.524300 161.633400 291.721000 1.757749 1.716273 4.407762 -10.744793 1.873561 13.573806 1.595234 11.922100 6952
Car -1 -1 -1.490200 552.784500 174.624600 580.128400 196.934000 1.502186 1.588366 3.939490 -2.964480 1.544835 49.149035 -1.550577 -0.846400 6951
Car -1 -1 2.070700 142.840600 180.744300 289.475100 249.247300 1.643255 1.670250 4.260840 -10.702651 1.854448 19.895756 1.580727 13.074000 6950
Car -1 -1 1.942200 282.623400 183.555000 369.431100 227.269100 1.438253 1.608449 4.022684 -10.456315 1.868686 26.841688 1.573483 9.870500 6948
Car -1 -1 2.415300 1170.716500 180.574400 1241.000000 229.356100 1.477970 1.606623 4.210388 20.482777 1.742462 22.837365 -3.126516 4.735500 6947
Car -1 -1 -0.936800 680.722200 170.806300 766.190500 207.125900 1.532944 1.650647 4.089008 5.089579 1.462099 32.291704 -0.757992 6.827600 6943
Car -1 -1 -0.953200 656.595600 173.582200 709.630600 196.316400 1.521258 1.620991 4.046978 5.011731 1.577452 49.766480 -0.849520 4.331500 6942
Car -1 -1 1.840100 417.779300 177.641300 465.181600 205.555900 1.533946 1.668336 4.264557 -9.989901 1.862372 42.995810 1.610928 4.178900 6941
Car -1 -1 -0.824200 665.728100 171.843200 726.897000 199.645900 1.570140 1.599300 3.654057 5.134113 1.550694 43.205324 -0.715668 3.773700 6935
Car -1 -1 -1.541000 613.638600 166.297400 633.766000 183.934300 1.481623 1.614110 4.051995 1.219766 0.861670 62.734232 -1.511599 1.776200 6934
Car -1 -1 -1.081400 734.329600 166.393400 907.546300 254.001500 1.538449 1.645855 4.192865 4.386829 1.443696 14.668038 -0.788113 12.315600 6903
Car -1 -1 -1.357600 875.287200 99.855700 1201.126100 374.000000 1.994305 1.816576 4.763497 4.597765 1.511473 7.343242 -0.793495 10.352000 6873
Car -1 -1 -1.566400 587.265200 174.608300 674.638000 261.463300 1.609242 1.640409 3.698604 0.387825 1.662274 15.316110 -1.549247 11.091000 6632
