Car -1 -1 1.844900 397.085000 178.393200 445.940400 208.249900 1.581157 1.646603 4.101545 -10.861737 1.919141 41.633481 1.585736 7.390000 6909
Car -1 -1 -0.992600 713.094300 176.351900 857.018700 242.514200 1.505384 1.614743 4.080951 4.535620 1.580104 18.519687 -0.762538 9.259300 6905
Car -1 -1 -0.814300 655.564400 174.372000 734.965700 208.223400 1.581498 1.625474 4.109668 4.300327 1.636760 36.365480 -0.698643 5.307000 6903
Car -1 -1 2.092300 39.181600 194.118700 284.922900 319.051800 1.512507 1.594356 3.791582 -6.818006 1.917551 11.367529 1.551276 14.115900 6884
Car -1 -1 1.849300 334.962800 178.261500 382.120400 205.448700 1.532930 1.606361 3.953057 -15.062441 1.822295 43.223557 1.533566 3.735000 6877
Car -1 -1 1.878600 351.628100 176.596600 416.072800 215.196800 1.721908 1.739125 4.428981 -10.967971 1.897478 35.184622 1.583346 12.296700 6874
Car -1 -1 -0.983900 665.657700 159.827900 769.483400 213.575500 1.990587 1.831952 4.842867 4.410642 1.482875 29.317398 -0.836082 10.418600 6873
Car -1 -1 -1.247300 865.634700 164.961700 1163.015900 354.324000 1.547496 1.620646 4.106983 4.578211 1.488375 7.987701 -0.725673 12.388800 6868
Car -1 -1 -1.068800 728.050600 175.194800 899.029800 256.028200 1.434743 1.578602 4.037016 4.220287 1.464367 14.725157 -0.782150 14.205300 6854
Car -1 -1 -1.584900 593.215200 175.104000 644.977100 224.762600 1.600975 1.666404 3.703869 0.232615 1.660920 25.055716 -1.578194 12.222500 6632
