Car -1 -1 -0.992700 724.925500 170.602700 859.235700 236.910800 1.626651 1.642586 3.940646 4.966422 1.569155 19.620377 -0.750849 6.547100 6920
Car -1 -1 1.851600 420.993100 180.312000 463.593000 205.566500 1.480189 1.611774 3.938539 -10.599586 1.992496 45.707973 1.606684 2.755700 6918
Car -1 -1 1.862200 382.596000 179.773900 434.217500 211.025900 1.546370 1.624262 3.941801 -10.791159 1.986635 38.779291 1.588739 6.809900 6909
Car -1 -1 -1.094000 737.629200 176.165100 891.441900 257.388700 1.514696 1.602512 3.959440 4.511061 1.609020 15.698899 -0.798753 8.494600 6905
Car -1 -1 -0.849500 659.539300 172.479500 745.096000 207.665200 1.552946 1.624105 4.189149 4.295063 1.591834 33.735583 -0.727340 6.377200 6903
Car -1 -1 2.310600 0.000000 211.440100 139.172000 374.000000 1.459795 1.584048 3.928396 -6.690412 1.930659 4.703841 1.550845 10.392600 6884
Car -1 -1 1.894100 315.227500 178.642900 367.369700 207.231600 1.494107 1.603228 3.903063 -15.011735 1.863175 40.383939 1.556393 2.456800 6877
Car -1 -1 1.927900 328.140100 176.606000 404.074700 218.124200 1.714498 1.740620 4.594434 -10.883971 1.919689 32.413766 1.602559 12.517700 6874
Car -1 -1 -0.989700 674.218200 159.328600 790.744300 218.355600 1.979171 1.833460 4.929547 4.533185 1.538965 26.590987 -0.826570 11.473100 6873
Car -1 -1 -1.395300 1012.457000 163.966300 1241.000000 374.000000 1.562421 1.628279 4.007094 4.542188 1.527049 5.129061 -0.685573 7.286600 6868
Car -1 -1 -1.138500 759.321000 178.036600 963.385000 281.766500 1.401630 1.576614 4.118819 4.232939 1.480253 11.893924 -0.798509 12.324300 6854
Car -1 -1 -1.583100 592.893300 173.070900 646.840000 226.678000 1.648129 1.661892 3.590504 0.258192 1.674581 24.052696 -1.572346 13.005000 6632
