Car -1 -1 -0.897300 637.925300 172.653800 683.659200 193.253400 1.810089 1.734286 4.417611 4.629882 1.791855 65.119229 -0.796963 -0.353500 6873
Car -1 -1 -1.008800 657.820500 174.183300 714.812400 200.987400 1.543938 1.621097 3.985490 4.647257 1.628501 43.935852 -0.856784 2.719300 6868
Car -1 -1 1.705500 520.903200 179.272700 546.172800 198.200700 1.485669 1.561432 3.996848 -6.483143 2.119231 60.297478 1.539325 2.917600 6866
Car -1 -1 -0.949700 690.609200 175.023900 810.534600 229.086800 1.535083 1.602833 4.124671 4.432260 1.599452 22.538877 -0.743668 5.697200 6865
Car -1 -1 -0.851100 671.986000 175.072400 759.048900 210.280700 1.515258 1.589280 4.224288 4.877979 1.602383 33.098336 -0.694284 4.500800 6860
Car -1 -1 -0.947700 644.080900 174.863300 697.788100 197.216200 1.486565 1.619037 4.219777 4.313560 1.654356 50.669256 -0.842399 3.530600 6854
Car -1 -1 -0.837400 678.574500 170.794900 788.859900 219.745200 1.644120 1.642796 4.044417 4.429551 1.567618 25.961326 -0.682628 8.252100 6852
Car -1 -1 -1.044500 701.157900 171.246900 830.622500 238.389700 1.583466 1.629381 3.847486 4.107687 1.546524 18.853177 -0.825228 11.068900 6838
Car -1 -1 -1.099200 795.978200 171.622100 1005.441800 280.105300 1.527369 1.644533 3.923023 4.877662 1.503566 12.034979 -0.721447 11.159600 6831
Car -1 -1 -1.119000 728.684900 180.016900 883.514500 257.135100 1.394538 1.607838 4.080257 4.269502 1.563808 15.421601 -0.847989 11.863700 6815
Car -1 -1 2.270500 0.000000 183.841400 131.911500 298.473700 1.629788 1.666645 4.061059 -10.522655 1.840521 12.612962 1.576876 11.226400 6793
Car -1 -1 -1.246500 871.119800 167.272000 1125.813500 331.888000 1.517804 1.563945 3.491725 4.601609 1.470541 8.456843 -0.747235 12.466600 6788
Car -1 -1 -1.573900 594.968200 175.744500 637.319300 216.284000 1.582462 1.644061 3.669686 0.210341 1.693899 29.880091 -1.563561 11.577600 6632
