Car -1 -1 1.805800 442.358900 177.571600 479.976000 201.264300 1.522365 1.605253 3.932963 -9.889176 1.791381 47.956898 1.587422 0.637300 6955
Car -1 -1 1.815500 480.178300 175.116600 511.960600 194.549400 1.525051 1.642031 4.056314 -9.209878 1.687078 58.407156 1.655446 3.435100 6954
Car -1 -1 2.306900 0.000000 178.730100 123.483700 309.143100 1.748309 1.723484 4.515157 -10.718553 1.864299 12.183786 1.590006 10.308700 6952
Car -1 -1 2.104100 108.944300 179.216100 268.528400 253.179300 1.643873 1.663783 4.114537 -10.675719 1.815736 18.553966 1.586400 13.208500 6950
Car -1 -1 1.976100 265.116400 182.446000 359.531400 227.936400 1.427755 1.615331 4.093112 -10.430197 1.783197 25.493050 1.586045 10.392200 6948
Car -1 -1 -0.905500 685.308800 169.019800 772.525500 206.719200 1.506752 1.628225 3.921437 5.086252 1.366573 30.857492 -0.766419 8.728600 6943
Car -1 -1 -0.879200 656.648300 172.389800 712.499900 195.474200 1.510016 1.602392 3.911413 4.998277 1.475056 48.377171 -0.766266 3.455400 6942
Car -1 -1 1.864800 411.015100 173.229300 461.891900 202.472500 1.565229 1.682998 4.330964 -10.002978 1.668147 41.822778 1.619673 7.748600 6941
Car -1 -1 -0.877200 667.431700 169.911500 727.399100 198.233500 1.586860 1.585214 3.553666 5.069297 1.437009 41.817905 -0.767751 4.873200 6935
Car -1 -1 -1.097900 747.045800 168.612100 941.010200 265.435600 1.517065 1.639342 4.234158 4.419730 1.444767 13.344221 -0.787464 13.496300 6903
Car -1 -1 -1.446000 943.970400 92.302900 1241.000000 374.000000 1.917496 1.784145 4.619135 4.518247 1.476995 5.983526 -0.800037 8.764200 6873
Car -1 -1 -1.589400 588.773800 170.201900 682.602400 263.692900 1.627827 1.651669 3.689566 0.405341 1.597901 14.570825 -1.566423 12.626700 6632
