Car -1 -1 1.807800 506.908200 177.760900 537.403300 196.366300 1.487649 1.627037 4.029157 -7.359653 1.919333 60.670319 1.664711 4.121900 6884
Car -1 -1 -0.570500 1068.972200 163.165400 1168.840700 196.017900 1.808105 1.751470 4.378523 29.194947 1.352869 41.548429 0.036667 1.576100 6883
Car -1 -1 -0.960400 756.875700 174.058100 936.377500 261.850100 1.541869 1.595607 3.748129 4.732218 1.588898 14.551535 -0.661372 4.856700 6878
Car -1 -1 1.720700 424.468200 175.611200 450.632000 193.666000 1.551344 1.674850 4.151124 -15.355786 1.825800 64.375199 1.499254 3.053200 6877
Car -1 -1 1.767700 450.103100 177.185600 483.203500 198.614400 1.564803 1.684481 4.359145 -11.086951 1.861876 56.084812 1.581630 6.152400 6874
Car -1 -1 -0.863900 638.800700 165.186700 699.180900 189.516600 1.663240 1.716412 4.531095 4.136755 1.151993 50.195225 -0.804866 3.380400 6873
Car -1 -1 -0.890500 672.770000 172.315400 768.991800 214.345400 1.563152 1.644915 3.971370 4.448120 1.552183 28.853433 -0.729310 9.501000 6868
Car -1 -1 1.805900 405.626300 183.498900 469.113500 224.426600 1.435194 1.547814 3.733759 -6.577800 1.867322 27.641287 1.571546 11.535800 6866
Car -1 -1 -1.267700 869.442900 175.200900 1176.682200 373.173000 1.480525 1.603734 4.003057 4.333621 1.527977 7.413116 -0.741478 11.956300 6865
Car -1 -1 -0.934300 719.154000 175.977500 867.793900 241.240200 1.479613 1.627567 3.992060 4.618599 1.552135 18.173275 -0.695479 10.472100 6860
Car -1 -1 -0.923700 654.056000 177.654800 727.721000 209.136200 1.444048 1.603611 3.931137 4.031488 1.683152 35.589132 -0.795168 6.298100 6854
Car -1 -1 -1.098000 781.957700 168.266200 1013.578100 295.369500 1.593622 1.636889 3.953199 4.399328 1.530898 10.897170 -0.711356 12.306200 6852
Car -1 -1 -1.661400 1160.559200 125.557400 1241.000000 374.000000 1.596184 1.637670 3.920424 4.062986 1.498828 3.751751 -0.816666 3.334900 6838
Car -1 -1 -1.601300 593.621000 174.354800 638.418900 218.002600 1.598291 1.653544 3.767299 0.144879 1.685357 28.735894 -1.587559 11.740500 6632
