Car -1 -1 -1.498500 618.035800 163.901400 639.494400 181.404300 1.457858 1.588746 3.678466 1.562987 0.710814 61.712217 -1.474790 2.396100 6960
Car -1 -1 1.818200 437.627800 175.384300 477.451800 199.814100 1.502791 1.621480 3.948736 -9.906437 1.676568 46.948736 1.601989 4.464600 6955
Car -1 -1 1.802500 478.863900 173.830300 511.338600 194.496400 1.571675 1.645888 4.119142 -9.115802 1.632015 57.134995 1.655695 7.127900 6954
Car -1 -1 2.368800 0.000000 173.573900 76.350800 320.097000 1.796992 1.675695 4.356142 -10.749172 1.816763 11.071223 1.598781 7.842100 6952
Car -1 -1 2.156000 67.896300 176.268100 251.994700 257.276500 1.690141 1.695452 4.196590 -10.664419 1.790368 17.391715 1.598361 11.845700 6950
Car -1 -1 2.000400 243.024700 182.298400 348.374400 231.027500 1.447677 1.634513 4.102895 -10.439353 1.785047 24.221825 1.591179 9.601000 6948
Car -1 -1 -0.892800 687.484700 169.592900 779.946700 208.406100 1.497588 1.642676 4.020618 5.111582 1.357276 29.734204 -0.736795 9.079400 6943
Car -1 -1 -0.937400 656.929800 168.539300 714.303800 195.404400 1.643094 1.656978 4.017566 4.966677 1.414594 47.298327 -0.818127 0.617300 6942
Car -1 -1 1.885500 404.186700 176.095500 456.728200 204.259600 1.487417 1.655839 4.231960 -10.033210 1.682844 40.543261 1.640491 7.634400 6941
Car -1 -1 -0.850000 668.299800 169.284200 729.632100 198.509000 1.570960 1.576611 3.469855 5.022765 1.387206 40.563204 -0.737167 3.700000 6935
Car -1 -1 -1.141200 763.679500 166.207400 968.136800 273.929900 1.534296 1.641855 4.213564 4.396755 1.428555 12.100510 -0.792345 13.425000 6903
Car -1 -1 -1.471200 989.237900 79.243300 1241.000000 374.000000 1.820843 1.754951 4.613150 4.417067 1.418872 4.627290 -0.802232 6.223000 6873
Car -1 -1 -1.588600 588.578500 169.850200 687.821800 266.894100 1.607270 1.642653 3.750802 0.438280 1.569890 13.881942 -1.560250 12.966400 6632
