Car -1 -1 1.771300 474.066500 174.637700 503.674500 194.178500 1.649321 1.738479 4.534352 -10.811043 1.860487 64.598550 1.602633 4.540000 6874
Car -1 -1 -0.946600 639.075100 168.896500 689.087100 190.663500 1.704725 1.726382 4.571565 4.405119 1.342090 58.734823 -0.876816 2.648500 6873
Car -1 -1 -0.788700 659.481300 174.109000 739.251100 205.351200 1.540483 1.658065 4.108560 4.626062 1.601158 37.368600 -0.681524 7.464500 6868
Car -1 -1 1.723300 490.401700 179.502300 524.326500 203.849300 1.460536 1.602571 3.811125 -6.505057 1.909242 46.054303 1.586504 7.942000 6866
Car -1 -1 -1.035500 719.167600 177.507800 882.427100 255.256500 1.485852 1.605238 4.076417 4.310852 1.592378 15.955220 -0.763814 7.704100 6865
Car -1 -1 -0.906500 683.513100 173.755700 791.260900 218.810200 1.533665 1.640601 4.273494 4.756878 1.567654 26.705549 -0.720033 8.254000 6860
Car -1 -1 -0.851600 646.327500 175.281300 711.202000 200.518700 1.462795 1.608453 4.158001 4.240217 1.642955 44.094080 -0.777696 4.921200 6854
Car -1 -1 -0.933400 701.485700 169.284300 840.121900 235.498300 1.631307 1.642614 3.919778 4.366988 1.534547 19.454465 -0.721106 9.622200 6852
Car -1 -1 -1.152800 753.054400 167.799700 942.821500 277.652000 1.570787 1.631845 3.871695 4.131859 1.505531 12.304301 -0.819283 11.669400 6838
Car -1 -1 -1.462000 1037.323200 174.696200 1241.000000 374.000000 1.548146 1.624563 3.947967 4.776295 1.549182 5.495154 -0.747393 10.082400 6831
Car -1 -1 -1.272000 831.304700 176.984600 1082.796600 334.074300 1.457720 1.628657 4.088158 4.357192 1.522449 8.837823 -0.812496 12.523200 6815
Car -1 -1 -1.570900 594.667900 174.578600 638.334400 217.052100 1.591166 1.649338 3.768515 0.220921 1.694955 29.425674 -1.564443 11.814200 6632
