Car -1 -1 1.389200 671.723200 155.610300 699.031300 175.148500 1.559116 1.600668 3.880187 6.133531 0.168438 60.516234 1.817761 1.471600 6945
Car -1 -1 -0.881400 668.038100 173.384400 743.545800 205.937400 1.547068 1.638052 3.967221 4.761575 1.539830 35.844760 -0.748948 6.542700 6943
Car -1 -1 -0.829400 646.953600 175.270600 700.390200 197.964700 1.565545 1.619840 4.074134 4.639245 1.728860 53.190933 -0.787853 0.206500 6942
Car -1 -1 1.840200 429.242900 178.652600 472.143600 203.558600 1.505602 1.657660 4.071922 -10.216620 1.879719 46.281513 1.641652 5.097800 6941
Car -1 -1 -1.131700 485.233100 178.733600 521.950000 196.590600 1.492125 1.629505 4.087041 -9.364271 1.917319 63.072544 -1.329324 1.857000 6938
Car -1 -1 -0.998200 658.084900 173.865700 712.593900 197.707900 1.503244 1.610881 3.891381 4.843180 1.517280 46.762644 -0.838222 3.626200 6935
Car -1 -1 -1.531600 609.609900 165.389700 628.836900 182.227400 1.475067 1.589652 3.850337 0.793440 0.750447 64.807563 -1.519687 1.670700 6934
Car -1 -1 2.095800 20.092200 125.027200 352.425700 309.040100 2.518651 2.106327 6.666773 -7.242706 1.883920 13.357693 1.600293 6.396500 6930
Car -1 -1 -1.518600 1125.487400 155.504500 1241.000000 374.000000 1.600814 1.625376 3.894040 4.818929 1.509534 3.900065 -0.729346 6.464000 6920
Car -1 -1 -1.030300 703.469100 169.457400 851.564000 240.791700 1.596738 1.709399 4.335972 4.297406 1.504421 18.269929 -0.805486 11.678700 6903
Car -1 -1 2.193400 53.053900 178.460600 245.467500 257.372000 1.672784 1.684194 4.432122 -10.925539 1.787713 16.663584 1.612138 9.208800 6874
Car -1 -1 -1.193200 778.029200 127.673300 1022.709000 290.590900 1.983142 1.816236 4.777565 4.551147 1.424346 10.911737 -0.798280 11.235600 6873
Car -1 -1 -1.576600 586.223800 170.764300 664.339600 248.544900 1.642177 1.659650 3.725625 0.290631 1.606495 17.199561 -1.560010 11.894400 6632
