Car -1 -1 -3.781800 1106.834200 184.836700 1241.000000 227.474900 1.465506 1.619577 4.244140 20.531101 1.893803 26.001920 -3.115191 5.783600 6947
Car -1 -1 1.223900 665.163800 156.322200 699.216800 175.209100 1.535029 1.601437 3.868967 6.057211 0.204848 60.222412 1.508836 -0.622400 6945
Car -1 -1 -0.905900 667.702400 171.970000 748.263800 206.730400 1.587137 1.661938 4.132290 4.809834 1.576309 35.467549 -0.762330 4.923000 6943
Car -1 -1 -0.986000 650.022600 174.936100 698.712700 197.280200 1.564405 1.622102 4.026090 4.702482 1.749901 52.852281 -0.855250 3.671100 6942
Car -1 -1 1.804600 430.417600 180.230800 471.892800 205.097600 1.482486 1.664421 4.100709 -10.115503 1.950475 45.839278 1.608802 7.479400 6941
Car -1 -1 -1.131700 485.233100 178.733600 521.950000 196.590600 1.492125 1.629505 4.087041 -9.344792 1.969258 62.476880 -1.329324 1.857000 6938
Car -1 -1 -0.819200 656.864200 174.330000 715.917500 200.206200 1.555379 1.621585 3.823780 4.878638 1.633473 46.272950 -0.761325 3.587100 6935
Car -1 -1 1.584900 608.407400 164.453200 627.382200 181.650000 1.485530 1.624362 4.129902 0.743583 0.775880 64.584190 1.605448 2.153300 6934
Car -1 -1 2.148200 0.000000 122.269300 302.801900 330.685100 2.451254 2.076768 6.265995 -7.237795 1.850087 11.338196 1.588740 5.550400 6930
Car -1 -1 -1.067100 707.508400 168.992000 858.317600 243.626600 1.613463 1.704393 4.397484 4.334447 1.528711 17.788481 -0.819771 12.610300 6903
Car -1 -1 -1.199200 791.148000 125.927600 1046.536400 310.431200 2.059258 1.823074 4.696748 4.602336 1.520531 10.409688 -0.789949 11.218300 6873
Car -1 -1 -1.598600 588.526600 178.862200 665.875700 252.658700 1.559746 1.632611 3.751938 0.290308 1.646483 16.935955 -1.573353 11.710400 6632
