Car -1 -1 2.029400 288.783300 176.761000 355.003400 210.503600 1.578649 1.596840 3.739099 -14.535385 1.798752 36.485841 1.656140 3.470800 6969
Car -1 -1 -1.491500 620.852800 167.758100 642.470300 184.877600 1.455651 1.597239 3.898522 1.940763 1.004884 63.199180 -1.460701 4.207100 6960
Car -1 -1 1.812600 426.879800 177.585500 468.260100 204.045200 1.532761 1.603223 3.884940 -9.937945 1.823456 44.073272 1.595545 6.644500 6955
Car -1 -1 1.899400 467.330400 178.103500 505.797000 198.710300 1.476600 1.636407 4.163966 -9.272534 1.857651 54.408940 1.708309 5.576200 6954
Car -1 -1 2.216300 0.000000 182.115600 188.439700 279.538900 1.651757 1.673233 4.288935 -10.706089 1.838976 14.544272 1.580951 12.545500 6950
Car -1 -1 2.013500 197.535000 187.496400 315.881300 243.448000 1.432232 1.602806 3.981941 -10.448190 1.892519 21.520781 1.568828 9.472500 6948
Car -1 -1 -0.921100 693.756500 171.358500 792.066200 214.783200 1.541522 1.624079 3.881934 4.989488 1.474188 26.960555 -0.741324 11.077100 6943
Car -1 -1 -0.906500 657.009500 172.948600 718.655900 197.804900 1.483324 1.615264 3.967682 4.781629 1.497803 44.535382 -0.797058 2.629700 6942
Car -1 -1 1.864400 389.906000 179.158800 447.317100 210.027100 1.487599 1.683254 4.411668 -10.054530 1.865167 37.994299 1.614281 8.588100 6941
Car -1 -1 -0.951800 670.527700 173.868500 737.208000 204.635800 1.520837 1.594929 3.708291 4.986013 1.572800 37.993185 -0.817706 6.079700 6935
Car -1 -1 -1.257000 815.779600 165.477400 1057.153700 319.484200 1.561418 1.657259 4.155765 4.406898 1.503050 9.433928 -0.814675 12.524800 6903
Car -1 -1 -1.603200 582.386600 171.499800 697.789400 288.463200 1.668532 1.665396 3.762982 0.390746 1.662675 12.313182 -1.570140 11.696800 6632
