Car -1 -1 1.806900 450.641400 179.684600 498.128300 210.763400 1.518637 1.633959 3.975568 -7.337956 1.909262 38.839580 1.596260 6.027600 6884
Car -1 -1 -0.723500 1197.258200 161.270900 1241.000000 202.564200 1.800682 1.706414 4.040661 28.970771 1.288378 32.369740 0.017228 1.351600 6883
Car -1 -1 -1.455200 1034.433300 177.161900 1241.000000 374.000000 1.527559 1.587440 3.489574 4.613488 1.560080 5.394670 -0.745285 7.384200 6878
Car -1 -1 1.782400 391.242800 177.701700 425.047000 198.875700 1.553130 1.654740 4.058585 -15.316942 1.871526 54.854333 1.518727 3.694200 6877
Car -1 -1 1.805000 413.977200 175.584500 459.027400 204.566600 1.744499 1.776545 4.807684 -11.271782 1.921288 46.915452 1.572867 8.093400 6874
Car -1 -1 -0.964300 643.546200 165.397100 719.383900 201.324100 1.947028 1.822938 4.921159 4.084101 1.500859 41.117267 -0.867792 6.307000 6873
Car -1 -1 -0.935300 698.313400 169.467400 846.976100 233.442200 1.538562 1.644186 4.356712 4.498257 1.474822 19.767334 -0.716856 12.430000 6868
Car -1 -1 2.243700 0.000000 200.695400 185.584100 374.000000 1.472560 1.539499 3.628223 -6.422329 1.819179 7.677365 1.551537 10.441700 6866
Car -1 -1 -1.169900 843.445200 166.452100 1121.791800 319.024000 1.486044 1.600532 4.042124 4.677798 1.446065 8.931857 -0.697335 11.368100 6860
Car -1 -1 -0.976800 668.001200 176.577000 770.175700 218.660800 1.408530 1.629586 4.109426 4.007826 1.540338 26.476112 -0.824067 11.938700 6854
Car -1 -1 -1.577400 590.242600 174.938200 636.042500 219.357700 1.593542 1.643369 3.696182 0.042661 1.659940 27.651847 -1.579637 12.473000 6632
