Car -1 -1 1.822500 466.935100 158.989600 526.704100 202.366600 2.552151 2.105031 6.507171 -6.874962 1.690852 44.532852 1.656346 1.288600 6930
Car -1 -1 1.919400 253.996200 173.246200 301.972500 197.948600 1.509866 1.577849 3.703123 -21.196449 1.543878 46.105161 1.515791 1.130000 6929
Car -1 -1 -0.882300 653.866100 171.234000 713.977000 196.447200 1.535312 1.635277 3.966226 4.710533 1.421928 45.906486 -0.773182 2.197900 6927
Car -1 -1 -1.101900 769.027800 161.442000 938.621100 254.957000 1.591852 1.608167 3.784727 4.825277 1.393256 14.197755 -0.776451 8.324500 6920
Car -1 -1 1.807900 404.388700 178.971200 448.351900 206.334400 1.471947 1.606373 3.852026 -10.483663 1.768336 40.440864 1.566020 2.881300 6918
Car -1 -1 1.907300 343.228300 175.723700 409.619000 213.872600 1.622197 1.654399 4.121289 -10.771737 1.775838 33.418718 1.592565 10.803600 6909
Car -1 -1 -1.196400 812.089900 173.605200 1032.351200 296.409600 1.429057 1.579403 3.749016 4.490956 1.443800 10.227419 -0.784162 11.703100 6905
Car -1 -1 -0.872600 667.354600 168.290600 767.196200 210.291200 1.549693 1.641770 4.140076 4.271711 1.381454 28.309130 -0.737840 6.156600 6903
Car -1 -1 1.968700 266.470900 172.526700 367.548600 223.982500 1.729874 1.770661 4.780868 -10.865562 1.741925 27.069295 1.590453 12.060100 6874
Car -1 -1 -1.036800 689.328000 148.510600 830.771000 226.655200 2.023844 1.842026 4.844564 4.488810 1.387871 21.105559 -0.832302 10.392400 6873
Car -1 -1 -1.358900 908.846600 176.399100 1227.293000 374.000000 1.416708 1.585733 3.966278 4.273116 1.447259 6.491313 -0.789780 13.662800 6854
Car -1 -1 -1.583000 591.956000 169.908800 652.052300 227.843500 1.597849 1.651328 3.662444 0.280671 1.515725 21.871918 -1.571001 12.860200 6632
