Car -1 -1 1.909900 373.069700 177.023600 419.006300 200.756000 1.468174 1.623243 3.948329 -14.109886 1.764305 47.598454 1.597475 3.432500 6967
Car -1 -1 1.893700 523.062500 172.769100 551.931800 188.853200 1.473457 1.583009 3.871791 -6.849395 1.424694 67.897694 1.759083 -0.721700 6965
Car -1 -1 -1.503400 621.047400 166.788000 642.686400 184.036700 1.452853 1.612876 3.909720 1.875329 0.891466 62.346047 -1.485015 3.885400 6960
Car -1 -1 1.827400 426.843400 176.040300 469.412700 202.621100 1.605004 1.629070 3.989161 -10.035477 1.753049 44.882694 1.600614 6.610600 6955
Car -1 -1 1.771100 473.991300 174.727400 506.586800 194.966600 1.514469 1.644750 4.165322 -9.172586 1.592525 55.091755 1.651594 5.946900 6954
Car -1 -1 2.188500 0.000000 179.254300 205.021700 270.815600 1.644362 1.676803 4.129506 -10.707103 1.797132 15.394243 1.580132 12.385000 6950
Car -1 -1 2.005000 211.440600 182.815800 327.892500 237.213200 1.459860 1.629326 4.238070 -10.429487 1.782634 22.325838 1.572404 10.423300 6948
Car -1 -1 -0.948100 690.316400 169.423300 788.136800 212.351900 1.542533 1.644950 4.066948 5.030513 1.405578 27.876683 -0.766881 9.725300 6943
Car -1 -1 -1.046000 658.637300 173.363300 710.862600 197.597100 1.456417 1.593630 3.864894 4.750263 1.428647 45.399301 -0.869700 2.739800 6942
Car -1 -1 1.901800 392.786400 179.149700 449.396900 208.943800 1.486325 1.658059 4.275537 -10.065428 1.788865 38.628885 1.643865 5.735700 6941
Car -1 -1 -0.984100 673.084400 172.758900 734.268200 202.841400 1.522881 1.576814 3.575466 5.009641 1.487584 38.699932 -0.810837 4.441200 6935
Car -1 -1 -1.216000 791.774400 166.003200 1024.950300 303.208700 1.557856 1.657351 4.206928 4.393594 1.463469 10.250515 -0.808005 13.714900 6903
Car -1 -1 -1.595400 585.279700 176.034200 693.663300 280.454000 1.608372 1.650045 3.716032 0.414989 1.620551 12.800878 -1.560987 12.124000 6632
