Car -1 -1 1.671900 474.068500 174.560800 498.116700 193.505200 1.613585 1.699309 4.221224 -10.806895 1.777316 63.201669 1.540438 4.375600 6874
Car -1 -1 -0.962300 636.548800 169.078000 689.199800 191.366400 1.707243 1.749199 4.725788 4.293513 1.376000 57.719977 -0.884161 2.940400 6873
Car -1 -1 -0.837200 660.678600 173.746900 739.387200 207.682700 1.582581 1.666986 4.045051 4.551210 1.632578 36.254691 -0.701039 6.838000 6868
Car -1 -1 1.757500 482.760800 180.233500 520.304600 206.440300 1.472380 1.598386 3.715438 -6.532760 1.921807 43.665313 1.600160 6.955900 6866
Car -1 -1 -1.019600 735.520600 174.028400 908.314600 259.649400 1.509800 1.589764 3.974616 4.352463 1.562454 14.816581 -0.743967 8.506400 6865
Car -1 -1 -0.884300 686.049600 173.182200 801.200600 220.984400 1.551548 1.661923 4.292039 4.755520 1.566591 25.630077 -0.708023 6.823100 6860
Car -1 -1 -0.840500 646.999800 174.042100 714.860800 199.703700 1.457297 1.625787 4.196689 4.241781 1.561639 43.059847 -0.755820 6.088900 6854
Car -1 -1 -0.945300 707.505300 167.586300 856.469100 238.849900 1.625864 1.640380 3.984933 4.385532 1.508829 18.362928 -0.714304 7.728300 6852
Car -1 -1 -1.171600 764.172400 168.445300 972.804100 292.049000 1.578150 1.633424 3.924046 4.114643 1.515219 11.235125 -0.820715 11.944100 6838
Car -1 -1 -1.567000 1161.849800 183.325700 1241.000000 374.000000 1.520801 1.610557 3.981052 4.750656 1.578712 4.405841 -0.745790 5.941000 6831
Car -1 -1 -1.318000 862.608400 173.107800 1140.667000 356.398600 1.453443 1.616694 4.096404 4.344946 1.474977 7.755970 -0.809965 12.945400 6815
Car -1 -1 -1.565500 593.999500 175.344300 636.949900 216.444500 1.566280 1.640229 3.724316 0.199988 1.669286 29.337405 -1.561141 12.091500 6632
