Car -1 -1 1.790600 478.689700 178.523100 515.495500 202.163900 1.482756 1.633936 3.948890 -7.499037 1.903577 48.076017 1.617316 4.644100 6884
Car -1 -1 -0.633100 1135.352800 157.068000 1241.000000 186.916800 1.563743 1.691306 4.337463 29.228972 0.833075 36.377929 0.044707 3.058500 6883
Car -1 -1 -1.152600 846.286700 174.282900 1080.894800 314.994400 1.498330 1.551541 3.347784 4.604356 1.539510 9.376175 -0.696563 10.525900 6878
Car -1 -1 1.776900 405.803400 174.390000 437.118700 195.332400 1.601604 1.660477 4.073470 -15.356677 1.829785 58.851413 1.528142 3.869900 6877
Car -1 -1 1.801800 429.357100 173.472100 470.052800 198.320800 1.668737 1.753712 4.700898 -11.289983 1.774664 51.004562 1.583707 8.779000 6874
Car -1 -1 -0.969000 641.747000 164.527900 708.619700 197.517300 1.941131 1.814956 4.817057 4.114777 1.520645 45.127861 -0.872716 6.601800 6873
Car -1 -1 -0.903400 687.426800 173.041700 801.747800 221.280300 1.478917 1.588552 3.952896 4.420533 1.488603 23.689657 -0.713731 12.267800 6868
Car -1 -1 1.939800 249.898500 188.308800 383.756600 263.878500 1.462748 1.556857 3.683848 -6.551811 1.839743 16.392751 1.560365 13.340000 6866
Car -1 -1 -1.060200 763.698800 172.644000 961.790500 271.032800 1.515944 1.640437 3.950285 4.601245 1.522836 12.973908 -0.712098 12.098300 6860
Car -1 -1 -0.916300 659.915200 176.586100 747.877000 212.688400 1.416328 1.625908 4.017819 3.989373 1.613173 30.506628 -0.791534 8.255400 6854
Car -1 -1 -1.333200 947.652200 157.009200 1241.000000 374.000000 1.603114 1.632162 3.882722 4.347556 1.516639 5.613866 -0.685277 11.661100 6852
Car -1 -1 -1.563300 590.158600 174.711800 635.551600 218.164000 1.578324 1.652441 3.724114 0.076882 1.671813 28.193885 -1.569277 11.796700 6632
