Car -1 -1 1.928600 308.526300 184.517000 383.931300 224.388100 1.445440 1.603783 3.980657 -10.622542 1.949564 29.186776 1.561711 10.324400 6948
Car -1 -1 -3.796500 1115.336300 184.889500 1241.000000 228.103400 1.456023 1.598512 4.163414 20.470907 1.908019 25.512173 -3.118689 9.619200 6947
Car -1 -1 1.223900 665.163800 156.322200 699.216800 175.209100 1.535029 1.601437 3.868967 6.221800 0.276600 60.093571 1.508836 -0.622400 6945
Car -1 -1 -0.825900 673.063600 174.258800 755.767100 207.603500 1.539773 1.650790 4.071914 4.960526 1.594403 34.816280 -0.712807 6.653600 6943
Car -1 -1 -0.912000 649.982700 175.539000 702.386000 197.114200 1.517678 1.619505 4.069544 4.778204 1.731858 52.343149 -0.833711 3.593900 6942
Car -1 -1 1.776900 428.323000 180.934400 468.899200 206.673400 1.488613 1.673431 4.092978 -10.081193 2.016542 45.210502 1.577034 4.033400 6941
Car -1 -1 1.919400 485.119900 177.866100 518.715400 195.968900 1.482626 1.616835 3.991401 -9.304926 1.946378 62.138789 1.782400 1.483600 6938
Car -1 -1 -0.942100 660.050400 175.569200 716.063600 200.863300 1.535553 1.614054 3.810134 4.931435 1.687669 45.771774 -0.806426 3.812100 6935
Car -1 -1 1.677200 607.496300 164.716300 630.695600 181.991100 1.487806 1.628665 4.196943 0.797369 0.800438 64.283083 1.657886 2.315500 6934
Car -1 -1 2.148200 0.000000 122.269300 302.801900 330.685100 2.451254 2.076768 6.265995 -7.251994 1.859290 9.282006 1.588740 5.550400 6930
Car -1 -1 -1.068500 710.895600 169.823800 865.910300 246.143100 1.605761 1.696301 4.403798 4.344094 1.536308 17.249326 -0.821581 11.618400 6903
Car -1 -1 -1.234400 794.504800 128.332700 1065.263900 316.532600 1.997419 1.826551 4.831511 4.573748 1.508034 9.843480 -0.798386 11.493600 6873
Car -1 -1 -1.602000 589.725000 176.128900 670.253200 253.305600 1.559470 1.641195 3.749628 0.322168 1.646948 16.628831 -1.578450 11.746900 6632
