Car -1 -1 -0.899300 652.677800 172.396700 703.322500 193.537800 1.472006 1.592314 3.933317 4.914363 1.443275 52.124795 -0.835080 1.599200 6935
Car -1 -1 1.826300 396.230800 152.564000 486.984300 217.712800 2.522562 2.143079 6.747956 -7.176520 1.729864 31.488089 1.599999 3.439500 6930
Car -1 -1 -0.966900 659.517000 167.554200 724.690900 196.711700 1.572627 1.638760 4.011232 4.811784 1.323461 41.163978 -0.779078 -0.238200 6927
Car -1 -1 -1.240600 854.111000 155.496900 1092.128400 307.474900 1.595760 1.620527 3.797023 4.865231 1.422334 9.487648 -0.768724 10.035100 6920
Car -1 -1 1.932200 295.492800 175.001500 376.692600 220.701300 1.706698 1.679859 4.072550 -10.820991 1.776238 28.616302 1.574782 10.674300 6909
Car -1 -1 -1.469700 997.732800 175.547100 1241.000000 374.000000 1.489963 1.611394 3.861309 4.478649 1.518627 5.568605 -0.798836 9.468000 6905
Car -1 -1 -0.965800 679.761400 167.747200 799.922100 220.998900 1.592334 1.697433 4.379348 4.314318 1.448377 23.636294 -0.782270 8.059200 6903
Car -1 -1 2.030200 190.541100 173.517300 320.522400 236.407000 1.748405 1.752746 4.607043 -10.874374 1.780463 22.385229 1.584773 12.731800 6874
Car -1 -1 -1.068400 718.101000 143.070000 897.415000 243.374800 1.949805 1.807428 4.852989 4.595075 1.373811 16.399011 -0.806113 9.548600 6873
Car -1 -1 -1.597800 590.635600 169.841200 657.489500 235.494300 1.629527 1.658828 3.701626 0.285563 1.556078 19.697437 -1.579762 12.547900 6632
