Car -1 -1 1.716200 503.903000 177.324400 531.915100 196.726700 1.486309 1.638115 4.199255 -7.437014 1.850091 58.381932 1.617805 4.647100 6884
Car -1 -1 -0.598000 1081.163400 161.972000 1182.059300 193.470900 1.758903 1.734780 4.380427 29.191079 1.223195 40.518743 0.030251 2.564100 6883
Car -1 -1 -0.978300 768.310700 172.312400 948.155100 268.407400 1.565003 1.576444 3.517152 4.662317 1.573533 13.482499 -0.652490 4.499700 6878
Car -1 -1 1.808100 421.264400 175.336200 451.403700 192.970500 1.505459 1.651395 4.142827 -15.246406 1.739060 63.169203 1.544337 3.783300 6877
Car -1 -1 1.800100 446.143700 175.323200 482.706700 197.568200 1.595270 1.716754 4.525245 -11.105364 1.828703 55.145680 1.593972 6.627500 6874
Car -1 -1 -0.913500 640.015700 164.372300 702.191900 191.783300 1.735711 1.746317 4.588513 4.155086 1.188388 49.153321 -0.819596 3.389500 6873
Car -1 -1 -0.870700 673.342100 172.484400 780.826800 215.746000 1.555703 1.663323 4.228058 4.507856 1.539758 27.878988 -0.716943 10.930200 6868
Car -1 -1 1.809700 385.781100 182.919800 457.875600 229.444300 1.450278 1.573701 3.795402 -6.575673 1.844153 25.372706 1.562247 13.372200 6866
Car -1 -1 -1.327800 910.776800 171.409800 1241.000000 374.000000 1.521485 1.606123 3.936398 4.292130 1.531949 6.331511 -0.736795 12.051800 6865
Car -1 -1 -0.939000 728.005700 175.136300 882.320500 243.447500 1.450125 1.594770 3.877501 4.615809 1.509833 17.062894 -0.682266 10.837000 6860
Car -1 -1 -0.872200 656.247900 177.926000 736.469100 210.059100 1.431720 1.615656 3.973758 4.097424 1.680758 34.537151 -0.769107 7.112700 6854
Car -1 -1 -1.147500 800.675800 163.612000 1052.098600 311.276400 1.606278 1.635969 3.953199 4.381248 1.517378 9.814952 -0.721828 12.270800 6852
Car -1 -1 -1.661400 1160.559200 125.557400 1241.000000 374.000000 1.596184 1.637670 3.920424 4.059107 1.492770 2.679830 -0.816666 3.334900 6838
Car -1 -1 -1.576400 592.781700 174.895700 637.284500 218.032400 1.592734 1.651786 3.770390 0.142100 1.678397 28.656259 -1.577572 12.786900 6632
