Car -1 -1 1.787200 440.374000 181.942100 490.275700 213.722400 1.490988 1.652216 3.991039 -7.321616 1.940083 36.560024 1.592453 7.614800 6884
Car -1 -1 -0.723500 1197.258200 161.270900 1241.000000 202.564200 1.800682 1.706414 4.040661 28.946811 1.317041 31.353536 0.017228 1.351600 6883
Car -1 -1 -1.502100 1144.984400 171.236300 1241.000000 374.000000 1.546434 1.583892 3.580565 4.664007 1.553946 4.358755 -0.704566 4.056100 6878
Car -1 -1 1.843300 387.623100 177.971500 424.175600 199.635600 1.541121 1.636916 4.002230 -15.281721 1.912177 53.937188 1.549179 4.045900 6877
Car -1 -1 1.803800 409.923100 176.931100 454.589100 204.141000 1.664031 1.761499 4.633964 -11.251880 1.900788 45.796460 1.566769 8.434800 6874
Car -1 -1 -0.893200 643.543100 165.418000 725.676800 202.592700 1.941881 1.813891 4.958761 4.133201 1.533299 40.049857 -0.819343 7.208900 6873
Car -1 -1 -0.962400 710.871400 171.763500 854.759800 233.802800 1.481355 1.619597 4.173396 4.511595 1.436663 18.752682 -0.722507 13.154600 6868
Car -1 -1 2.407400 0.000000 211.941600 83.425800 374.000000 1.468506 1.575778 3.804287 -6.370219 1.852683 5.533440 1.555964 5.809900 6866
Car -1 -1 -1.258100 878.154300 174.098600 1168.429200 348.391500 1.463459 1.589449 4.043901 4.665354 1.455834 7.935937 -0.716658 13.348700 6860
Car -1 -1 -0.972100 672.059100 176.831700 778.074100 222.175700 1.432430 1.629224 4.144267 4.056470 1.575031 25.452803 -0.817166 8.706300 6854
Car -1 -1 -1.583000 591.142000 175.006400 637.635100 219.904600 1.586656 1.647900 3.697368 0.074838 1.665725 27.494282 -1.579552 11.283700 6632
