Car -1 -1 1.790100 449.386100 154.326100 513.206900 206.818600 2.655063 2.125849 6.314518 -7.017370 1.721942 39.893517 1.619520 0.747200 6930
Car -1 -1 -0.934500 658.264800 169.106600 717.616600 196.441300 1.561637 1.626409 3.913798 4.737837 1.380955 44.312135 -0.823108 2.320800 6927
Car -1 -1 -1.123300 794.157600 163.229600 982.750800 267.150000 1.560503 1.605308 3.810004 4.911036 1.404246 12.599770 -0.759359 10.281400 6920
Car -1 -1 1.916800 326.351500 176.815400 397.925700 216.257600 1.593417 1.667736 4.129973 -10.820019 1.775188 31.711493 1.589552 10.092100 6909
Car -1 -1 -1.250100 852.547600 174.526400 1110.114700 329.810200 1.442784 1.588546 3.787104 4.489775 1.454643 8.557850 -0.778586 11.992300 6905
Car -1 -1 -0.952700 673.919000 169.684500 778.973800 216.204800 1.583490 1.657886 4.217327 4.306993 1.457125 26.638345 -0.789050 8.039800 6903
Car -1 -1 2.002900 242.185200 173.269000 352.390700 227.949300 1.737531 1.762352 4.666172 -10.867668 1.764420 25.379636 1.594685 12.486800 6874
Car -1 -1 -1.063300 701.597600 148.380600 851.833500 231.158600 1.975489 1.829643 4.824687 4.568307 1.379595 19.424745 -0.832297 10.412300 6873
Car -1 -1 -1.519600 1011.705700 168.782500 1241.000000 374.000000 1.482748 1.603995 3.894510 4.131581 1.499211 4.819431 -0.807981 6.816900 6854
Car -1 -1 -1.600100 591.848600 169.641100 652.901100 229.957500 1.602216 1.638515 3.590556 0.260997 1.526936 21.107255 -1.580034 12.321800 6632
