Car -1 -1 1.765900 489.929800 173.680900 515.606300 190.532300 1.487923 1.595931 3.955431 -9.718056 1.544382 65.826977 1.629888 1.131800 6938
Car -1 -1 -0.941200 655.696900 170.664000 708.851300 193.089300 1.475526 1.591205 3.977945 4.984213 1.325649 49.538695 -0.825398 3.745400 6935
Car -1 -1 1.610200 607.824300 160.425400 626.335000 176.826400 1.484861 1.592707 4.041208 0.646010 0.334489 67.368574 1.619268 -0.104300 6934
Car -1 -1 1.858000 315.116000 143.471900 441.635900 233.822400 2.537056 2.121096 6.480110 -7.249030 1.706366 23.146669 1.563398 2.795200 6930
Car -1 -1 -1.399400 969.212500 153.450400 1241.000000 374.000000 1.620841 1.585632 3.562955 4.821454 1.447251 6.802903 -0.780260 10.904700 6920
Car -1 -1 1.881100 260.101700 173.354000 347.998600 225.814700 1.683439 1.660720 4.235886 -10.906788 1.727936 25.986310 1.522849 6.052500 6909
Car -1 -1 -1.023200 689.424100 166.509800 816.890800 226.094000 1.581819 1.687983 4.344494 4.272669 1.411825 21.050263 -0.825082 10.454900 6903
Car -1 -1 2.082300 131.107100 171.873500 283.735000 243.538100 1.715750 1.740554 4.458793 -10.872754 1.718861 19.699579 1.585982 12.887000 6874
Car -1 -1 -1.116500 735.816100 135.113600 944.762500 256.805100 1.952434 1.817157 4.886989 4.546867 1.347991 13.717538 -0.797244 11.578700 6873
Car -1 -1 -1.598100 589.786000 169.008700 661.075500 240.163300 1.621509 1.650162 3.602826 0.279192 1.539326 18.420147 -1.574362 13.696100 6632
