Car -1 -1 -0.940800 684.357700 174.502200 791.872800 223.876300 1.505092 1.601948 3.806880 4.282663 1.576636 24.123430 -0.746706 3.393200 6905
Car -1 -1 -0.888500 646.360700 173.753100 712.472400 200.839700 1.516978 1.594828 4.160015 4.082171 1.548674 42.347534 -0.780877 1.454400 6903
Car -1 -1 1.820200 364.870300 183.098800 442.747100 230.154800 1.429064 1.615665 4.045723 -7.087460 1.840951 24.919274 1.551422 11.576000 6884
Car -1 -1 1.940800 365.577900 176.843100 407.130900 199.289900 1.451687 1.550582 3.560494 -15.112580 1.741454 48.667215 1.624778 5.857600 6877
Car -1 -1 1.877100 388.467700 173.544600 440.082200 203.491900 1.637940 1.693240 4.242911 -11.100651 1.706685 40.929881 1.608601 4.572600 6874
Car -1 -1 -0.972600 651.325700 159.653600 742.792300 205.084600 2.031852 1.860351 5.027748 4.286948 1.485884 35.163871 -0.854933 9.877600 6873
Car -1 -1 -1.041500 750.341100 170.262500 937.069900 259.616700 1.481877 1.616864 4.008429 4.516577 1.444454 13.771706 -0.723591 12.495400 6868
Car -1 -1 -1.674300 1222.289900 179.763600 1241.000000 374.000000 1.509762 1.623241 4.161546 4.560135 1.561428 3.044378 -0.794950 2.314500 6860
Car -1 -1 -0.984700 690.902900 174.801900 819.450600 231.570000 1.435072 1.621112 4.077310 4.148823 1.515061 20.530844 -0.787700 12.566700 6854
Car -1 -1 -1.579800 591.893000 171.391300 640.237100 219.419500 1.635173 1.654388 3.689487 0.148852 1.613304 26.544483 -1.575096 12.733500 6632
