Car -1 -1 1.802700 438.262700 155.366600 510.525000 209.469400 2.605881 2.148690 6.733800 -7.007461 1.739089 37.812380 1.620064 1.160200 6930
Car -1 -1 -0.758700 657.415100 169.654900 719.929400 197.810800 1.595747 1.615273 3.719203 4.711793 1.408252 43.235781 -0.716313 1.424700 6927
Car -1 -1 -1.146800 804.632500 163.952400 1007.539600 279.248900 1.571255 1.607590 3.842263 4.893692 1.432879 11.759211 -0.755800 11.199600 6920
Car -1 -1 1.925600 320.319300 175.081200 393.913400 216.685500 1.629809 1.657702 4.115651 -10.795401 1.759154 30.896668 1.590014 11.087700 6909
Car -1 -1 -1.322600 880.658500 174.462200 1144.686200 354.136700 1.453980 1.583512 3.806199 4.473739 1.471006 7.760483 -0.794354 13.108800 6905
Car -1 -1 -0.965900 675.568600 169.757900 782.302500 218.199400 1.593879 1.666485 4.229733 4.305867 1.481509 25.866565 -0.796806 8.136300 6903
Car -1 -1 2.031800 229.536300 174.601500 347.221700 230.494700 1.724101 1.759477 4.685225 -10.860199 1.774106 24.604725 1.608662 12.080100 6874
Car -1 -1 -1.064500 702.527600 148.477800 858.437500 234.163100 1.952814 1.819048 4.823830 4.528254 1.382235 18.637879 -0.830012 10.533100 6873
Car -1 -1 -1.519600 1011.705700 168.782500 1241.000000 374.000000 1.482748 1.603995 3.894510 4.124644 1.499593 3.892880 -0.807981 6.816900 6854
Car -1 -1 -1.593300 591.814100 171.384100 655.424600 233.389200 1.615247 1.655687 3.681187 0.283098 1.562360 20.777907 -1.579519 13.840900 6632
