Car -1 -1 1.770500 460.394000 154.928100 517.548700 204.439400 2.632758 2.116674 6.234340 -6.969497 1.705060 42.162668 1.625072 -0.469100 6930
Car -1 -1 1.919400 253.996200 173.246200 301.972500 197.948600 1.509866 1.577849 3.703123 -21.202446 1.478382 45.528245 1.515791 1.130000 6929
Car -1 -1 -0.943200 653.893100 171.926000 711.734300 196.388700 1.490978 1.618258 3.941070 4.608325 1.403524 45.145635 -0.817077 3.029200 6927
Car -1 -1 -1.119200 781.748300 164.998600 962.488100 262.984600 1.575071 1.619559 3.849975 4.893174 1.415953 13.400907 -0.771104 10.385900 6920
Car -1 -1 1.912400 335.471900 177.086000 404.355400 214.586600 1.584870 1.655821 4.139961 -10.784295 1.766124 32.575588 1.592710 9.681200 6909
Car -1 -1 -1.242900 827.813300 171.847900 1057.766700 312.435500 1.451333 1.572603 3.782256 4.451511 1.448035 9.384052 -0.796361 11.679700 6905
Car -1 -1 -0.966700 671.884100 168.987500 769.901700 214.377200 1.580723 1.642654 4.125629 4.256153 1.429561 27.454888 -0.784600 5.917100 6903
Car -1 -1 1.979100 257.895500 174.693100 360.701700 226.866200 1.724637 1.754184 4.704313 -10.849284 1.773699 26.249411 1.588999 12.709200 6874
Car -1 -1 -1.052600 697.294900 148.734300 842.123900 228.715100 2.001197 1.838611 4.816898 4.542281 1.385329 20.261643 -0.831806 10.027000 6873
Car -1 -1 -1.414700 947.912900 181.315600 1241.000000 374.000000 1.404837 1.585218 4.014746 4.233494 1.472142 5.646232 -0.782870 9.604500 6854
Car -1 -1 -1.576800 590.784200 171.795800 651.323600 229.990800 1.586385 1.646305 3.639673 0.271561 1.535235 21.462896 -1.566983 11.994400 6632
