Car -1 -1 -1.581200 618.951400 163.407200 638.225000 181.050700 1.465705 1.601109 3.860389 1.542424 0.696924 61.967214 -1.515774 0.710600 6960
Car -1 -1 1.819200 432.475900 174.635500 474.173000 200.525900 1.544168 1.626816 4.035441 -9.924435 1.646802 45.877876 1.597798 5.124200 6955
Car -1 -1 -1.256500 473.251400 175.299200 507.732800 195.086600 1.482903 1.589769 3.843293 -9.175478 1.623831 55.838696 -1.443005 3.824200 6954
Car -1 -1 2.359400 0.000000 180.979600 48.577800 327.443300 1.688842 1.654300 4.280699 -10.702880 1.785517 10.038745 1.581442 6.525200 6952
Car -1 -1 2.152300 31.184900 177.958500 228.434800 262.427500 1.665955 1.687516 4.205266 -10.693952 1.774522 16.368599 1.578791 13.907200 6950
Car -1 -1 2.013800 229.560000 181.325000 337.956500 231.427900 1.435828 1.616876 4.048712 -10.403939 1.741990 23.181280 1.592473 10.828000 6948
Car -1 -1 -0.917300 687.598000 168.348400 784.607600 209.609300 1.538788 1.648077 4.109221 5.050909 1.362147 28.731647 -0.750065 9.132500 6943
Car -1 -1 -0.822100 655.827000 171.547500 716.461600 195.065500 1.483615 1.614524 3.977324 4.894951 1.392775 46.239156 -0.723922 5.541300 6942
Car -1 -1 1.986000 396.780000 177.410900 455.623800 206.383900 1.483514 1.635777 4.148367 -10.053647 1.706707 39.592601 1.699830 4.187000 6941
Car -1 -1 -0.842200 670.088200 171.097100 736.520200 200.143500 1.536599 1.583649 3.596867 5.113589 1.419854 39.606375 -0.725803 6.464000 6935
Car -1 -1 -1.160000 775.125400 160.497700 997.396700 286.678400 1.583005 1.663269 4.253125 4.381892 1.435708 11.115963 -0.794456 13.352200 6903
Car -1 -1 -1.620300 587.669200 169.253400 693.036800 274.109200 1.617950 1.663823 3.766130 0.405062 1.602195 13.319178 -1.582452 12.311800 6632
