Car -1 -1 -0.809800 662.715200 177.211200 742.186900 209.782700 1.634874 1.631066 4.385397 4.980034 1.861526 38.587625 -0.732777 1.518300 6860
Car -1 -1 -0.881300 641.776400 177.915000 693.389800 198.317300 1.506625 1.628254 4.268771 4.491214 1.867276 56.138413 -0.843359 1.255700 6854
Car -1 -1 -0.857700 664.942900 173.447900 756.703100 213.851600 1.678828 1.674763 4.112157 4.389561 1.680726 31.532334 -0.702497 3.938100 6852
Car -1 -1 -0.941400 677.367700 174.455200 786.227600 226.300000 1.600336 1.638380 3.950361 4.127045 1.655266 24.349042 -0.770038 9.523000 6838
Car -1 -1 -0.975800 737.206400 174.473400 892.290000 247.712200 1.562254 1.611496 3.933952 4.946549 1.620105 17.484433 -0.703837 8.377600 6831
Car -1 -1 -1.014400 695.379000 180.149800 816.962900 235.880400 1.434633 1.611160 3.964561 4.257563 1.664864 20.899971 -0.825873 10.464900 6815
Car -1 -1 2.325600 0.000000 193.968400 117.343600 306.067100 1.525834 1.567480 3.633356 -10.632613 1.942070 12.477926 1.611647 8.366500 6797
Car -1 -1 2.106800 93.091500 183.789700 263.104100 260.311500 1.614020 1.687483 4.335709 -10.577145 1.922020 18.048967 1.574574 13.897500 6793
Car -1 -1 -1.081800 763.026800 172.199800 930.059500 260.628600 1.496106 1.549915 3.601279 4.582910 1.485966 13.971876 -0.758419 12.046500 6788
Car -1 -1 -1.555500 595.261900 176.272300 636.603300 218.039100 1.625395 1.636110 3.548236 0.216239 1.794323 30.178506 -1.551437 10.510800 6632
