Car -1 -1 -0.869400 665.020700 170.319700 744.967900 203.578100 1.580688 1.662905 4.120722 4.795856 1.460794 36.471829 -0.748216 5.806800 6943
Car -1 -1 -0.950000 645.000700 173.182500 695.830900 194.339000 1.516891 1.592222 4.169541 4.550579 1.538678 53.928135 -0.863055 2.755000 6942
Car -1 -1 1.936300 427.126000 176.718200 475.124100 202.223800 1.527775 1.629602 4.155616 -10.305136 1.827669 46.978427 1.671185 4.323400 6941
Car -1 -1 1.951500 484.208700 175.428400 520.220400 193.818100 1.525477 1.638330 4.213652 -9.544241 1.711158 63.736706 1.728138 0.676100 6938
Car -1 -1 -0.852500 654.097400 171.752000 710.343500 196.359300 1.549913 1.599523 3.732136 4.747002 1.460489 47.204959 -0.747971 3.533600 6935
Car -1 -1 1.591100 607.268500 161.268300 625.873200 178.183600 1.493044 1.608375 4.000972 0.652483 0.475557 65.246039 1.619322 1.086500 6934
Car -1 -1 2.041300 110.637300 140.107900 373.738400 283.390700 2.427801 2.105722 6.655726 -7.299407 1.832144 15.234843 1.593161 6.924500 6930
Car -1 -1 -1.518600 1125.487400 155.504500 1241.000000 374.000000 1.600814 1.625376 3.894040 4.823935 1.507115 4.605352 -0.729346 6.464000 6920
Car -1 -1 -1.026900 697.636700 168.435200 844.223400 235.982100 1.584179 1.705190 4.445792 4.276163 1.460512 18.827211 -0.814847 11.480800 6903
Car -1 -1 2.193400 53.053900 178.460600 245.467500 257.372000 1.672784 1.684194 4.432122 -10.923644 1.786547 17.394788 1.612138 9.208800 6874
Car -1 -1 -1.163800 762.324200 128.585800 1006.625600 286.533500 2.013954 1.810470 4.863263 4.524534 1.430720 11.432030 -0.794526 10.585300 6873
Car -1 -1 -1.570300 585.902600 170.927400 662.444300 246.848800 1.622563 1.655525 3.648324 0.279440 1.596889 17.420677 -1.560997 12.702500 6632
