Car -1 -1 1.756800 467.598100 175.432500 496.821500 193.958900 1.558033 1.714816 4.225103 -10.911430 1.752812 62.062071 1.566001 5.078900 6874
Car -1 -1 -0.978000 641.046100 169.471500 691.176600 193.722100 1.779403 1.746233 4.538160 4.360196 1.491826 56.581294 -0.894012 2.141700 6873
Car -1 -1 -0.870000 662.388000 173.280900 742.123700 205.469600 1.519615 1.646785 4.048110 4.513734 1.542485 35.194652 -0.726787 7.129700 6868
Car -1 -1 1.753500 476.152500 180.412600 515.560500 208.227500 1.475730 1.589619 3.681793 -6.512600 1.916868 41.231862 1.598207 6.659300 6866
Car -1 -1 -1.077300 744.041400 177.607400 927.409400 268.560500 1.475932 1.595534 4.012986 4.347771 1.556121 13.724696 -0.760303 9.353600 6865
Car -1 -1 -0.928700 691.667300 173.865900 805.379100 222.362900 1.523398 1.654987 4.185528 4.724652 1.545734 24.502367 -0.726797 8.933200 6860
Car -1 -1 -0.833700 648.039300 175.596800 714.790600 202.160100 1.458906 1.616648 4.061037 4.185567 1.596097 41.975085 -0.742953 5.368800 6854
Car -1 -1 -0.941900 712.468600 167.552200 868.333000 243.798900 1.622672 1.637982 3.919277 4.340748 1.503180 17.231334 -0.702991 10.212900 6852
Car -1 -1 -1.228200 785.055500 165.453300 1008.884000 305.142400 1.574843 1.640455 4.001395 4.134639 1.495215 10.170491 -0.833561 12.616000 6838
Car -1 -1 -1.567000 1161.849800 183.325700 1241.000000 374.000000 1.520801 1.610557 3.981052 4.747544 1.578126 3.325161 -0.745790 5.941000 6831
Car -1 -1 -1.377800 910.050700 174.236400 1221.556600 374.000000 1.486420 1.623558 4.057465 4.336151 1.502491 6.650403 -0.803744 12.258500 6815
Car -1 -1 -1.584700 595.138800 175.607800 639.076400 217.980600 1.581743 1.655909 3.764046 0.209761 1.693519 29.261945 -1.571190 12.253100 6632
