Car -1 -1 1.840100 434.676500 174.736000 475.905900 198.495600 1.503889 1.665691 4.269286 -10.393012 1.648919 48.685908 1.609806 6.780800 6941
Car -1 -1 1.859100 490.299100 173.093700 522.368100 190.178000 1.488527 1.645171 4.262707 -9.473842 1.523400 65.238300 1.683604 -0.544600 6938
Car -1 -1 -0.769300 653.124000 169.958100 709.876300 192.497900 1.471245 1.593180 3.852703 4.880674 1.286063 48.824243 -0.729789 2.824100 6935
Car -1 -1 1.584800 609.274000 158.896400 627.227600 175.396100 1.483525 1.603087 4.100292 0.727969 0.263687 66.865016 1.605133 2.300600 6934
Car -1 -1 1.928100 270.758700 138.804800 431.459900 245.778800 2.601915 2.141864 6.642585 -7.285878 1.768857 21.145938 1.584289 7.602900 6930
Car -1 -1 -1.414600 988.583600 144.898400 1241.000000 374.000000 1.614388 1.621705 3.739679 4.859884 1.438617 6.282396 -0.770334 10.762900 6920
Car -1 -1 1.881100 260.101700 173.354000 347.998600 225.814700 1.683439 1.660720 4.235886 -10.914549 1.721114 25.192178 1.522849 6.052500 6909
Car -1 -1 -1.041100 692.284800 166.054100 827.206300 229.450100 1.601275 1.706596 4.454508 4.312501 1.428068 20.490508 -0.830532 12.012600 6903
Car -1 -1 2.096800 107.676300 172.974900 276.346800 249.817600 1.765162 1.757393 4.570909 -10.888358 1.769665 19.090222 1.582532 12.644500 6874
Car -1 -1 -1.135600 750.918600 135.814000 957.428100 264.572100 1.958222 1.794873 4.748000 4.580851 1.378286 13.155265 -0.800554 11.635800 6873
Car -1 -1 -1.583200 588.956600 172.056300 661.154900 241.429400 1.589798 1.640421 3.663625 0.292547 1.546790 18.154682 -1.569688 12.017400 6632
