Car -1 -1 -0.768700 652.086600 170.783600 710.477600 195.136400 1.534546 1.615289 3.886049 4.677486 1.430772 47.752656 -0.754534 2.497600 6927
Car -1 -1 -1.039400 748.765700 164.390900 906.419300 246.105600 1.604569 1.613918 3.850559 4.857632 1.442928 16.014400 -0.750424 9.136400 6920
Car -1 -1 1.823500 406.418700 176.977600 451.994200 204.352900 1.486929 1.632901 3.910558 -10.526249 1.780658 42.201621 1.577069 1.951400 6918
Car -1 -1 1.883600 356.835000 177.045400 417.541200 211.776200 1.574927 1.652883 4.080561 -10.798496 1.809547 35.169426 1.587482 7.710400 6909
Car -1 -1 -1.149700 780.638800 173.829100 966.718900 276.340000 1.443970 1.574712 3.742783 4.445982 1.487545 12.012554 -0.800975 11.569100 6905
Car -1 -1 -0.884800 667.460900 169.330900 762.200100 210.139100 1.573461 1.640777 4.171392 4.375575 1.457739 30.047579 -0.740493 6.682700 6903
Car -1 -1 1.914700 296.896700 175.818200 355.991800 207.521300 1.559966 1.641317 4.077295 -14.875080 1.738695 37.020369 1.543628 0.457800 6877
Car -1 -1 1.960500 289.336900 174.121700 381.131100 220.381200 1.675916 1.752993 4.767809 -10.903196 1.759317 28.880553 1.594263 12.136800 6874
Car -1 -1 -1.047900 685.756000 152.619100 811.941700 220.730500 1.975765 1.820468 4.750356 4.473734 1.389349 22.861039 -0.851120 10.624200 6873
Car -1 -1 -1.290500 837.616400 177.942500 1101.359600 344.550400 1.414461 1.594764 4.072400 4.255151 1.467000 8.225665 -0.809259 14.267800 6854
Car -1 -1 -1.606800 593.043300 168.503400 650.261100 225.907900 1.638072 1.644742 3.625008 0.266055 1.550437 22.630711 -1.580682 11.930700 6632
