Car -1 -1 2.025100 291.416400 176.727600 355.799100 208.814700 1.554537 1.573361 3.715230 -14.610609 1.747379 36.912894 1.665135 3.193500 6969
Car -1 -1 1.927900 373.869900 177.722600 420.361600 201.830500 1.477670 1.611990 4.020967 -13.733922 1.933034 47.036746 1.624994 2.572800 6967
Car -1 -1 1.801400 520.354700 176.472100 547.997100 193.155700 1.481624 1.622728 4.160362 -7.107585 1.846097 67.146125 1.713579 1.016100 6965
Car -1 -1 -1.478500 621.131500 166.901800 643.614100 184.189600 1.458001 1.604755 3.863724 1.955521 0.939345 62.846389 -1.459568 2.485600 6960
Car -1 -1 1.812100 427.146000 177.709400 468.204500 204.146000 1.553736 1.619443 3.955240 -10.006075 1.818121 44.421306 1.601928 6.120500 6955
Car -1 -1 1.835700 469.577400 177.429700 505.988400 198.035200 1.500603 1.651930 4.277720 -9.232837 1.817477 54.705707 1.672237 5.603600 6954
Car -1 -1 2.196800 0.000000 178.185900 191.023200 277.767800 1.702980 1.677170 4.186893 -10.703493 1.845894 14.809577 1.576987 12.538300 6950
Car -1 -1 2.028400 204.509100 186.629900 318.579300 240.319600 1.426945 1.604272 3.924566 -10.452152 1.850346 21.776692 1.578906 11.040000 6948
Car -1 -1 -0.918200 693.792800 169.873700 791.032100 215.785600 1.591070 1.635857 3.928264 5.010509 1.493117 27.270475 -0.745409 9.856400 6943
Car -1 -1 -0.892200 654.868600 172.944900 713.531900 198.328400 1.509251 1.596598 3.796303 4.718180 1.535136 44.733838 -0.794077 1.007900 6942
Car -1 -1 1.869700 390.179500 179.961400 446.882600 210.578500 1.480800 1.663277 4.261139 -10.064481 1.889734 38.198524 1.627034 7.606600 6941
Car -1 -1 -0.966600 673.295700 173.845000 737.677100 203.653400 1.498892 1.573295 3.638862 5.051037 1.531662 38.302422 -0.810111 6.350600 6935
Car -1 -1 -1.226800 806.479300 170.988900 1048.290400 313.579800 1.524555 1.636644 4.174801 4.403403 1.489320 9.702384 -0.801366 13.391100 6903
Car -1 -1 -1.602900 584.869200 173.534300 697.577000 284.784000 1.626028 1.653900 3.736093 0.409637 1.635552 12.471332 -1.566321 11.507600 6632
