Car -1 -1 1.847400 388.792800 181.737400 438.740700 211.805200 1.529170 1.634881 3.993904 -10.777943 2.037586 39.705593 1.585890 6.864400 6909
Car -1 -1 -1.037700 726.603600 176.575500 880.813600 252.492300 1.495436 1.608357 4.049468 4.535433 1.602596 16.668267 -0.772140 9.319300 6905
Car -1 -1 -0.855900 655.194800 175.410600 739.772500 210.825800 1.560311 1.629945 4.225034 4.229531 1.697407 34.676448 -0.735829 3.585500 6903
Car -1 -1 2.310600 0.000000 211.440100 139.172000 374.000000 1.459795 1.584048 3.928396 -6.725204 1.930219 6.998231 1.550845 10.392600 6884
Car -1 -1 1.959000 319.644900 180.048800 375.695900 207.975300 1.496545 1.613305 3.994585 -15.020862 1.910497 41.322985 1.585506 3.031100 6877
Car -1 -1 1.920200 336.525400 177.680100 409.482900 218.528500 1.725499 1.753921 4.605815 -10.907025 1.966029 33.383590 1.600065 11.107000 6874
Car -1 -1 -0.999500 668.510500 160.581000 782.341400 218.097900 1.975403 1.831453 4.932051 4.441428 1.554071 27.469959 -0.837686 10.956700 6873
Car -1 -1 -1.338000 946.989600 170.269100 1241.000000 374.000000 1.520385 1.635203 4.140735 4.582695 1.487436 6.108297 -0.705269 11.850200 6868
Car -1 -1 -1.122600 749.621200 175.260300 936.555200 270.579300 1.415431 1.579065 4.071603 4.222792 1.461932 12.823020 -0.800464 14.404900 6854
Car -1 -1 -1.582100 593.042600 174.234700 646.737900 228.109100 1.645910 1.663173 3.696006 0.255869 1.701713 24.404464 -1.572259 12.202800 6632
