Car -1 -1 -1.502100 615.097000 163.236000 636.786000 180.956700 1.468229 1.602080 3.814626 1.393999 0.674378 61.826161 -1.478751 -0.688200 6960
Car -1 -1 1.798000 438.893400 175.913800 476.926500 199.543200 1.490478 1.610282 3.988439 -9.905268 1.683967 47.248971 1.588380 5.992400 6955
Car -1 -1 1.831900 477.702600 173.589600 511.540100 194.324400 1.575520 1.659464 4.120505 -9.199409 1.628622 57.621786 1.673165 5.270100 6954
Car -1 -1 2.353700 0.000000 174.811400 89.014800 314.444900 1.789213 1.701577 4.314464 -10.730859 1.827441 11.437618 1.598264 8.078500 6952
Car -1 -1 2.124600 81.777500 176.516000 254.759700 256.458900 1.677425 1.682916 4.140914 -10.666933 1.805044 17.730075 1.584059 12.984200 6950
Car -1 -1 1.988200 253.748900 181.685100 351.261000 230.314200 1.455568 1.615442 3.954999 -10.385378 1.793261 24.543284 1.587909 9.506300 6948
Car -1 -1 -0.932600 684.551300 168.578000 777.329700 206.794300 1.495789 1.647978 4.112876 5.099000 1.334496 30.118225 -0.759277 8.144500 6943
Car -1 -1 -0.888500 654.855600 170.577700 711.234400 194.641700 1.524221 1.609010 3.919563 4.924383 1.410811 47.410787 -0.779451 2.294100 6942
Car -1 -1 1.889900 405.596600 176.774300 459.182200 204.885200 1.497963 1.667390 4.285615 -9.994356 1.704957 40.930615 1.637240 5.043200 6941
Car -1 -1 -0.880700 667.683300 170.155200 729.305900 198.835600 1.562967 1.586498 3.571070 5.062975 1.402144 40.958403 -0.752646 5.358400 6935
Car -1 -1 -1.118100 754.898100 165.476500 959.694600 273.764400 1.574416 1.648901 4.242793 4.389686 1.452452 12.495701 -0.788695 12.435400 6903
Car -1 -1 -1.471200 989.237900 79.243300 1241.000000 374.000000 1.820843 1.754951 4.613150 4.427754 1.422465 5.173087 -0.802232 6.223000 6873
Car -1 -1 -1.588300 588.537200 170.929500 684.254800 264.958700 1.598645 1.630766 3.660035 0.422553 1.585376 14.109356 -1.565832 12.753500 6632
