Car -1 -1 1.734900 480.279500 175.642200 506.834300 193.133200 1.612110 1.732829 4.612777 -10.880151 1.896730 67.886785 1.570661 5.294500 6874
Car -1 -1 -1.014800 638.093500 168.080300 683.015200 188.982700 1.722168 1.723174 4.475073 4.313942 1.344382 61.927323 -0.932938 2.766100 6873
Car -1 -1 -0.805600 658.146300 174.792200 730.643000 204.773000 1.568567 1.656612 4.080638 4.723386 1.661493 40.603193 -0.699457 5.299300 6868
Car -1 -1 1.674500 508.208900 180.928900 535.795500 202.440700 1.478478 1.611685 3.916553 -6.466103 2.061115 53.086206 1.563312 3.611900 6866
Car -1 -1 -0.962000 707.369700 175.965000 845.840200 239.401800 1.503509 1.593881 3.994541 4.426947 1.588285 19.120781 -0.736175 5.713500 6865
Car -1 -1 -0.913700 677.993200 175.461200 772.443300 214.741500 1.509271 1.611510 4.189980 4.813490 1.592214 29.905030 -0.740331 7.315500 6860
Car -1 -1 -0.932900 645.842400 177.171200 703.999300 200.865200 1.467694 1.620547 4.159212 4.293446 1.715388 47.342106 -0.823321 4.122300 6854
Car -1 -1 -0.933000 689.210800 169.744900 806.325900 227.768900 1.668858 1.656678 3.859630 4.356772 1.578453 22.697964 -0.724845 8.013500 6852
Car -1 -1 -1.075100 722.612400 171.852700 879.990500 254.957600 1.576175 1.623191 3.879294 4.153443 1.534614 15.583501 -0.817624 9.333600 6838
Car -1 -1 -1.263900 869.704200 171.968000 1134.454200 335.090800 1.523473 1.650059 4.053034 4.861409 1.521813 8.783718 -0.754522 11.230800 6831
Car -1 -1 -1.128700 761.053600 178.205700 971.342400 284.069300 1.435486 1.622413 4.244752 4.362117 1.531776 12.099859 -0.795409 11.908000 6815
Car -1 -1 2.398600 0.000000 184.328500 55.555400 336.738900 1.658266 1.635798 4.284433 -10.567503 1.852237 9.374851 1.594891 6.638100 6793
Car -1 -1 -1.438100 1058.299600 166.434900 1241.000000 374.000000 1.580433 1.564725 3.560563 4.614091 1.545534 5.115409 -0.717865 6.797400 6788
Car -1 -1 -1.567500 595.348800 176.130100 637.339900 217.375400 1.585209 1.629808 3.641619 0.222614 1.706233 29.642861 -1.563245 10.279600 6632
