Car -1 -1 1.692700 469.437300 179.426900 503.377500 205.134600 1.461478 1.590896 3.748136 -7.444992 1.840218 43.444896 1.549009 8.725900 6884
Car -1 -1 -0.651600 1157.775500 160.871000 1241.000000 202.910000 1.790423 1.743628 4.519919 29.093945 1.201425 34.351946 0.047148 -0.448400 6883
Car -1 -1 -1.295500 915.981900 174.559000 1200.340300 362.679900 1.478423 1.572518 3.451341 4.614300 1.492864 7.356495 -0.725738 11.205300 6878
Car -1 -1 1.817500 399.689900 174.108100 435.727600 195.652300 1.627229 1.703867 4.405427 -15.293350 1.738296 57.122855 1.540366 4.093000 6877
Car -1 -1 1.804200 422.229000 174.839300 464.281000 199.992200 1.636870 1.741616 4.746118 -11.277254 1.757271 48.943482 1.580692 8.330700 6874
Car -1 -1 -0.978100 641.152100 164.924700 712.607400 199.482100 1.954538 1.827726 4.883857 4.059084 1.484051 43.176998 -0.878023 6.888500 6873
Car -1 -1 -0.925500 694.137500 170.989400 822.779100 225.135500 1.500028 1.617065 4.109173 4.476618 1.443602 21.739185 -0.715872 13.487200 6868
Car -1 -1 2.043800 104.933600 189.601200 312.390000 299.345700 1.488145 1.559177 3.607753 -6.502135 1.805131 11.993670 1.550720 14.210700 6866
Car -1 -1 -1.125100 793.717800 171.348500 1024.315500 289.521500 1.506948 1.646676 4.015810 4.615533 1.467470 10.988175 -0.722093 12.422800 6860
Car -1 -1 -0.939900 663.687300 175.159200 759.292600 214.366800 1.421051 1.637253 4.112839 4.009912 1.537398 28.459778 -0.796449 10.194900 6854
Car -1 -1 -1.452500 1038.280200 136.964900 1241.000000 374.000000 1.600386 1.622420 3.843587 4.304398 1.470790 3.526759 -0.696045 7.763300 6852
Car -1 -1 -1.590600 590.292000 172.357100 635.805900 218.319900 1.635947 1.653321 3.619229 0.045241 1.641047 27.944232 -1.587715 11.829500 6632
