Car -1 -1 -0.889600 717.082200 176.019400 855.000300 234.829500 1.475311 1.589183 3.995237 4.908045 1.570692 20.094047 -0.651411 1.427300 6878
Car -1 -1 1.849000 440.035000 176.333900 469.357800 192.723400 1.500854 1.644926 4.170543 -14.921247 1.851371 69.444775 1.605811 1.857000 6877
Car -1 -1 1.786600 463.237200 175.378100 493.709200 195.251000 1.592314 1.703867 4.173742 -11.063620 1.799976 61.122490 1.591093 1.627000 6874
Car -1 -1 -0.968900 638.140000 163.804400 693.444800 188.687900 1.809685 1.776743 4.745906 4.320788 1.264998 55.489150 -0.892336 4.005500 6873
Car -1 -1 -0.856000 664.560100 172.456200 746.731600 206.267100 1.513364 1.641788 4.015224 4.515013 1.502047 34.132585 -0.725188 8.195100 6868
Car -1 -1 1.703600 470.826300 181.200400 508.217200 208.854100 1.422622 1.563712 3.589401 -6.519970 1.872738 39.045401 1.561244 8.733100 6866
Car -1 -1 -1.086400 755.720100 175.559100 950.653300 277.527600 1.490807 1.599036 3.932650 4.318333 1.551521 12.629153 -0.758756 9.229800 6865
Car -1 -1 -0.913400 693.701500 173.292000 809.943300 223.111000 1.500285 1.642696 4.042436 4.651949 1.510951 23.448539 -0.721916 8.821300 6860
Car -1 -1 -0.862100 648.163500 174.071300 717.995600 201.207500 1.459211 1.622613 4.129431 4.167571 1.547859 40.965608 -0.754107 6.493300 6854
Car -1 -1 -0.962900 722.450800 166.040600 888.562100 249.068700 1.638820 1.638426 3.940243 4.389727 1.505139 16.195462 -0.699227 11.032100 6852
Car -1 -1 -1.235800 808.699300 159.622500 1059.995000 326.349600 1.605718 1.630285 3.982610 4.147930 1.492137 9.046470 -0.815538 10.827200 6838
Car -1 -1 -1.462300 960.714300 186.486000 1241.000000 374.000000 1.457113 1.636068 4.134679 4.268454 1.552866 5.583745 -0.810454 8.268000 6815
Car -1 -1 -1.579400 594.483200 173.813100 638.602500 216.046200 1.587279 1.662826 3.752151 0.204907 1.651866 29.163938 -1.571999 11.183000 6632
