Car -1 -1 -0.809800 662.715200 177.211200 742.186900 209.782700 1.634874 1.631066 4.385397 5.001170 1.906236 37.268292 -0.732777 1.518300 6860
Car -1 -1 -1.041800 640.650000 176.406500 685.952700 197.040700 1.499811 1.607516 4.177320 4.237616 1.800517 55.129448 -0.920268 1.990100 6854
Car -1 -1 -0.855600 666.724500 172.708100 762.199400 214.764600 1.665460 1.682636 4.124916 4.398057 1.654776 30.437294 -0.708123 6.063900 6852
Car -1 -1 -1.034800 680.245900 173.447600 788.706800 228.858700 1.618422 1.650691 3.959903 4.077767 1.648919 23.302565 -0.827430 8.743900 6838
Car -1 -1 -1.068600 747.398300 172.399900 898.516300 249.633700 1.556473 1.604144 3.942943 4.923255 1.567719 16.449384 -0.750599 8.192700 6831
Car -1 -1 -1.045600 700.360300 177.662300 831.895300 238.498800 1.453030 1.630220 4.106486 4.308027 1.627385 19.820853 -0.828671 9.950100 6815
Car -1 -1 2.366000 0.000000 193.695700 77.346500 318.751200 1.533662 1.577381 3.680230 -10.655670 1.928536 11.408933 1.612483 7.189400 6797
Car -1 -1 2.138200 47.806000 184.650600 245.014400 265.226200 1.578965 1.690336 4.442376 -10.574885 1.886180 16.918454 1.576630 15.074100 6793
Car -1 -1 -1.103600 779.823400 170.445600 955.035900 267.671000 1.498451 1.535444 3.546349 4.614622 1.467510 12.903781 -0.758716 12.699300 6788
Car -1 -1 -1.573000 593.793900 175.900000 635.670600 217.205400 1.610936 1.638329 3.588077 0.174949 1.755634 30.113111 -1.561735 11.273400 6632
