Car -1 -1 2.156800 290.423300 152.918200 332.085800 172.065600 1.561229 1.578168 3.628711 -25.252542 -0.263262 60.398006 1.749239 -0.183200 6922
Car -1 -1 -1.043000 742.865800 167.179400 889.883800 244.708400 1.610345 1.621876 3.805346 4.856801 1.485462 16.877763 -0.759525 9.286900 6920
Car -1 -1 1.813200 411.986700 179.181600 454.268200 205.082000 1.460354 1.607260 3.831440 -10.503070 1.872509 43.095468 1.574569 5.380200 6918
Car -1 -1 1.882900 364.334800 176.928400 423.711200 211.466700 1.582089 1.653341 4.092471 -10.777593 1.856011 36.099808 1.591174 7.080800 6909
Car -1 -1 -1.143300 763.304100 177.214600 945.513200 272.697400 1.447967 1.608387 3.916047 4.456967 1.540136 12.938529 -0.809026 11.130000 6905
Car -1 -1 -0.880100 665.080000 171.284500 756.718100 209.571800 1.552688 1.636533 4.192737 4.354023 1.484305 30.969408 -0.740967 6.519800 6903
Car -1 -1 1.914700 296.896700 175.818200 355.991800 207.521300 1.559966 1.641317 4.077295 -14.893049 1.744743 37.956977 1.543628 0.457800 6877
Car -1 -1 1.930700 299.914600 176.049700 386.154100 219.284200 1.647464 1.747966 4.781414 -10.887764 1.784874 29.710796 1.585142 13.317700 6874
Car -1 -1 -1.033800 682.093500 152.135300 806.253800 220.075100 2.044636 1.836919 4.824715 4.497307 1.450548 23.847285 -0.844195 9.102900 6873
Car -1 -1 -1.233300 814.945900 173.532500 1065.364200 318.795400 1.431872 1.602472 4.073532 4.312820 1.454953 9.182657 -0.797057 13.006000 6854
Car -1 -1 -1.563300 592.360100 171.810400 648.622700 227.067600 1.619257 1.653384 3.609974 0.292222 1.602662 22.998158 -1.556220 11.601500 6632
