Car -1 -1 -0.580100 1059.313800 163.867600 1152.473300 195.779000 1.743154 1.729546 4.257091 29.175539 1.291587 42.565779 0.027497 1.903900 6883
Car -1 -1 -0.982800 743.573900 175.835900 908.913900 257.204000 1.529684 1.583644 3.824548 4.680106 1.620539 15.691712 -0.691100 5.413700 6878
Car -1 -1 1.747400 427.373300 175.967000 454.500700 194.059800 1.567434 1.676062 4.185303 -15.260273 1.886884 65.405015 1.520213 3.098300 6877
Car -1 -1 1.767500 454.416200 175.918900 486.589300 196.848700 1.557204 1.676523 4.288348 -11.071117 1.763011 57.408495 1.597212 3.278300 6874
Car -1 -1 -0.914900 639.663500 165.501800 699.288400 190.179000 1.733850 1.745717 4.645643 4.205092 1.268366 51.245086 -0.841702 4.208800 6873
Car -1 -1 -0.867300 672.279500 173.493700 762.310200 213.501100 1.554983 1.632966 3.907733 4.471805 1.567987 29.882738 -0.715735 9.145700 6868
Car -1 -1 1.784300 422.043800 183.150400 479.166400 222.891800 1.479356 1.562560 3.745827 -6.573105 1.925382 29.936078 1.570165 10.876200 6866
Car -1 -1 -1.209000 827.978600 178.120900 1110.577300 343.360400 1.455647 1.618351 4.041498 4.300971 1.538437 8.471358 -0.748400 12.892500 6865
Car -1 -1 -0.945900 708.978200 174.960300 854.471200 238.783400 1.514422 1.662786 4.097815 4.609605 1.572393 19.272984 -0.713243 10.747100 6860
Car -1 -1 -0.847900 652.885000 177.590300 728.940600 208.079600 1.448819 1.614632 4.020511 4.109762 1.672399 36.689791 -0.768095 4.783600 6854
Car -1 -1 -1.066700 763.036800 169.367300 981.356100 284.317100 1.599158 1.631693 3.994294 4.374327 1.533163 11.913518 -0.706917 12.078700 6852
Car -1 -1 -1.456900 997.492800 163.943000 1241.000000 374.000000 1.593730 1.615293 3.743934 4.042701 1.531470 4.740892 -0.777615 6.433100 6838
Car -1 -1 -1.579500 593.688200 176.621900 637.854100 218.750600 1.572387 1.653292 3.751602 0.156847 1.699715 28.816244 -1.573092 11.952400 6632
