Car -1 -1 1.814900 491.753900 172.641300 519.833300 189.192400 1.488121 1.606342 3.997246 -9.531070 1.491770 66.346609 1.648163 2.115700 6938
Car -1 -1 -0.880000 655.428800 170.678700 709.763300 192.691800 1.470390 1.587168 3.961836 4.987662 1.334139 50.104818 -0.799828 3.244400 6935
Car -1 -1 1.617600 606.483500 159.903900 625.815300 176.209500 1.483502 1.621404 4.121277 0.621812 0.277058 67.963492 1.617919 1.885400 6934
Car -1 -1 1.858500 336.667200 143.870800 454.478300 229.717300 2.591188 2.139696 6.671216 -7.285457 1.736788 25.214729 1.574560 3.065300 6930
Car -1 -1 -1.340700 927.467600 142.371800 1207.347200 360.008700 1.680935 1.630827 3.736498 4.868161 1.452459 7.461791 -0.764500 10.392300 6920
Car -1 -1 1.970400 271.817500 175.310700 361.540800 221.843500 1.606644 1.646514 4.053674 -10.791173 1.695388 26.609882 1.587326 8.480300 6909
Car -1 -1 -1.032300 688.519800 166.406000 816.833700 225.647600 1.604178 1.715623 4.442538 4.338828 1.437248 21.709264 -0.824568 10.468900 6903
Car -1 -1 2.085200 141.474100 174.512500 296.066600 241.321700 1.658229 1.743715 4.646635 -10.876342 1.709252 20.317064 1.595177 14.680900 6874
Car -1 -1 -1.091700 732.019500 135.727500 934.482200 255.817200 1.991159 1.817574 4.838105 4.576888 1.383845 14.335888 -0.792462 11.801600 6873
Car -1 -1 -1.569500 586.499600 168.878400 657.867400 237.708100 1.589811 1.657382 3.704805 0.264838 1.519543 18.740961 -1.561194 12.774800 6632
