Car -1 -1 1.733200 444.146000 175.968300 478.405200 199.567000 1.586934 1.631357 4.032000 -9.995992 1.728330 48.656690 1.562103 3.402900 6955
Car -1 -1 1.797300 481.062400 174.571400 512.891200 194.645300 1.562651 1.671570 4.192249 -9.213221 1.717036 58.959647 1.649070 5.500600 6954
Car -1 -1 2.304100 0.000000 178.774200 134.055700 302.264600 1.754796 1.703069 4.336767 -10.730216 1.870128 12.654937 1.597621 10.053200 6952
Car -1 -1 2.112500 119.866900 179.068900 275.418400 248.687900 1.621176 1.649356 4.102624 -10.675602 1.790365 18.936640 1.592387 13.237300 6950
Car -1 -1 1.967000 270.256300 182.231200 363.094900 227.021300 1.430109 1.615868 4.165780 -10.431713 1.787576 25.914950 1.583366 11.272600 6948
Car -1 -1 2.387300 1177.434600 183.634100 1241.000000 234.069800 1.486888 1.632814 4.329923 20.528562 1.809106 21.991756 3.137529 4.140600 6947
Car -1 -1 -0.959400 684.612800 169.772600 767.676300 206.024900 1.496481 1.631501 3.966477 5.061074 1.384165 31.338789 -0.805767 8.515700 6943
Car -1 -1 -0.813200 654.614000 171.984000 710.845100 195.644400 1.547581 1.616294 3.894768 4.962642 1.506965 48.816723 -0.750193 3.689900 6942
Car -1 -1 1.844000 415.515300 176.485000 464.131800 203.717100 1.495216 1.667138 4.328801 -9.935874 1.740051 42.069707 1.603449 7.496100 6941
Car -1 -1 -0.948300 666.802400 170.387500 725.684900 199.383600 1.605564 1.591871 3.626099 5.058499 1.486769 42.189289 -0.785470 3.143300 6935
Car -1 -1 -1.113600 744.696800 168.505600 925.693600 261.260700 1.505196 1.604137 4.165971 4.387548 1.425000 13.728659 -0.800512 13.508500 6903
Car -1 -1 -1.398600 917.565600 95.268300 1241.000000 374.000000 1.958264 1.806708 4.628415 4.558357 1.487958 6.416650 -0.786990 11.043900 6873
Car -1 -1 -1.604500 588.776400 171.974900 680.337700 259.925500 1.590980 1.642720 3.672682 0.372188 1.588691 14.802025 -1.575845 12.833800 6632
