Car -1 -1 -1.545300 620.490900 163.230500 640.448200 181.067400 1.478125 1.612290 3.932026 1.703512 0.691554 62.086740 -1.516470 1.432100 6960
Car -1 -1 1.819200 432.475900 174.635500 474.173000 200.525900 1.544168 1.626816 4.035441 -9.921241 1.632024 45.482661 1.597798 5.124200 6955
Car -1 -1 1.900600 473.476900 172.229500 511.030100 193.835700 1.563122 1.626870 3.980254 -9.137157 1.579231 55.801833 1.723749 4.049600 6954
Car -1 -1 2.165800 21.646300 180.116900 219.266900 262.928300 1.606899 1.655801 4.103806 -10.680114 1.755934 16.028478 1.579106 13.281200 6950
Car -1 -1 2.016800 221.903900 180.973000 333.154100 232.442200 1.441806 1.613986 4.054143 -10.440508 1.727002 22.884043 1.590265 11.830300 6948
Car -1 -1 -0.926800 688.960300 170.592700 783.759500 210.014700 1.482245 1.628499 4.027813 5.012193 1.362784 28.388082 -0.751941 10.320900 6943
Car -1 -1 -0.897900 654.042900 171.503300 712.222300 195.331700 1.465001 1.596028 3.948383 4.745001 1.376581 45.913319 -0.768966 3.748300 6942
Car -1 -1 1.873200 398.772800 176.419600 453.981200 206.326500 1.505384 1.666384 4.310251 -10.008595 1.718321 39.336648 1.653644 5.940900 6941
Car -1 -1 -0.866800 667.444900 170.983700 734.211600 200.271700 1.527576 1.596165 3.655601 5.007425 1.422005 39.269177 -0.735628 5.992200 6935
Car -1 -1 -1.175500 786.460000 166.360700 1006.845600 287.923000 1.527317 1.635044 4.156264 4.398889 1.420503 10.797809 -0.792135 13.026900 6903
Car -1 -1 -1.587800 587.585100 167.422300 692.727800 272.308300 1.631887 1.652623 3.747756 0.436010 1.571933 13.134109 -1.564620 12.647600 6632
