Car -1 -1 2.247600 0.000000 178.960200 174.837700 288.022400 1.740100 1.722691 4.442334 -10.774948 1.883481 14.072512 1.594794 12.396800 6952
Car -1 -1 -1.490200 552.784500 174.624600 580.128400 196.934000 1.502186 1.588366 3.939490 -2.945004 1.532932 49.687606 -1.550577 -0.846400 6951
Car -1 -1 2.070500 155.510200 179.130900 293.792600 244.340700 1.650466 1.666932 4.170411 -10.712262 1.827243 20.323447 1.585789 11.421600 6950
Car -1 -1 1.947100 397.839900 177.511300 439.424300 199.318500 1.506425 1.606261 4.045829 -14.013480 1.824068 52.615005 1.662994 2.176400 6949
Car -1 -1 1.941700 292.432800 183.893400 373.303800 225.929100 1.430895 1.594451 3.856000 -10.400282 1.879600 27.233553 1.579443 9.495600 6948
Car -1 -1 -3.823500 1162.045200 180.838400 1241.000000 230.000500 1.484878 1.608603 4.200499 20.529399 1.779364 23.316069 -3.107959 6.056000 6947
Car -1 -1 -0.874300 677.817600 171.823400 762.639700 207.369100 1.546768 1.645385 4.012002 5.056515 1.497670 32.751321 -0.721572 7.357500 6943
Car -1 -1 -0.990500 654.466500 173.226700 706.412300 196.598800 1.558566 1.635702 4.105192 4.918857 1.612152 50.370110 -0.845346 3.818300 6942
Car -1 -1 1.826900 420.803000 177.482100 466.476500 204.432500 1.506513 1.668396 4.210282 -9.977919 1.868974 43.472030 1.610166 4.954800 6941
Car -1 -1 -0.851700 663.562300 172.931200 723.586600 199.232400 1.526194 1.599948 3.688614 5.063455 1.565756 43.703525 -0.732283 3.672900 6935
Car -1 -1 -1.511100 613.931300 163.584700 634.383800 180.980100 1.474541 1.582574 3.893258 1.211874 0.703099 62.861372 -1.494932 1.759200 6934
Car -1 -1 -1.056300 728.191700 168.921000 903.996100 252.947300 1.531894 1.667465 4.266914 4.408087 1.473218 15.133305 -0.779558 12.284600 6903
Car -1 -1 -1.291600 855.699500 117.105800 1175.855900 361.814800 1.918912 1.791942 4.700066 4.586055 1.476323 7.809382 -0.778115 11.291700 6873
Car -1 -1 -1.586400 588.098000 176.571100 675.321700 260.809800 1.606398 1.654014 3.730487 0.369802 1.673267 15.591139 -1.563077 11.981400 6632
