Car -1 -1 1.749200 475.372700 176.520500 502.200700 194.820000 1.479580 1.603343 3.908374 -10.082152 1.607439 59.862401 1.589491 1.364100 6923
Car -1 -1 2.156800 290.423300 152.918200 332.085800 172.065600 1.561229 1.578168 3.628711 -25.320654 -0.020278 61.154710 1.749239 -0.183200 6922
Car -1 -1 -1.015200 736.198800 168.413500 879.016100 241.469300 1.610417 1.618760 3.854472 4.891121 1.494564 17.810428 -0.753737 7.379500 6920
Car -1 -1 1.798200 417.705300 180.480400 459.458300 206.711800 1.486519 1.617896 4.001581 -10.471161 1.977117 44.113224 1.576759 1.980900 6918
Car -1 -1 1.871700 370.154500 179.461100 426.225800 212.291200 1.542107 1.636095 4.056503 -10.801633 1.916400 36.975122 1.587897 8.400900 6909
Car -1 -1 -1.123900 752.808000 177.523500 924.671700 268.704600 1.475581 1.612412 3.888292 4.460660 1.573002 13.824457 -0.803242 10.832000 6905
Car -1 -1 -0.874900 663.972900 171.180300 754.414300 209.031500 1.576291 1.632542 4.285673 4.356322 1.510832 31.877795 -0.741237 6.782700 6903
Car -1 -1 1.903500 309.756400 175.957700 368.543300 206.703000 1.550714 1.651046 4.243005 -14.937124 1.800999 38.790613 1.549722 3.231500 6877
Car -1 -1 1.930500 309.818700 175.383100 393.170100 219.379000 1.699507 1.759238 4.735485 -10.882702 1.837026 30.645714 1.594596 11.125600 6874
Car -1 -1 -1.013900 677.671800 153.886800 799.583400 222.632400 2.080452 1.857337 4.824901 4.478002 1.531293 24.734896 -0.838848 9.994600 6873
Car -1 -1 -1.521000 1120.031500 82.514400 1241.000000 374.000000 1.664198 1.626932 4.158702 4.570359 1.470513 3.248163 -0.694551 5.393700 6868
Car -1 -1 -1.200200 796.929500 175.328400 1023.747400 301.665700 1.411601 1.586569 4.019864 4.283839 1.460000 10.079704 -0.800546 14.002700 6854
Car -1 -1 -1.577800 592.671900 172.478200 648.503900 227.285700 1.621938 1.661773 3.647793 0.276118 1.633338 23.369879 -1.565637 11.658800 6632
