Car -1 -1 1.816500 415.359400 177.287200 456.409600 202.656600 1.523797 1.595237 3.894320 -10.930156 1.800589 45.437305 1.577663 6.417300 6909
Car -1 -1 -1.043600 695.608800 172.308200 808.338600 225.811400 1.511286 1.614652 3.996744 4.436268 1.510137 22.429617 -0.828957 5.448800 6905
Car -1 -1 -0.830100 647.314000 171.828900 721.506800 200.375700 1.515562 1.619428 4.326372 4.182787 1.461404 40.280223 -0.756823 6.369000 6903
Car -1 -1 1.893400 307.117400 184.735700 411.452300 244.574000 1.447955 1.606094 3.979824 -6.998065 1.827192 20.360357 1.563143 13.577500 6884
Car -1 -1 1.923200 356.305300 176.617300 402.838300 200.726700 1.486125 1.586174 3.884812 -15.056711 1.730075 47.054364 1.618319 -0.738700 6877
Car -1 -1 1.865100 378.365900 173.728100 434.242700 207.607700 1.698248 1.697963 4.259325 -11.006958 1.743376 39.077447 1.600390 9.304000 6874
Car -1 -1 -0.977900 656.165400 160.161100 748.869000 205.318900 1.972745 1.829772 4.921766 4.305764 1.417270 33.174258 -0.853625 8.259300 6873
Car -1 -1 -1.080900 773.509800 170.656300 991.885100 280.091200 1.479969 1.601186 4.114540 4.521727 1.449052 11.787195 -0.716032 12.986700 6868
Car -1 -1 -0.951100 699.526700 174.430900 846.988200 237.867500 1.444818 1.620259 4.059602 4.191691 1.474632 18.523143 -0.753472 11.696800 6854
Car -1 -1 -1.583300 592.532200 170.965800 641.903900 220.405500 1.638342 1.648933 3.707391 0.176528 1.595206 26.090494 -1.576874 12.075100 6632
