Car -1 -1 1.749200 475.372700 176.520500 502.200700 194.820000 1.479580 1.603343 3.908374 -10.222313 1.810272 60.880181 1.589491 1.364100 6923
Car -1 -1 -1.028000 729.706000 167.269700 863.403000 235.742500 1.608658 1.619020 3.884301 4.890126 1.480435 18.738032 -0.765162 7.642800 6920
Car -1 -1 1.851600 420.993100 180.312000 463.593000 205.566500 1.480189 1.611774 3.938539 -10.581238 1.984380 44.761779 1.606684 2.755700 6918
Car -1 -1 1.866300 376.363600 179.512500 431.677900 210.717700 1.525128 1.643692 4.079807 -10.788095 1.922164 37.913228 1.589024 7.132000 6909
Car -1 -1 -1.074000 743.973400 176.335400 910.661800 259.117500 1.477493 1.606769 3.908180 4.501117 1.563080 14.764008 -0.786483 9.939000 6905
Car -1 -1 -0.887100 657.329400 170.552000 748.672100 208.581400 1.594885 1.653646 4.373492 4.277672 1.545897 32.864644 -0.746476 4.981100 6903
Car -1 -1 1.903500 309.756400 175.957700 368.543300 206.703000 1.550714 1.651046 4.243005 -14.952598 1.802249 39.737064 1.549722 3.231500 6877
Car -1 -1 1.935200 319.409500 176.184800 400.099500 217.951500 1.687059 1.755255 4.679640 -10.875696 1.861759 31.560634 1.603326 12.140400 6874
Car -1 -1 -1.026700 674.954800 156.639200 791.895300 219.081200 1.995752 1.838305 4.881373 4.477310 1.505443 25.613982 -0.844264 9.662500 6873
Car -1 -1 -1.521000 1120.031500 82.514400 1241.000000 374.000000 1.664198 1.626932 4.158702 4.568415 1.472640 4.225318 -0.694551 5.393700 6868
Car -1 -1 -1.175600 776.063300 176.141100 990.607600 291.151800 1.412736 1.598978 4.083394 4.257578 1.478197 10.998046 -0.803695 12.705900 6854
Car -1 -1 -1.572000 592.254700 174.705400 647.136200 227.282900 1.604849 1.659301 3.672700 0.265322 1.655220 23.715977 -1.565210 10.340800 6632
