Car -1 -1 1.733800 487.256700 179.170400 520.740900 201.899800 1.491907 1.658427 4.099837 -7.473947 1.989113 50.719788 1.587569 5.960500 6884
Car -1 -1 -0.602900 1118.521100 159.509900 1230.085600 193.105000 1.721410 1.734033 4.367823 29.202702 1.126348 37.422474 0.045689 0.292000 6883
Car -1 -1 -1.119200 813.159600 178.416900 1033.854000 301.368900 1.486728 1.561476 3.479628 4.597061 1.570161 10.416997 -0.698929 7.878800 6878
Car -1 -1 1.792000 410.463000 177.387800 441.550400 197.359600 1.538992 1.650085 3.993653 -15.289179 1.935557 59.796597 1.538566 2.879300 6877
Car -1 -1 1.802100 433.845000 175.330400 472.581700 200.021600 1.667502 1.740626 4.587147 -11.265270 1.884491 52.076775 1.583393 6.633400 6874
Car -1 -1 -0.988300 640.387300 167.964900 707.652900 199.795400 1.920147 1.816017 4.979113 4.159347 1.623830 46.166822 -0.863681 6.114000 6873
Car -1 -1 -0.878700 683.193700 173.294600 793.614700 220.873100 1.514703 1.600772 3.944152 4.415284 1.542989 24.730037 -0.706015 11.785300 6868
Car -1 -1 1.897700 300.049600 184.876000 407.537000 252.196100 1.496320 1.552904 3.585872 -6.560737 1.862330 18.643133 1.560309 13.203800 6866
Car -1 -1 -1.483800 1064.866600 178.680700 1241.000000 374.000000 1.496538 1.596815 3.904862 4.229259 1.530539 3.185671 -0.716547 6.277600 6865
Car -1 -1 -1.019100 752.478600 174.267000 939.635800 265.435400 1.523134 1.633378 3.961101 4.621238 1.554577 13.990243 -0.698828 11.617700 6860
Car -1 -1 -0.956000 657.460300 177.812900 743.584600 213.420100 1.429480 1.632394 4.130789 4.018330 1.684611 31.543810 -0.799518 7.653400 6854
Car -1 -1 -1.276400 900.170200 160.828600 1241.000000 374.000000 1.619804 1.624333 3.783410 4.337499 1.532541 6.637910 -0.701259 12.376400 6852
Car -1 -1 -1.589600 591.089400 175.923600 636.292800 219.142800 1.584997 1.647977 3.685142 0.079624 1.709269 28.295642 -1.583479 12.121200 6632
