Car -1 -1 2.047300 294.062200 175.050600 357.909500 208.005100 1.586746 1.572303 3.653634 -14.605741 1.715658 37.227113 1.693200 4.837200 6969
Car -1 -1 1.927900 373.869900 177.722600 420.361600 201.830500 1.477670 1.611990 4.020967 -13.926329 1.830517 47.318750 1.624994 2.572800 6967
Car -1 -1 1.801400 520.354700 176.472100 547.997100 193.155700 1.481624 1.622728 4.160362 -7.040891 1.784513 67.418664 1.713579 1.016100 6965
Car -1 -1 -1.506300 621.160000 165.661400 642.165300 182.985800 1.457186 1.597007 3.824084 1.901257 0.876324 62.640474 -1.479436 2.770200 6960
Car -1 -1 1.851000 424.776100 175.753700 470.619200 202.769900 1.588629 1.653214 4.146649 -10.043617 1.763389 44.695933 1.619149 4.793000 6955
Car -1 -1 1.855100 470.634300 176.274700 507.482700 197.921100 1.549731 1.650430 4.206913 -9.189353 1.778067 54.930892 1.679023 4.932700 6954
Car -1 -1 2.202200 0.000000 180.442000 204.012200 275.300900 1.654892 1.689904 4.292540 -10.713461 1.826143 15.134083 1.585057 11.721800 6950
Car -1 -1 2.017800 204.641400 184.904700 322.078100 239.517800 1.452098 1.624613 4.141490 -10.461066 1.824492 22.021157 1.573576 11.659000 6948
Car -1 -1 -0.933600 689.909200 170.614300 789.690100 214.283200 1.547333 1.647762 4.080948 4.998894 1.449033 27.568120 -0.759662 10.436200 6943
Car -1 -1 -0.869700 661.004400 174.229200 719.812000 200.175600 1.509496 1.599668 3.792588 4.915640 1.561200 44.973628 -0.801160 1.615000 6942
Car -1 -1 1.910000 395.898600 181.147400 450.287700 210.990000 1.474814 1.632498 4.033059 -9.999872 1.886435 38.473292 1.652168 3.459900 6941
Car -1 -1 -0.872800 670.619400 172.814700 735.782000 201.655900 1.491435 1.569080 3.538158 4.987777 1.477465 38.482726 -0.769839 6.319900 6935
Car -1 -1 -1.203800 803.040800 168.529400 1034.518000 304.153100 1.528527 1.622153 4.089855 4.383225 1.463301 9.953227 -0.798237 12.501700 6903
Car -1 -1 -1.591400 584.638400 172.135200 694.076900 279.848000 1.612159 1.644517 3.695308 0.411370 1.610396 12.632317 -1.559883 12.651600 6632
