Car -1 -1 -0.881900 681.616300 174.547700 785.538600 221.291300 1.488840 1.593411 3.796074 4.282992 1.556641 25.048889 -0.717054 2.692100 6905
Car -1 -1 -0.897300 646.181100 172.817900 710.300900 199.880900 1.531194 1.605977 4.138663 4.094160 1.543917 43.192896 -0.761949 3.068600 6903
Car -1 -1 1.826700 384.968900 184.375800 455.237300 226.357300 1.421887 1.608165 3.946575 -7.148541 1.894123 27.224234 1.562945 12.071200 6884
Car -1 -1 1.921800 368.927900 177.068000 410.795600 199.439700 1.472214 1.581618 3.726980 -15.199233 1.791227 49.714407 1.599178 5.340800 6877
Car -1 -1 1.846400 392.271400 174.365500 444.088600 204.525000 1.680720 1.723723 4.486443 -11.131442 1.813471 41.826033 1.601483 6.064300 6874
Car -1 -1 -0.977500 652.412000 161.860800 738.268500 205.485900 1.993912 1.846841 4.885116 4.277592 1.536688 36.150391 -0.860972 9.278600 6873
Car -1 -1 -1.022100 739.493900 171.195400 919.112400 255.417100 1.501256 1.632014 4.085172 4.536732 1.481211 14.772122 -0.720503 13.357400 6868
Car -1 -1 -1.674300 1222.289900 179.763600 1241.000000 374.000000 1.509762 1.623241 4.161546 4.569877 1.559426 4.062501 -0.794950 2.314500 6860
Car -1 -1 -0.986600 685.141100 175.675000 808.893300 228.832500 1.412051 1.627764 4.115998 4.112573 1.532459 21.497818 -0.792392 12.601800 6854
Car -1 -1 -1.578400 591.366000 173.249800 639.693900 220.855200 1.625583 1.658090 3.731373 0.131677 1.656731 26.780482 -1.577030 11.594600 6632
