Car -1 -1 1.798800 483.777700 176.380500 511.311400 193.427400 1.500071 1.642926 4.112206 -10.256342 1.841028 65.433836 1.625277 1.999100 6913
Car -1 -1 1.828100 401.821300 177.704300 447.800700 206.349600 1.541606 1.622984 3.972651 -10.878211 1.858069 42.465783 1.578673 4.916800 6909
Car -1 -1 -0.984100 708.886400 174.009600 845.006500 236.865900 1.518464 1.620153 4.056602 4.528944 1.542315 19.466837 -0.778133 7.511100 6905
Car -1 -1 -0.793000 651.720700 172.201900 729.496100 202.472000 1.513425 1.612053 4.230537 4.287791 1.446919 37.345436 -0.703732 4.954000 6903
Car -1 -1 2.004900 146.158100 192.960000 330.556800 291.156300 1.474008 1.591212 3.820517 -6.849170 1.898327 13.600870 1.547031 14.939700 6884
Car -1 -1 1.892100 339.949500 176.654200 386.188900 203.638500 1.553043 1.596913 3.759309 -15.106850 1.753508 44.152339 1.564091 4.634700 6877
Car -1 -1 1.884400 358.263600 175.878500 421.628600 212.430900 1.689399 1.731238 4.467783 -10.971939 1.823581 36.158075 1.594585 11.312200 6874
Car -1 -1 -0.975700 662.212700 159.180200 766.096000 209.909100 1.966135 1.838508 4.945074 4.397541 1.419563 30.329656 -0.838479 9.433200 6873
Car -1 -1 -1.195600 833.063600 166.601900 1104.813400 320.570400 1.490859 1.620883 4.090938 4.559686 1.439975 8.960232 -0.724011 13.163500 6868
Car -1 -1 -1.026500 722.801600 172.478300 882.941900 249.959200 1.468953 1.585400 3.932032 4.219454 1.465904 15.689445 -0.768964 12.873300 6854
Car -1 -1 -1.590200 592.858100 174.367700 644.822800 225.444200 1.632324 1.675149 3.708672 0.215474 1.651353 25.337348 -1.582714 11.874700 6632
