Car -1 -1 1.893700 523.062500 172.769100 551.931800 188.853200 1.473457 1.583009 3.871791 -6.827459 1.470067 68.096179 1.759083 -0.721700 6965
Car -1 -1 -1.545300 620.490900 163.230500 640.448200 181.067400 1.478125 1.612290 3.932026 1.744595 0.699392 62.127134 -1.516470 1.432100 6960
Car -1 -1 1.804000 429.338100 173.102900 470.326300 201.992800 1.682400 1.642290 3.972892 -10.018494 1.723786 45.299297 1.589261 3.898100 6955
Car -1 -1 1.771100 473.991300 174.727400 506.586800 194.966600 1.514469 1.644750 4.165322 -9.168802 1.608585 55.465524 1.651594 5.946900 6954
Car -1 -1 2.173500 0.000000 179.334900 214.627800 267.247900 1.615985 1.672116 4.235011 -10.714614 1.769313 15.733398 1.577433 13.264500 6950
Car -1 -1 2.001700 215.770600 182.071900 332.682600 234.906700 1.445881 1.644093 4.230256 -10.435360 1.747711 22.624880 1.578235 9.117900 6948
Car -1 -1 -0.944200 691.271200 167.631400 786.803400 210.997300 1.540807 1.644383 4.002465 5.041333 1.378028 28.127018 -0.761186 9.243200 6943
Car -1 -1 -0.846800 655.957600 170.361000 717.050000 194.215700 1.454988 1.602253 3.981706 4.812795 1.322467 45.669523 -0.751744 5.749000 6942
Car -1 -1 1.883100 394.722000 176.355700 450.962100 206.611200 1.515653 1.673687 4.358117 -10.054296 1.721119 39.009480 1.639278 6.705700 6941
Car -1 -1 -0.867700 668.367300 171.262200 734.678400 199.839600 1.495021 1.586545 3.648060 4.967822 1.401968 38.971367 -0.739381 5.446000 6935
Car -1 -1 -1.192800 793.533400 161.565600 1014.520100 292.809600 1.552769 1.638663 4.047759 4.404684 1.428200 10.520183 -0.796687 13.506100 6903
Car -1 -1 -1.583700 584.547000 167.164400 691.377400 276.564600 1.670460 1.654648 3.695374 0.423836 1.593593 12.976241 -1.556759 13.293500 6632
