Car -1 -1 2.276600 0.000000 177.624300 146.177400 294.816900 1.760132 1.717589 4.286367 -10.738623 1.864640 13.130081 1.592800 10.430200 6952
Car -1 -1 2.084900 132.528100 178.786300 277.665900 250.020000 1.663369 1.650256 4.070950 -10.678792 1.844356 19.323303 1.579907 12.406800 6950
Car -1 -1 1.964800 275.624700 181.728300 369.147200 226.117700 1.439024 1.625847 4.218982 -10.442560 1.810416 26.425954 1.582826 10.608200 6948
Car -1 -1 2.387300 1177.434600 183.634100 1241.000000 234.069800 1.486888 1.632814 4.329923 20.524243 1.807560 22.490093 3.137529 4.140600 6947
Car -1 -1 -1.008300 682.632500 170.611500 764.395200 207.578100 1.527354 1.644932 4.080351 5.052789 1.443792 31.802169 -0.815907 7.431400 6943
Car -1 -1 -0.887800 655.194300 171.908900 711.109800 196.034400 1.556450 1.622109 4.028203 5.009771 1.541325 49.211821 -0.810695 1.983900 6942
Car -1 -1 1.805800 415.191300 177.023900 461.791900 204.312600 1.514820 1.692603 4.322493 -10.045506 1.800498 42.552478 1.587673 4.911600 6941
Car -1 -1 -0.830800 664.793700 170.664100 725.411800 198.631800 1.582043 1.584220 3.601180 5.075946 1.496101 42.725880 -0.714390 4.583600 6935
Car -1 -1 -1.541000 613.638600 166.297400 633.766000 183.934300 1.481623 1.614110 4.051995 1.259109 0.895872 62.315124 -1.511599 1.776200 6934
Car -1 -1 -1.092200 743.202900 167.827000 916.843800 254.706500 1.498555 1.598047 4.119649 4.397278 1.406341 14.176616 -0.790824 12.026800 6903
Car -1 -1 -1.362300 892.203900 94.300500 1239.743300 374.000000 2.012410 1.825490 4.717270 4.595560 1.515918 6.887457 -0.785031 10.222500 6873
Car -1 -1 -1.606400 588.408300 173.102300 677.233200 260.662800 1.608907 1.637251 3.667638 0.363017 1.632916 15.076667 -1.570417 11.277900 6632
