Car -1 -1 1.671200 486.357800 176.226500 508.544100 193.737600 1.627951 1.718683 4.349940 -10.900741 1.960070 69.963740 1.520520 3.160000 6874
Car -1 -1 -0.897300 637.925300 172.653800 683.659200 193.253400 1.810089 1.734286 4.417611 4.616009 1.816378 64.082040 -0.796963 -0.353500 6873
Car -1 -1 -0.805600 656.040300 174.057100 723.283200 201.056400 1.533641 1.631743 4.015201 4.703893 1.594364 42.894054 -0.757097 3.794700 6868
Car -1 -1 1.701100 517.559000 179.569500 543.677700 199.186400 1.484267 1.569263 4.038482 -6.394693 2.054100 58.016994 1.571763 3.518200 6866
Car -1 -1 -0.879300 691.605200 174.889400 822.636000 233.423300 1.547455 1.594716 4.039027 4.357145 1.607400 21.248455 -0.702896 5.004400 6865
Car -1 -1 -0.828100 673.313800 174.489900 763.830400 210.866400 1.515531 1.583915 4.196482 4.849793 1.585068 32.101606 -0.684590 4.276400 6860
Car -1 -1 -0.922500 644.675700 176.001300 699.814100 198.732900 1.482260 1.621486 4.154403 4.301482 1.677715 49.590439 -0.838629 1.140100 6854
Car -1 -1 -0.892900 683.710200 169.442800 790.982800 221.857900 1.660918 1.634640 3.882049 4.402101 1.557256 24.867718 -0.704551 5.864900 6852
Car -1 -1 -1.058200 707.328100 170.621000 845.135300 242.545200 1.576689 1.612459 3.867705 4.119743 1.526635 17.757158 -0.828054 11.013200 6838
Car -1 -1 -1.153300 812.458600 175.419600 1033.394800 292.992600 1.483817 1.616701 3.936358 4.835733 1.498610 10.949250 -0.732543 11.338900 6831
Car -1 -1 -1.112200 737.426900 177.495200 911.789000 264.062500 1.424489 1.622276 4.134176 4.310222 1.550229 14.338850 -0.830011 11.091400 6815
Car -1 -1 2.323100 0.000000 183.700300 97.892700 316.413400 1.658534 1.636766 4.123815 -10.536757 1.864117 11.549822 1.580475 8.840900 6793
Car -1 -1 -1.317100 915.223400 165.318700 1190.989700 364.579700 1.529730 1.540370 3.533489 4.591550 1.473665 7.358518 -0.754568 10.805300 6788
Car -1 -1 -1.567100 595.757300 174.963600 638.328500 216.772900 1.595959 1.644889 3.739656 0.239903 1.692794 29.814330 -1.560557 11.366900 6632
