Car -1 -1 -0.938700 718.652200 177.864200 863.165200 241.550600 1.478111 1.617071 4.001451 4.796373 1.605275 18.981057 -0.676849 2.650300 6878
Car -1 -1 1.790000 438.493600 176.673800 464.015900 193.100900 1.496954 1.602065 3.942133 -15.019676 1.865305 68.415703 1.585785 1.241400 6877
Car -1 -1 1.817400 461.294400 174.061300 494.465400 193.961800 1.595272 1.716742 4.277113 -11.050419 1.729463 60.272456 1.619280 3.306500 6874
Car -1 -1 -0.941700 638.626600 166.397600 695.015500 194.033700 1.924154 1.801932 4.726681 4.303624 1.424483 54.449451 -0.874020 4.077300 6873
Car -1 -1 -0.864600 665.090000 172.325300 750.784400 207.768000 1.524820 1.646060 4.056309 4.501546 1.499211 33.120334 -0.727853 8.170700 6868
Car -1 -1 1.756100 458.403200 179.712100 503.125700 211.579100 1.475698 1.578661 3.675925 -6.557565 1.865785 36.787981 1.572403 9.593500 6866
Car -1 -1 -1.118600 767.885300 176.369500 976.776700 287.019800 1.478936 1.601795 3.931878 4.302785 1.539173 11.614951 -0.762739 9.773500 6865
Car -1 -1 -0.915700 696.522000 172.643800 822.123300 226.400400 1.517599 1.640968 4.113117 4.657369 1.512223 22.443848 -0.715046 9.613300 6860
Car -1 -1 -0.957100 651.551100 174.651600 721.030300 203.316700 1.476324 1.638550 4.227123 4.206436 1.569228 39.860739 -0.814237 4.889600 6854
Car -1 -1 -1.002800 730.705400 166.444800 904.183900 254.990700 1.631762 1.639461 3.941205 4.392359 1.503794 15.153638 -0.712560 11.351600 6852
Car -1 -1 -1.297700 841.833000 150.378200 1109.120800 350.732900 1.640131 1.624732 3.873953 4.127670 1.477724 7.937956 -0.817492 12.547500 6838
Car -1 -1 -1.585900 1073.881900 181.782300 1241.000000 374.000000 1.461740 1.623356 4.207744 4.250087 1.548370 4.554221 -0.828096 6.708300 6815
Car -1 -1 -1.572700 592.885400 173.996300 636.736000 215.725100 1.574066 1.656073 3.752738 0.165506 1.625093 29.077036 -1.569404 10.841800 6632
