Car -1 -1 1.786000 441.661200 175.265400 480.335900 199.726800 1.529132 1.633564 4.089680 -9.837626 1.723069 47.661579 1.584623 1.337500 6955
Car -1 -1 1.839500 478.562000 173.409700 512.612700 193.693700 1.548974 1.667021 4.051961 -9.173776 1.618402 57.875810 1.672297 4.125100 6954
Car -1 -1 2.331200 0.000000 173.455200 110.155200 308.578100 1.786807 1.716263 4.427670 -10.706528 1.834408 11.840542 1.595132 8.158100 6952
Car -1 -1 2.115600 95.051500 180.139300 262.376800 253.764500 1.614039 1.670159 4.150484 -10.659737 1.798874 18.129251 1.585288 14.089600 6950
Car -1 -1 1.983600 257.321900 183.347100 355.273900 229.923200 1.425743 1.626189 4.073760 -10.432970 1.799686 25.030360 1.587439 10.801200 6948
Car -1 -1 -0.903600 686.061800 169.227900 776.455400 207.160600 1.506287 1.640014 3.982908 5.133646 1.361941 30.518765 -0.748237 8.530000 6943
Car -1 -1 -0.888500 654.855600 170.577700 711.234400 194.641700 1.524221 1.609010 3.919563 4.911274 1.417665 47.907704 -0.779451 2.294100 6942
Car -1 -1 1.851000 412.348100 176.254600 460.996900 204.017100 1.522011 1.660256 4.193412 -9.947511 1.686609 41.422835 1.617403 8.195900 6941
Car -1 -1 -0.850900 668.141300 169.467000 731.417800 197.853300 1.572299 1.589408 3.625873 5.134168 1.395452 41.458483 -0.742689 4.125100 6935
Car -1 -1 -1.131000 753.281400 160.339900 944.531900 267.058500 1.577839 1.637091 4.193270 4.392262 1.431706 12.915606 -0.799044 13.821800 6903
Car -1 -1 -1.545800 977.008300 90.407400 1241.000000 374.000000 1.889193 1.790792 4.719050 4.448292 1.486598 5.637034 -0.856811 8.419400 6873
Car -1 -1 -1.613800 592.348100 175.212000 685.246000 266.398600 1.587391 1.623753 3.680316 0.418434 1.608913 14.301990 -1.577533 11.357000 6632
