Car -1 -1 1.930900 304.277100 183.747100 382.922300 226.146400 1.483396 1.615456 3.991535 -10.531838 1.962745 28.666437 1.572681 7.985600 6948
Car -1 -1 -3.827500 1128.667200 183.644500 1241.000000 227.617400 1.449573 1.611562 4.209139 20.559973 1.861705 24.955646 -3.130268 7.182300 6947
Car -1 -1 -0.855900 675.170000 172.558200 761.084400 208.083900 1.571000 1.668905 4.168998 5.096307 1.595592 34.301310 -0.709218 6.391200 6943
Car -1 -1 -0.937400 648.696000 174.494000 698.087500 195.791000 1.482958 1.605287 3.897580 4.628793 1.648715 51.782840 -0.843593 2.877300 6942
Car -1 -1 1.826700 425.531400 181.664000 469.056600 207.709500 1.492190 1.661855 4.105723 -10.079777 2.069938 44.809978 1.594627 3.144500 6941
Car -1 -1 1.919400 485.119900 177.866100 518.715400 195.968900 1.482626 1.616835 3.991401 -9.283113 1.989752 61.572612 1.782400 1.483600 6938
Car -1 -1 -0.965800 660.255900 174.627200 716.933900 200.436500 1.538919 1.609571 3.869073 4.942844 1.677023 45.300526 -0.837806 2.513900 6935
Car -1 -1 1.591600 609.256500 164.324400 628.700200 181.646600 1.485700 1.634808 4.189682 0.803558 0.785402 63.889792 1.624627 2.601900 6934
Car -1 -1 2.312500 0.000000 124.763800 175.954100 374.000000 2.240935 1.983229 5.883934 -7.273462 1.851730 7.514565 1.559911 -0.156000 6930
Car -1 -1 -1.030900 715.883000 171.441900 879.438600 249.600900 1.594413 1.697969 4.343541 4.390821 1.552942 16.700847 -0.791865 12.252700 6903
Car -1 -1 -1.231700 811.179500 124.375100 1090.784300 320.633900 1.962797 1.807608 4.749306 4.589543 1.480859 9.331605 -0.785725 11.963000 6873
Car -1 -1 -1.587300 587.342000 173.014600 669.870300 254.875000 1.615112 1.655289 3.796396 0.329580 1.653643 16.417939 -1.571497 11.526000 6632
