Car -1 -1 1.824100 412.337200 179.071000 454.460200 204.468600 1.485756 1.598519 3.885639 -10.878925 1.846132 44.474965 1.581989 7.883000 6909
Car -1 -1 -0.955300 697.836800 172.571000 827.077000 228.713600 1.508328 1.611097 4.128918 4.519674 1.500568 21.412118 -0.777562 7.530800 6905
Car -1 -1 -0.835100 649.855800 172.555300 724.153100 201.229300 1.494695 1.608904 4.264090 4.199786 1.453688 39.299789 -0.739380 6.459300 6903
Car -1 -1 1.927100 269.015200 188.170100 390.071900 257.004400 1.459725 1.597692 3.878760 -6.951623 1.866320 18.096312 1.562251 15.321500 6884
Car -1 -1 1.857300 349.912200 174.074300 394.350900 199.249100 1.518556 1.625003 3.949822 -15.171328 1.655428 46.223244 1.569544 4.026600 6877
Car -1 -1 1.901200 370.543900 174.385600 429.883800 207.161300 1.647910 1.691249 4.300409 -10.997059 1.713576 38.025122 1.612139 9.139700 6874
Car -1 -1 -0.969500 656.784400 158.958100 754.508000 206.355500 1.962582 1.833127 4.953121 4.315093 1.391683 32.213306 -0.842979 9.458200 6873
Car -1 -1 -1.112200 789.417200 167.090500 1022.122400 289.534100 1.507800 1.599402 4.106728 4.540332 1.449885 10.878621 -0.717186 11.753800 6868
Car -1 -1 -1.018800 706.013700 173.763900 851.743100 239.979300 1.433373 1.601743 4.022828 4.167753 1.455501 17.549159 -0.774070 12.473100 6854
Car -1 -1 -1.601400 592.347800 171.885100 642.715000 220.169800 1.613533 1.660470 3.752637 0.167500 1.574168 25.841957 -1.588200 11.722100 6632
