Car -1 -1 1.767100 478.423300 175.533300 505.993800 193.405000 1.592570 1.722921 4.391245 -10.854606 1.847412 66.669123 1.592197 2.468100 6874
Car -1 -1 -0.884800 637.688500 168.855700 689.444600 189.880500 1.711954 1.739564 4.636786 4.448735 1.339966 60.857121 -0.856935 2.756100 6873
Car -1 -1 -0.817000 658.735900 174.810700 731.143800 204.940400 1.561356 1.647767 4.028452 4.665154 1.662656 39.462838 -0.699669 5.515800 6868
Car -1 -1 1.781500 501.332400 181.047700 534.509900 203.271400 1.468974 1.596614 3.757994 -6.464768 2.053672 50.771966 1.619855 3.775900 6866
Car -1 -1 -0.989200 715.604600 177.430600 859.364200 245.602900 1.498621 1.559159 3.996617 4.449597 1.606591 18.008472 -0.742495 8.095400 6865
Car -1 -1 -0.837900 678.739400 174.753700 781.984000 216.199800 1.523504 1.623308 4.239311 4.809207 1.599029 28.814752 -0.698286 6.305300 6860
Car -1 -1 -0.825700 644.574700 176.500900 708.729500 200.650300 1.464175 1.627069 4.235965 4.291222 1.704288 46.298580 -0.767808 5.263000 6854
Car -1 -1 -0.923600 694.741200 168.590700 820.606300 229.435000 1.660293 1.642168 3.911650 4.396099 1.547873 21.564810 -0.722530 9.244400 6852
Car -1 -1 -1.102100 727.330800 171.091100 898.471200 263.326100 1.587068 1.637164 3.994994 4.148425 1.549449 14.513079 -0.821627 10.918600 6838
Car -1 -1 -1.319900 915.999700 167.065000 1203.140700 361.654700 1.530783 1.622273 4.028724 4.869091 1.498120 7.669086 -0.753581 13.159400 6831
Car -1 -1 -1.193600 781.032700 176.927300 995.658800 298.044200 1.462317 1.630254 4.161285 4.348035 1.541928 11.012853 -0.809680 11.688700 6815
Car -1 -1 -1.438100 1058.299600 166.434900 1241.000000 374.000000 1.580433 1.564725 3.560563 4.620102 1.546607 4.037555 -0.717865 6.797400 6788
Car -1 -1 -1.584200 595.857100 177.019200 638.019800 218.531200 1.576057 1.621830 3.646366 0.217627 1.733668 29.536442 -1.571746 11.986700 6632
