Car -1 -1 1.707500 493.325600 180.434100 522.731600 201.924200 1.487226 1.627888 4.011546 -7.524327 2.059557 53.229974 1.586386 4.582400 6884
Car -1 -1 -0.633500 1107.872100 163.789300 1217.180200 196.970300 1.761716 1.738455 4.406855 29.283770 1.303094 38.440184 0.024151 3.251500 6883
Car -1 -1 -1.090100 803.114500 178.241600 1006.413100 292.609200 1.521722 1.542993 3.471259 4.649490 1.595983 11.371569 -0.685870 6.994100 6878
Car -1 -1 1.775700 412.750200 178.342900 442.286400 196.858800 1.479921 1.641162 3.919955 -15.325306 1.871938 60.721318 1.531876 4.753200 6877
Car -1 -1 1.773000 438.499700 176.195400 475.841300 200.291400 1.632393 1.735330 4.698057 -11.202724 1.896386 53.097943 1.574807 7.640100 6874
Car -1 -1 -0.876300 640.110200 168.208200 708.918300 199.033400 1.907601 1.807793 4.880597 4.219010 1.600076 47.088674 -0.806372 5.952500 6873
Car -1 -1 -0.884200 681.277100 174.772400 786.167900 221.273300 1.529918 1.614480 3.983716 4.444774 1.586631 25.784623 -0.712027 10.775900 6868
Car -1 -1 1.864900 335.472600 186.265600 426.588500 244.141200 1.463182 1.560514 3.600067 -6.572330 1.881026 20.850840 1.559999 13.041800 6866
Car -1 -1 -1.483800 1064.866600 178.680700 1241.000000 374.000000 1.496538 1.596815 3.904862 4.239833 1.535908 4.254220 -0.716547 6.277600 6865
Car -1 -1 -0.993100 742.284700 174.642100 921.638700 259.647700 1.524322 1.631400 4.030194 4.651747 1.560978 15.053794 -0.695474 12.157400 6860
Car -1 -1 -0.862100 657.234100 179.353300 743.461200 213.865900 1.432198 1.627045 4.062005 4.090125 1.729666 32.497694 -0.749226 6.336600 6854
Car -1 -1 -1.221600 856.167400 159.646800 1163.737800 371.513500 1.660422 1.632314 3.900732 4.352724 1.567934 7.676144 -0.704105 13.207900 6852
Car -1 -1 -1.582600 592.697500 176.033200 636.768800 220.453300 1.616220 1.635966 3.659321 0.118798 1.734882 28.423969 -1.576972 11.140100 6632
