Car -1 -1 1.655000 526.615500 180.550100 547.067300 197.835200 1.467023 1.532171 3.747697 -6.542161 2.180786 64.649776 1.568837 -0.327700 6866
Car -1 -1 -0.843100 683.030700 176.080600 802.080800 224.863200 1.524111 1.606173 4.143375 4.489069 1.638711 24.622437 -0.724220 3.732700 6865
Car -1 -1 -0.826300 669.629900 172.423200 756.061700 205.913700 1.541007 1.593173 4.369099 4.969183 1.552398 35.168505 -0.685238 5.242800 6860
Car -1 -1 -0.800900 639.707200 176.053600 696.858700 197.361900 1.489142 1.625246 4.273536 4.284338 1.718790 52.922750 -0.780008 3.779200 6854
Car -1 -1 -0.879700 673.171200 172.216600 772.685300 217.755600 1.666369 1.660829 4.056876 4.445345 1.627316 28.176889 -0.709806 5.685000 6852
Car -1 -1 -0.983500 688.463400 172.611300 812.444400 233.385000 1.618223 1.638634 3.973308 4.134129 1.609753 21.078527 -0.803950 10.036800 6838
Car -1 -1 -1.049600 765.468700 172.049900 950.147500 262.741000 1.543104 1.632705 4.000181 4.918579 1.530849 14.243121 -0.718212 9.380700 6831
Car -1 -1 -1.082900 712.337400 179.561500 857.270500 247.069100 1.426440 1.631012 4.214477 4.311405 1.593490 17.615210 -0.835694 9.910400 6815
Car -1 -1 2.198100 0.000000 182.618200 200.526200 280.328700 1.621427 1.692553 4.448757 -10.570402 1.864828 14.803386 1.579271 12.370600 6793
Car -1 -1 -1.135700 810.367400 169.934700 1024.793900 293.221800 1.527515 1.569464 3.484750 4.568090 1.478133 10.643898 -0.741215 13.099700 6788
Car -1 -1 -1.586200 594.822200 175.072800 636.518400 217.042100 1.616159 1.624055 3.534039 0.170712 1.731681 29.980807 -1.572613 11.153900 6632
