Car -1 -1 1.656400 555.082100 169.672900 583.217600 193.460800 1.563374 1.611042 4.098917 -2.829076 1.387929 50.412501 1.590727 0.266300 6951
Car -1 -1 2.062900 162.740400 178.929200 301.640800 246.910500 1.707888 1.688090 4.255508 -10.720375 1.913091 20.789449 1.586097 12.877000 6950
Car -1 -1 1.947100 397.839900 177.511300 439.424300 199.318500 1.506425 1.606261 4.045829 -14.078190 1.882449 53.129667 1.662994 2.176400 6949
Car -1 -1 1.946500 295.858700 184.892300 377.652700 226.986400 1.453056 1.620099 3.963607 -10.461843 1.931397 27.751325 1.583558 9.612300 6948
Car -1 -1 2.464700 1148.778900 182.390000 1241.000000 228.582100 1.447790 1.604724 4.056166 20.417323 1.789463 23.858384 -3.120676 5.893200 6947
Car -1 -1 -0.877500 678.507600 170.382300 763.830900 207.143300 1.591860 1.663481 4.061194 5.121376 1.526596 33.262661 -0.719910 6.476600 6943
Car -1 -1 -0.866400 651.095500 173.078000 707.658000 196.533000 1.552039 1.641367 4.113108 4.868200 1.632909 50.800669 -0.768402 3.292700 6942
Car -1 -1 1.865300 421.797100 179.560600 469.851400 206.037800 1.487764 1.651884 4.263810 -9.980094 1.955362 43.970657 1.624996 5.529500 6941
Car -1 -1 -0.817900 663.292100 174.348500 723.678900 199.961800 1.524405 1.608603 3.724234 5.055985 1.617002 44.217198 -0.725297 3.560800 6935
Car -1 -1 1.610000 613.857100 162.492500 634.116500 179.945700 1.478813 1.612951 4.041242 1.119092 0.708520 63.062789 1.640946 3.127700 6934
Car -1 -1 -1.063400 725.189400 171.753700 893.532600 251.809500 1.541107 1.667409 4.271466 4.417560 1.506290 15.660205 -0.787743 11.860700 6903
Car -1 -1 -1.299400 835.600300 120.056300 1138.512100 350.318400 1.939805 1.823237 4.800977 4.590487 1.480080 8.349531 -0.800954 10.400100 6873
Car -1 -1 -1.592900 587.243000 172.515400 672.382200 258.857200 1.654935 1.655494 3.612349 0.352567 1.678257 15.896515 -1.564334 11.900000 6632
