Car -1 -1 -1.971900 878.709100 152.689800 919.879200 172.513100 1.480834 1.570491 3.967726 22.437872 0.076956 54.963112 -1.520229 0.488300 6882
Car -1 -1 -0.962000 730.539300 176.756800 883.984400 250.739000 1.501663 1.594073 3.805692 4.645102 1.626163 16.806774 -0.692233 3.853100 6878
Car -1 -1 1.750900 432.696000 176.688300 459.594000 195.022200 1.567974 1.664351 4.166214 -15.123773 1.933837 66.508390 1.524604 3.457300 6877
Car -1 -1 1.824900 457.519200 174.390300 489.832300 193.647600 1.514981 1.655202 4.122091 -11.045456 1.646077 58.417710 1.630077 3.759600 6874
Car -1 -1 -0.950500 638.283700 167.444600 695.171200 192.993800 1.831984 1.755939 4.624840 4.171164 1.464896 52.343477 -0.856916 2.571500 6873
Car -1 -1 -0.848400 669.860100 172.797300 762.534400 211.573600 1.561590 1.660416 4.083505 4.539363 1.557016 30.953532 -0.709318 8.773600 6868
Car -1 -1 1.767000 436.390300 182.970900 488.969000 218.696500 1.456471 1.566056 3.784055 -6.551153 1.899875 32.241750 1.573830 11.262600 6866
Car -1 -1 -1.192000 801.272800 179.298500 1051.723700 320.816300 1.440675 1.621508 4.025475 4.277726 1.541174 9.533631 -0.765227 11.762300 6865
Car -1 -1 -0.936000 705.736000 175.480100 840.397800 235.394000 1.506043 1.643508 4.020497 4.615811 1.562816 20.309889 -0.716872 10.301600 6860
Car -1 -1 -0.951600 652.776900 176.591500 723.246600 206.486700 1.456777 1.620348 4.074249 4.103986 1.632948 37.743663 -0.819864 5.581800 6854
Car -1 -1 -1.017500 748.731900 168.789200 950.979600 272.143000 1.612681 1.629741 3.921312 4.354635 1.523086 12.977307 -0.695457 11.586800 6852
Car -1 -1 -1.424600 930.374800 158.738600 1241.000000 374.000000 1.636172 1.649261 3.839939 4.089389 1.534150 5.797054 -0.813884 11.301100 6838
Car -1 -1 -1.582000 593.154500 174.141200 637.705200 218.304200 1.607154 1.663959 3.719083 0.142325 1.680980 28.927903 -1.572109 11.394500 6632
