Car -1 -1 1.729500 525.159100 176.170000 557.765000 198.803300 1.519468 1.664382 4.148656 -4.908446 1.757126 51.736236 1.682870 4.805000 7003
Car -1 -1 1.775100 515.630600 175.828300 543.764600 195.085900 1.544919 1.610826 4.033357 -6.867088 1.838426 61.635067 1.698510 -0.566200 7002
Car -1 -1 1.903500 341.280500 176.457500 392.938900 203.791000 1.478483 1.604705 3.927093 -14.015728 1.727674 41.527515 1.579440 2.130500 6991
Car -1 -1 2.139700 234.946400 179.237200 314.728600 217.515000 1.520931 1.527111 3.399264 -14.348469 1.819502 30.915705 1.719189 6.851200 6969
Car -1 -1 1.843400 403.429700 177.101700 452.207600 209.277300 1.606400 1.587181 3.733846 -9.752315 1.855687 38.622530 1.596622 6.585200 6955
Car -1 -1 1.928900 457.711200 178.832300 502.958100 202.371600 1.480459 1.636054 4.133036 -8.793247 1.918384 49.006137 1.694745 2.688800 6954
Car -1 -1 2.147400 44.354700 188.850500 233.551000 268.647900 1.468442 1.621548 4.015659 -10.325516 1.875200 16.064806 1.577305 11.703300 6948
Car -1 -1 -1.006600 720.450600 169.375800 839.963000 227.255100 1.581773 1.634847 3.923504 5.100032 1.477907 21.484813 -0.768435 11.758200 6943
Car -1 -1 -0.870000 667.202900 171.743400 736.507500 200.075600 1.457855 1.619908 3.899936 5.006519 1.426807 39.050696 -0.741202 4.635400 6942
Car -1 -1 1.906000 350.876100 180.344100 424.579400 217.196800 1.484699 1.712979 4.694510 -9.911340 1.842957 32.453939 1.608910 11.177400 6941
Car -1 -1 -0.857600 687.226900 173.707900 761.759300 206.843900 1.412156 1.521553 3.283620 5.118326 1.456483 32.214474 -0.713280 4.292000 6935
Car -1 -1 -1.660400 1174.765000 126.370800 1241.000000 374.000000 1.613070 1.654573 4.222351 4.293781 1.502698 4.022184 -0.848305 4.245700 6903
Car -1 -1 -1.602900 567.040500 174.774700 765.157300 372.679500 1.613182 1.632352 3.803936 0.456097 1.639822 7.782642 -1.555327 11.549000 6632
