Car -1 -1 1.495700 630.143700 172.879500 651.191500 189.928700 1.482371 1.596571 4.020874 2.933765 1.590364 65.704270 1.521983 1.985200 7000
Car -1 -1 1.881900 340.869000 177.404600 390.523600 204.688800 1.478257 1.591079 3.992230 -14.020017 1.769458 41.644102 1.594653 1.252000 6991
Car -1 -1 2.150700 234.530600 178.050900 318.892400 217.206100 1.555904 1.574417 3.590729 -14.342915 1.799546 31.090502 1.720762 7.582800 6969
Car -1 -1 1.856000 401.663600 177.686200 452.268500 209.520500 1.594677 1.606245 3.859351 -9.777443 1.872293 38.664238 1.609520 7.484300 6955
Car -1 -1 1.781400 464.043400 179.467100 499.079900 202.335900 1.460511 1.588283 3.879630 -8.731060 1.949273 49.059356 1.616895 3.895800 6954
Car -1 -1 2.162200 42.105800 189.389900 232.577700 268.601500 1.451742 1.595131 3.928228 -10.332603 1.869717 16.086607 1.589315 11.638100 6948
Car -1 -1 -0.993300 718.619100 170.956700 839.802400 228.848200 1.569508 1.644155 3.967677 5.114686 1.508483 21.642324 -0.759065 11.761600 6943
Car -1 -1 -0.893000 669.656000 175.044000 738.533700 203.282800 1.447816 1.603144 3.931982 5.084395 1.550452 39.203496 -0.769574 4.666400 6942
Car -1 -1 1.887500 355.070900 179.191100 425.256700 215.805600 1.486623 1.696484 4.611529 -9.860300 1.814693 32.574281 1.601484 8.599200 6941
Car -1 -1 -0.887700 689.287700 175.745000 763.312900 210.855100 1.460035 1.552004 3.343633 5.194509 1.575437 32.429582 -0.731030 5.040500 6935
Car -1 -1 -1.664700 1166.884300 78.416900 1241.000000 374.000000 1.700957 1.670272 4.124807 4.358682 1.462139 4.055046 -0.811426 2.714400 6903
Car -1 -1 -1.620200 571.051600 177.494800 767.136800 368.816700 1.587000 1.629194 3.832540 0.455066 1.630397 7.875680 -1.564162 11.786300 6632
