Car -1 -1 2.054800 351.176300 179.931000 408.424000 206.195800 1.483465 1.621752 4.062120 -14.128417 1.927632 44.153650 1.714385 -0.153300 6974
Car -1 -1 2.156600 262.229100 178.969400 337.120900 213.322600 1.503851 1.541858 3.577087 -14.505575 1.812126 33.833357 1.746669 6.841800 6969
Car -1 -1 -1.510600 630.504900 171.620400 651.203200 189.733000 1.611720 1.660742 4.120496 2.890647 1.547721 66.752654 -1.474959 -0.446800 6960
Car -1 -1 1.836800 415.570600 179.043300 460.164000 206.998100 1.536381 1.584250 3.749440 -9.905574 1.891902 41.531219 1.602144 7.555700 6955
Car -1 -1 1.813100 467.338900 176.122600 503.599100 198.834200 1.559270 1.644996 4.155718 -8.947048 1.811959 51.987584 1.649020 4.031100 6954
Car -1 -1 2.300300 0.000000 181.741000 118.125700 311.285800 1.722609 1.708756 4.360573 -10.665089 1.907550 12.036616 1.575300 8.333800 6950
Car -1 -1 2.068700 134.876800 187.763800 282.307100 253.077700 1.471254 1.616148 4.094392 -10.386682 1.893272 18.937071 1.574719 11.243300 6948
Car -1 -1 -0.954800 702.613000 169.817800 816.901600 220.763400 1.586341 1.664679 4.169478 5.103760 1.490448 24.462795 -0.749063 8.503400 6943
Car -1 -1 -0.886700 662.738700 172.964700 727.669700 199.116700 1.453911 1.603133 4.013196 4.947761 1.475633 42.033742 -0.768668 5.599700 6942
Car -1 -1 1.903200 373.226200 179.896100 439.123600 214.544000 1.525601 1.697611 4.473424 -9.907150 1.904334 35.338042 1.619588 8.647000 6941
Car -1 -1 -0.983600 680.729100 173.124900 746.213300 206.289800 1.546177 1.568005 3.471654 5.091206 1.574419 35.362749 -0.831763 4.678400 6935
Car -1 -1 -1.364700 902.158400 164.730300 1210.863300 374.000000 1.554120 1.630198 4.130633 4.364842 1.508424 6.805261 -0.795513 13.239400 6903
Car -1 -1 -1.603700 585.978400 174.053100 720.589700 308.386000 1.617517 1.638971 3.678273 0.481496 1.650429 10.588733 -1.556139 12.076900 6632
