Car -1 -1 1.661700 567.188900 186.316800 596.781800 211.115900 1.509380 1.628014 4.032003 -1.858594 2.446327 48.608923 1.679183 -0.250200 6973
Car -1 -1 2.077900 279.804600 178.306400 349.272100 211.904500 1.530544 1.568986 3.628040 -14.460295 1.798178 35.325706 1.694013 5.715500 6969
Car -1 -1 -1.457400 624.467400 167.388500 647.241200 184.250100 1.453712 1.597886 3.837342 2.317928 0.997397 64.338965 -1.438146 2.362000 6960
Car -1 -1 1.816700 423.007700 177.892700 465.402300 206.002500 1.552536 1.593238 3.839244 -9.897492 1.882614 43.009313 1.595285 5.526600 6955
Car -1 -1 1.978400 465.916100 176.410300 510.647900 199.331300 1.565039 1.659565 4.359530 -9.087921 1.877098 53.511867 1.788045 3.855200 6954
Car -1 -1 2.250100 0.000000 180.623700 160.838000 292.627100 1.720337 1.700132 4.306812 -10.705779 1.898842 13.521087 1.580777 10.308100 6950
Car -1 -1 2.053200 173.469600 185.407300 302.764400 246.232200 1.473324 1.608482 3.935274 -10.421222 1.879370 20.399661 1.583065 10.577600 6948
Car -1 -1 -0.965900 697.997600 169.191000 802.577400 217.851700 1.603529 1.658653 4.092166 5.068073 1.489341 25.951109 -0.768041 10.744400 6943
Car -1 -1 -0.882300 660.913700 173.418300 722.824500 199.090600 1.471718 1.591957 3.933919 4.910791 1.473988 43.474567 -0.795392 2.055100 6942
Car -1 -1 1.864000 383.069900 178.986200 440.868400 212.296600 1.529443 1.669690 4.261525 -10.033322 1.898721 36.826371 1.607843 8.907400 6941
Car -1 -1 -0.883300 672.751000 173.511500 744.133900 205.219400 1.526211 1.598454 3.663334 5.022319 1.566008 36.871515 -0.783002 5.718700 6935
Car -1 -1 -1.275500 840.145000 169.305300 1109.683400 338.341000 1.509237 1.634241 4.141254 4.358292 1.470720 8.333983 -0.796714 12.949600 6903
Car -1 -1 -1.579600 582.058100 176.696900 701.606900 292.360800 1.578666 1.636128 3.704045 0.434198 1.631858 11.658518 -1.547587 13.421000 6632
