Car -1 -1 1.967000 354.498100 178.159300 404.519800 203.521200 1.473528 1.617924 3.967225 -14.211501 1.841379 44.583106 1.637899 2.068900 6974
Car -1 -1 2.174400 266.775400 178.418100 343.095800 213.958700 1.540312 1.560470 3.638834 -14.445745 1.834653 34.292095 1.766926 5.770200 6969
Car -1 -1 -1.535500 628.414100 170.001100 647.995600 187.865100 1.596839 1.653778 4.051837 2.596547 1.416604 65.865344 -1.493980 0.228100 6960
Car -1 -1 1.844400 416.882900 178.528400 462.088000 206.896700 1.586067 1.604612 3.789646 -9.921934 1.903628 42.003724 1.607224 6.452400 6955
Car -1 -1 1.810700 467.886100 175.817100 504.837600 199.040800 1.561457 1.644393 4.171914 -9.027692 1.831044 52.398497 1.658774 6.003600 6954
Car -1 -1 2.273100 0.000000 183.528400 128.813900 304.941900 1.700959 1.693389 4.337067 -10.668849 1.914502 12.456913 1.567415 9.861400 6950
Car -1 -1 2.086400 145.174400 186.444700 290.464400 253.453900 1.517240 1.625914 4.125749 -10.436090 1.935855 19.451864 1.586401 10.581000 6948
Car -1 -1 -0.953600 702.635000 171.323900 811.929700 219.804900 1.548459 1.642116 4.045759 5.091846 1.491125 24.900746 -0.757057 10.324400 6943
Car -1 -1 -0.904300 660.622700 174.403500 724.789200 200.451700 1.472225 1.610111 4.097231 4.931911 1.569511 42.608783 -0.783776 5.306500 6942
Car -1 -1 1.884700 377.979800 180.958100 438.110800 213.279400 1.466800 1.660980 4.307954 -9.944751 1.903754 35.782480 1.613016 7.104500 6941
Car -1 -1 -0.896000 677.833900 174.293900 748.912900 206.686900 1.526829 1.595981 3.612503 5.130966 1.608119 35.825759 -0.754896 4.428100 6935
Car -1 -1 -1.340100 881.962900 173.191100 1172.934800 374.000000 1.528256 1.646266 4.082945 4.372135 1.526595 7.323930 -0.801883 13.036600 6903
Car -1 -1 -1.597700 581.630600 173.986400 712.328200 303.484700 1.620947 1.643137 3.674075 0.443335 1.641313 10.957718 -1.556863 11.989200 6632
