Car -1 -1 1.730400 531.864000 175.872700 562.242700 197.093100 1.522469 1.641654 4.015051 -4.691511 1.743343 54.087182 1.639909 0.588000 7003
Car -1 -1 1.880200 340.386700 177.936400 389.757400 205.352500 1.477047 1.579658 3.950556 -14.053207 1.777413 41.575701 1.569281 0.160700 6991
Car -1 -1 2.176800 231.879500 179.123500 317.817600 217.987300 1.543850 1.577249 3.601836 -14.356357 1.815522 31.027906 1.734753 7.618000 6969
Car -1 -1 1.841400 403.024300 177.349100 451.834700 209.751600 1.614345 1.593300 3.802646 -9.759653 1.878281 38.609285 1.600052 7.158100 6955
Car -1 -1 1.794300 461.451400 179.506200 498.420700 202.520400 1.461555 1.606402 3.989685 -8.788791 1.944923 49.042914 1.616589 5.647500 6954
Car -1 -1 2.143200 45.053900 190.691000 233.673600 268.987300 1.440900 1.593690 3.981979 -10.322099 1.878540 16.079427 1.580097 11.680800 6948
Car -1 -1 -0.997300 718.784200 167.416000 840.298300 227.147900 1.605164 1.637941 3.990373 5.107991 1.491342 21.593850 -0.763104 10.999800 6943
Car -1 -1 -0.839100 667.409600 171.392100 739.048200 200.380200 1.477101 1.624995 3.938668 5.066318 1.469757 39.110687 -0.733188 4.882400 6942
Car -1 -1 1.903100 355.484900 180.139900 428.629600 216.000200 1.468068 1.705332 4.697912 -9.818197 1.812206 32.611809 1.607921 10.052000 6941
Car -1 -1 -0.897800 687.378000 173.983400 761.253100 206.948300 1.421757 1.536860 3.343551 5.150378 1.497613 32.371809 -0.737192 5.738600 6935
Car -1 -1 -1.684600 1170.172500 114.655000 1241.000000 374.000000 1.678228 1.674432 4.172106 4.344388 1.485806 4.105322 -0.855436 3.553600 6903
Car -1 -1 -1.622300 572.881900 173.325100 770.011600 369.845400 1.608940 1.630125 3.799574 0.462115 1.629637 7.829495 -1.563444 10.852800 6632
