Car -1 -1 -3.057400 806.649400 173.778600 848.300800 190.388100 1.490151 1.540309 3.549697 20.006157 1.575522 66.415316 -2.770177 -0.006600 6995
Car -1 -1 1.714500 652.594600 178.432600 679.009600 197.852400 1.488537 1.602324 4.065179 4.602228 1.966070 58.873772 1.804861 0.128700 6994
Car -1 -1 -1.515200 568.236200 194.794400 599.353000 223.841800 1.458621 1.568934 3.634118 -1.498127 2.741248 40.750316 -1.559282 -0.834700 6992
Car -1 -1 1.921400 341.820000 177.753400 393.576400 204.805500 1.468802 1.603535 3.859103 -14.036176 1.771394 41.795188 1.609289 3.379700 6991
Car -1 -1 1.687300 562.047300 174.689900 585.781000 192.327700 1.479724 1.603962 4.112053 -3.170043 1.672404 62.982639 1.637430 2.345200 6988
Car -1 -1 2.106000 238.420000 179.712100 316.378100 216.878400 1.477996 1.527515 3.439076 -14.421328 1.801106 31.315909 1.688726 6.948200 6969
Car -1 -1 1.823700 404.760200 178.410100 452.870200 207.840000 1.498737 1.590578 3.912712 -9.783590 1.799161 39.046050 1.580614 8.074400 6955
Car -1 -1 1.796900 462.306800 177.470800 498.790000 200.350100 1.488221 1.611490 4.050094 -8.863149 1.762824 49.460687 1.652468 4.571200 6954
Car -1 -1 2.133300 50.512500 187.374900 243.396200 269.439500 1.505574 1.626833 4.165858 -10.347230 1.896204 16.453728 1.580492 11.146600 6948
Car -1 -1 -1.001700 718.619500 168.107800 837.042400 225.093700 1.581147 1.627073 3.933498 5.129082 1.452795 21.955874 -0.766310 11.044300 6943
Car -1 -1 -0.848300 667.498600 172.580000 738.660400 199.856600 1.424516 1.619025 3.954851 5.055543 1.407269 39.443336 -0.734257 8.076900 6942
Car -1 -1 1.901600 356.479900 179.096600 429.293400 215.880500 1.497834 1.715615 4.682642 -9.865132 1.822419 32.931856 1.614598 10.910900 6941
Car -1 -1 -0.992900 687.202700 171.623100 756.889300 205.413300 1.460526 1.535673 3.392051 5.130105 1.413197 32.830586 -0.806071 5.878500 6935
Car -1 -1 -1.499200 1070.291900 104.133300 1241.000000 374.000000 1.662005 1.614352 4.188789 4.390926 1.443843 4.389733 -0.731312 5.848200 6903
Car -1 -1 -1.605300 575.686800 178.872600 760.629100 358.525800 1.563276 1.631312 3.750673 0.496549 1.636180 8.202602 -1.548142 11.828200 6632
