Car -1 -1 -3.115000 811.292700 174.369900 854.998800 190.973900 1.488122 1.570150 3.759608 20.528523 1.621223 66.132610 -2.802986 1.702000 6995
Car -1 -1 1.944100 336.916200 177.740900 392.949600 205.431200 1.486957 1.650013 4.124721 -14.081662 1.778490 41.683232 1.616846 3.082600 6991
Car -1 -1 2.163700 233.252000 179.837500 314.971200 217.091000 1.491377 1.534998 3.493490 -14.439961 1.801991 31.140823 1.710322 7.658200 6969
Car -1 -1 1.868100 402.550700 178.747600 453.213000 209.229700 1.524339 1.596887 3.849909 -9.778402 1.853114 38.811581 1.609903 7.651200 6955
Car -1 -1 1.894800 456.643400 176.073800 499.137900 199.103600 1.488426 1.619562 4.111197 -8.973908 1.747676 49.272364 1.709742 5.146100 6954
Car -1 -1 2.120400 51.116700 188.848000 235.284200 267.173600 1.454520 1.600507 3.957877 -10.330458 1.871923 16.265302 1.560815 11.083500 6948
Car -1 -1 -0.991600 714.570600 167.166000 839.772700 225.429100 1.585511 1.654281 4.165381 5.103406 1.450502 21.791922 -0.762465 11.051800 6943
Car -1 -1 -0.867800 667.036100 169.828500 733.612000 197.468600 1.432929 1.593392 3.782694 4.943238 1.305610 39.230054 -0.749515 4.503700 6942
Car -1 -1 1.911200 354.314400 179.511600 426.526500 215.966200 1.483955 1.691290 4.533811 -9.876722 1.807774 32.638910 1.617886 9.733300 6941
Car -1 -1 -0.886600 686.805800 173.094300 763.720100 207.376900 1.465288 1.554095 3.456376 5.185521 1.454899 32.614657 -0.741693 4.912600 6935
Car -1 -1 -1.544400 1104.410500 152.086900 1241.000000 374.000000 1.553912 1.629255 4.227603 4.389282 1.471470 4.124587 -0.759647 7.033700 6903
Car -1 -1 -1.593300 568.583400 164.036200 761.923900 364.538600 1.695778 1.662171 3.621572 0.489669 1.643864 7.986077 -1.537227 10.871800 6632
