Car -1 -1 -3.088400 810.111500 173.734000 850.944600 190.273500 1.485754 1.530574 3.521634 20.169762 1.565349 66.165202 -2.783787 1.724700 6995
Car -1 -1 1.714500 652.594600 178.432600 679.009600 197.852400 1.488537 1.602324 4.065179 4.454069 1.963966 58.821772 1.804861 0.128700 6994
Car -1 -1 -1.515200 568.236200 194.794400 599.353000 223.841800 1.458621 1.568934 3.634118 -1.486672 2.712365 40.691871 -1.559282 -0.834700 6992
Car -1 -1 1.974300 339.363400 177.618200 394.965900 204.974100 1.477888 1.624221 3.917393 -14.040219 1.770066 41.835355 1.634764 3.714000 6991
Car -1 -1 1.633900 555.464400 174.244600 577.214500 192.099300 1.472355 1.609362 3.967647 -3.592040 1.627147 61.627132 1.597981 1.556200 6988
Car -1 -1 2.140600 238.674300 178.875200 318.278600 217.062100 1.512856 1.526332 3.444777 -14.386374 1.809161 31.298819 1.702616 7.531600 6969
Car -1 -1 1.840900 404.066200 178.831700 452.288100 208.225700 1.484376 1.569764 3.864992 -9.783165 1.808635 38.919460 1.589320 7.806200 6955
Car -1 -1 1.796900 462.306800 177.470800 498.790000 200.350100 1.488221 1.611490 4.050094 -8.851476 1.765774 49.301756 1.652468 4.571200 6954
Car -1 -1 2.130000 64.782200 191.468400 235.410000 266.877200 1.458743 1.569830 3.879178 -10.324674 1.901158 16.389326 1.573884 10.979000 6948
Car -1 -1 -0.983100 716.390500 168.836000 841.442800 226.437400 1.589709 1.653727 4.093570 5.164077 1.473523 21.939609 -0.757528 11.906600 6943
Car -1 -1 -0.948300 668.371000 172.769200 734.412800 200.201500 1.424815 1.601643 3.939616 5.024180 1.415671 39.395218 -0.788547 6.164300 6942
Car -1 -1 1.907600 356.138000 179.330100 427.005700 215.063300 1.481806 1.698362 4.574893 -9.868724 1.799118 32.814168 1.615156 8.719000 6941
Car -1 -1 -0.907600 687.929200 171.793300 759.008600 205.153000 1.445245 1.512637 3.307534 5.132294 1.395271 32.695098 -0.772653 7.065000 6935
Car -1 -1 -1.579700 1081.360900 162.687400 1241.000000 374.000000 1.573994 1.646334 4.204308 4.341418 1.469472 4.415120 -0.784641 6.845400 6903
Car -1 -1 -1.607500 568.548400 174.166000 758.754100 362.355700 1.601300 1.643480 3.748465 0.461723 1.641285 8.113171 -1.551392 11.686700 6632
