Car -1 -1 2.054800 351.176300 179.931000 408.424000 206.195800 1.483465 1.621752 4.062120 -14.124493 1.946600 43.861975 1.714385 -0.153300 6974
Car -1 -1 2.215600 261.669400 178.432900 341.872200 213.911700 1.522361 1.551031 3.637168 -14.422098 1.814137 33.702634 1.787725 5.341800 6969
Car -1 -1 1.842400 414.430500 178.792500 460.550200 207.351900 1.531263 1.589287 3.826793 -9.880687 1.889515 41.338455 1.605948 7.057600 6955
Car -1 -1 1.859300 465.530100 177.175000 504.540200 199.308900 1.517448 1.638756 4.158797 -8.921324 1.813548 51.658056 1.673296 6.062800 6954
Car -1 -1 2.319500 0.000000 182.984700 109.576000 314.307200 1.705978 1.703654 4.380676 -10.674277 1.899069 11.824039 1.582284 8.013100 6950
Car -1 -1 2.091500 128.266700 185.993600 279.591000 252.115700 1.464793 1.624709 4.049651 -10.393810 1.858731 18.722567 1.581320 12.027900 6948
Car -1 -1 -0.960300 705.903700 169.838300 819.738900 222.450100 1.607947 1.666237 4.155710 5.140548 1.516560 24.225834 -0.750198 11.600500 6943
Car -1 -1 -0.878300 662.230800 173.245300 728.372800 200.749600 1.491851 1.617884 4.003001 4.945675 1.516732 41.760992 -0.763682 5.001600 6942
Car -1 -1 1.879700 373.039900 178.545100 437.519300 214.228100 1.565711 1.711016 4.524088 -9.915851 1.894658 35.145079 1.610510 10.084600 6941
Car -1 -1 -0.887800 679.816700 173.337000 749.869200 207.638800 1.568564 1.574739 3.427184 5.088577 1.596875 35.063243 -0.777399 6.109800 6935
Car -1 -1 -1.374900 911.906300 156.946300 1233.374600 374.000000 1.559793 1.640150 4.142479 4.375215 1.479576 6.567394 -0.791735 12.347300 6903
Car -1 -1 -1.619900 585.410800 174.021700 725.836700 312.125000 1.623934 1.653204 3.659872 0.482906 1.649549 10.373839 -1.566869 11.146500 6632
