Car -1 -1 1.960600 514.884800 173.768100 551.211000 191.515200 1.479091 1.632866 4.200774 -6.664441 1.594237 62.512027 1.802294 2.951300 6983
Car -1 -1 -1.544700 644.294500 167.202000 662.009000 184.021800 1.598835 1.637418 3.835324 4.261250 1.046286 71.183403 -1.474725 1.031900 6982
Car -1 -1 2.204800 243.358900 176.551700 327.742800 215.028000 1.566885 1.545505 3.587933 -14.354010 1.754789 31.895985 1.761769 7.674800 6969
Car -1 -1 1.851300 405.797200 175.337200 453.845900 206.525500 1.588972 1.594146 3.731673 -9.827576 1.767995 39.513312 1.602647 5.618000 6955
Car -1 -1 1.918100 458.663000 175.819600 500.769500 198.095600 1.463300 1.623803 4.068502 -8.982451 1.666721 49.935505 1.720503 7.084100 6954
Car -1 -1 2.371700 0.000000 176.237500 36.599500 334.680100 1.737568 1.669912 4.284569 -10.683618 1.839401 10.208895 1.565341 3.597400 6950
Car -1 -1 2.154800 72.547200 186.237700 248.833900 262.376500 1.484218 1.610072 3.996240 -10.386671 1.855472 16.993406 1.594323 11.393400 6948
Car -1 -1 -0.987000 714.547000 166.226100 830.448100 221.108600 1.547988 1.629083 3.922428 5.083370 1.378318 22.450186 -0.766973 11.762300 6943
Car -1 -1 -0.857400 665.683200 170.430400 735.048500 197.522300 1.432106 1.615185 3.927364 5.016438 1.310933 39.984574 -0.738442 6.582100 6942
Car -1 -1 1.908000 362.187700 178.325100 429.328400 213.810500 1.499564 1.668604 4.321487 -9.860323 1.783927 33.340089 1.616016 9.112600 6941
Car -1 -1 -0.895700 684.492000 172.168100 757.207000 206.936600 1.529128 1.537037 3.384360 5.122475 1.499821 33.328071 -0.750437 7.471400 6935
Car -1 -1 -1.470700 1018.764100 161.104000 1241.000000 374.000000 1.571648 1.628965 4.100642 4.336860 1.528534 4.922501 -0.759203 9.262800 6903
Car -1 -1 -1.600200 570.527000 173.177800 746.322900 342.115500 1.589244 1.658816 3.769973 0.436501 1.608333 8.739369 -1.556976 12.080200 6632
