Car -1 -1 1.922100 525.165300 176.002200 565.258200 197.272300 1.493925 1.632203 4.052626 -4.769796 1.711660 52.923649 1.760269 1.737000 7003
Car -1 -1 1.906600 512.241100 176.838100 546.050600 195.268300 1.492785 1.609826 4.056834 -6.863870 1.842586 61.459839 1.757847 -0.552700 7002
Car -1 -1 1.914400 337.348900 178.131800 388.623900 205.581500 1.476029 1.569116 3.929508 -14.132614 1.787440 41.515825 1.579181 1.817800 6991
Car -1 -1 2.179400 233.161300 180.165700 313.822600 218.583900 1.525834 1.542176 3.407133 -14.351497 1.836146 30.883235 1.740530 7.262900 6969
Car -1 -1 1.842200 402.826000 177.545600 451.119600 208.771500 1.583910 1.584400 3.715475 -9.757867 1.847058 38.541946 1.596497 6.952800 6955
Car -1 -1 1.772500 462.001600 178.834300 497.505000 201.805700 1.462757 1.609120 3.981969 -8.811883 1.911770 48.989730 1.602752 5.859300 6954
Car -1 -1 2.144700 37.766600 188.691500 234.134900 268.902100 1.459936 1.631335 4.092126 -10.354637 1.874569 16.080675 1.576020 11.253700 6948
Car -1 -1 -0.989700 719.823000 168.184800 841.148900 226.983200 1.600983 1.627965 3.969624 5.111422 1.479727 21.533455 -0.759270 10.449100 6943
Car -1 -1 -0.868900 667.816700 173.263100 738.609000 201.239800 1.455840 1.619436 3.976202 5.068551 1.469061 39.135956 -0.737645 5.698200 6942
Car -1 -1 1.904600 351.544300 180.130300 424.850500 216.857800 1.481623 1.715695 4.682392 -9.893968 1.831740 32.552516 1.608279 11.591300 6941
Car -1 -1 -0.889800 688.677500 173.762100 761.967700 207.612900 1.431178 1.534907 3.296920 5.158430 1.486452 32.335200 -0.733798 5.725000 6935
Car -1 -1 -1.656500 1138.226000 160.435500 1241.000000 374.000000 1.599591 1.644497 4.198000 4.254709 1.505212 4.137955 -0.865303 6.342600 6903
Car -1 -1 -1.636200 574.681600 175.000500 775.973400 374.000000 1.615096 1.641172 3.812569 0.466179 1.641759 7.784147 -1.571389 10.206700 6632
