Car -1 -1 1.882700 567.209100 174.101400 596.245000 190.583500 1.491040 1.593387 3.881405 -2.561888 1.614603 66.611432 1.761746 1.295700 6988
Car -1 -1 1.735600 520.289700 176.057900 546.392900 194.517700 1.502170 1.620426 3.999699 -6.613635 1.771141 62.002818 1.680654 2.089900 6983
Car -1 -1 2.139900 238.136700 178.305100 316.333300 215.241500 1.503873 1.546742 3.409363 -14.445319 1.746852 31.437474 1.704452 6.116400 6969
Car -1 -1 1.859100 404.530300 178.402400 453.937900 207.384300 1.493734 1.592048 3.822220 -9.819631 1.787708 39.339942 1.608427 8.226300 6955
Car -1 -1 1.893600 459.484300 174.529900 500.619100 197.053500 1.474726 1.629886 4.054610 -8.927268 1.633154 49.482586 1.709663 3.531100 6954
Car -1 -1 2.126600 64.197600 188.537900 248.983900 263.997100 1.439713 1.604105 4.099833 -10.310843 1.849757 16.689882 1.579614 10.989600 6948
Car -1 -1 -0.984300 716.381900 170.678900 832.249600 224.658800 1.531321 1.620190 3.906295 5.072279 1.450894 22.121051 -0.759621 12.119600 6943
Car -1 -1 -0.854600 666.984000 172.086400 735.285100 199.852900 1.443225 1.612026 3.835514 5.036140 1.405589 39.638672 -0.734909 6.450900 6942
Car -1 -1 1.897900 358.965600 179.150300 430.382000 214.900000 1.500859 1.711185 4.636072 -9.856064 1.799923 33.166515 1.612861 10.617300 6941
Car -1 -1 -0.916700 684.684000 173.110500 758.204200 207.240700 1.500729 1.558586 3.461067 5.126252 1.497883 33.045143 -0.759564 6.199900 6935
Car -1 -1 -1.571000 1057.369900 108.663300 1241.000000 374.000000 1.633847 1.639713 4.173298 4.293721 1.482894 4.706627 -0.824463 6.607100 6903
Car -1 -1 -1.610600 577.309400 173.155700 758.866300 350.663700 1.618540 1.648560 3.833297 0.494747 1.616150 8.433536 -1.548301 12.028800 6632
