Car -1 -1 1.495700 630.143700 172.879500 651.191500 189.928700 1.482371 1.596571 4.020874 2.645227 1.497011 64.871297 1.521983 1.985200 7000
Car -1 -1 1.990500 339.796300 178.264900 396.689900 205.915100 1.484336 1.602370 4.077549 -13.953695 1.808149 41.699145 1.657034 2.140100 6991
Car -1 -1 2.160400 233.421400 178.088900 316.813200 217.035400 1.550734 1.570723 3.537058 -14.373260 1.801524 31.106750 1.722967 7.511800 6969
Car -1 -1 1.858500 402.544300 177.933300 452.701000 209.664500 1.596744 1.609715 3.834841 -9.775102 1.879181 38.766689 1.611494 7.955800 6955
Car -1 -1 1.799100 464.142800 180.721300 500.046700 203.584900 1.464090 1.604439 3.931143 -8.765804 1.972790 49.132834 1.635175 3.418900 6954
Car -1 -1 2.158600 52.121300 189.912200 234.591900 266.833000 1.445499 1.584988 3.892675 -10.345977 1.869023 16.222104 1.586103 12.112300 6948
Car -1 -1 -0.980100 720.086900 170.902100 840.830000 226.780700 1.550590 1.639552 3.978156 5.137934 1.466663 21.714713 -0.754154 11.436200 6943
Car -1 -1 -0.921100 668.199200 175.224700 735.841900 203.539300 1.444767 1.613248 3.906712 5.006909 1.495344 39.183014 -0.779725 4.835200 6942
Car -1 -1 1.902000 354.399400 180.876100 427.273800 216.806900 1.469996 1.707623 4.679856 -9.860173 1.834498 32.652570 1.614079 10.910400 6941
Car -1 -1 -0.878900 686.413100 174.621700 763.036200 208.023700 1.421421 1.546187 3.418600 5.150263 1.489059 32.524715 -0.735447 4.254200 6935
Car -1 -1 -1.562500 1117.914900 101.360000 1241.000000 374.000000 1.681946 1.646387 4.046116 4.387219 1.481462 4.073606 -0.744848 4.294800 6903
Car -1 -1 -1.630400 575.419300 172.953000 768.195300 366.591300 1.634894 1.640025 3.740700 0.472268 1.646269 7.910141 -1.564424 10.892500 6632
