Car -1 -1 -3.115000 811.292700 174.369900 854.998800 190.973900 1.488122 1.570150 3.759608 20.656303 1.631049 66.025944 -2.802986 1.702000 6995
Car -1 -1 1.976200 339.698100 178.211300 395.500700 205.654200 1.483584 1.633874 4.039605 -14.027060 1.797090 41.751232 1.639129 2.316400 6991
Car -1 -1 2.148100 237.274500 178.032000 321.141100 217.547300 1.546582 1.565098 3.571616 -14.335173 1.814074 31.176597 1.716118 6.537500 6969
Car -1 -1 1.858200 402.656500 176.904500 453.871000 209.533600 1.601507 1.616857 3.912572 -9.780640 1.871628 38.867665 1.611323 7.596500 6955
Car -1 -1 1.796700 461.119400 179.649200 498.637200 202.848500 1.479789 1.630749 4.112997 -8.890756 1.885392 49.163905 1.653279 4.787100 6954
Car -1 -1 2.150800 48.486900 188.910300 235.418600 267.066100 1.456176 1.600503 3.968522 -10.341787 1.866882 16.218841 1.575268 10.816300 6948
Car -1 -1 -0.996400 717.692200 167.852700 838.439700 224.898900 1.572093 1.644651 4.057855 5.093085 1.435275 21.717693 -0.765082 11.732200 6943
Car -1 -1 -0.888100 667.637700 171.168600 737.392000 198.966100 1.435816 1.618180 3.893141 5.002882 1.331611 39.204635 -0.756304 5.794500 6942
Car -1 -1 1.916900 354.562100 179.389000 427.882000 215.924500 1.491832 1.707983 4.578982 -9.860974 1.811720 32.655127 1.621974 10.776300 6941
Car -1 -1 -0.922400 687.077100 174.309300 757.870400 207.096900 1.424691 1.535001 3.315047 5.113985 1.463179 32.565342 -0.758014 5.871000 6935
Car -1 -1 -1.548100 1135.385700 102.240500 1241.000000 374.000000 1.645657 1.615684 4.217470 4.460579 1.472866 4.076732 -0.730452 4.901300 6903
Car -1 -1 -1.621200 573.347100 178.077300 770.682600 371.880200 1.628735 1.652362 3.828075 0.483741 1.654883 7.951618 -1.552167 10.114200 6632
