Car -1 -1 2.122700 273.482300 179.512300 346.318000 212.439500 1.487517 1.551615 3.668766 -14.486437 1.798166 34.892834 1.726665 6.123400 6969
Car -1 -1 -1.525900 625.921400 170.515100 646.465100 189.452100 1.633315 1.673174 4.107087 2.393680 1.402656 65.290909 -1.490027 0.394600 6960
Car -1 -1 1.837300 417.745800 177.873400 462.364400 206.835900 1.606904 1.603080 3.836791 -9.953553 1.912118 42.435848 1.601181 6.572500 6955
Car -1 -1 1.757100 467.227500 176.434600 499.627900 198.437200 1.527768 1.624436 4.047276 -9.192335 1.829866 52.820772 1.621493 1.694400 6954
Car -1 -1 2.265400 0.000000 182.328000 142.734100 303.312700 1.729217 1.706411 4.328130 -10.684523 1.935790 12.927731 1.575723 10.199500 6950
Car -1 -1 2.079300 157.346800 187.559700 297.279200 249.816600 1.451126 1.609279 4.054321 -10.417597 1.902327 19.894673 1.592830 11.273500 6948
Car -1 -1 -0.978800 702.693500 171.485300 802.430900 218.425700 1.558289 1.632762 3.872601 5.029197 1.499078 25.389050 -0.777028 9.681300 6943
Car -1 -1 -0.937600 660.987100 175.117400 721.230800 201.500400 1.480824 1.599283 3.944548 4.872940 1.579225 43.030641 -0.821122 2.701700 6942
Car -1 -1 1.902300 379.589700 182.026600 441.844400 214.201600 1.507317 1.682700 4.389010 -9.997089 1.943028 36.257709 1.623627 7.447700 6941
Car -1 -1 -0.887400 676.091300 174.028900 745.646900 206.752100 1.558240 1.592551 3.560309 5.044700 1.627941 36.261697 -0.780569 4.468700 6935
Car -1 -1 -1.310100 854.015600 171.003400 1138.906800 363.353500 1.548038 1.646437 4.197035 4.372535 1.526930 7.848603 -0.804665 12.474400 6903
Car -1 -1 -1.589600 582.838800 175.347000 706.736800 298.642400 1.591993 1.632221 3.648367 0.441018 1.649796 11.312434 -1.551827 10.832700 6632
