Car -1 -1 1.923300 339.995000 176.699500 391.643500 203.652900 1.471457 1.606200 3.927746 -14.134500 1.715741 41.832433 1.611703 5.035100 6991
Car -1 -1 1.714600 567.423500 175.159900 591.996200 192.201100 1.482114 1.620594 4.081436 -2.704790 1.686494 65.317720 1.706764 3.086700 6988
Car -1 -1 1.735600 520.289700 176.057900 546.392900 194.517700 1.502170 1.620426 3.999699 -6.616313 1.761320 61.859895 1.680654 2.089900 6983
Car -1 -1 2.118700 237.231900 180.386100 315.559100 216.230200 1.457846 1.531883 3.420387 -14.436250 1.764896 31.286641 1.693542 7.917500 6969
Car -1 -1 1.820100 405.371700 178.273700 453.365600 208.238500 1.510647 1.601721 3.915654 -9.817445 1.815512 39.272744 1.588077 8.205300 6955
Car -1 -1 1.883600 460.004600 176.474400 501.417900 199.753600 1.498628 1.630327 4.074072 -8.894232 1.721509 49.555220 1.707894 5.270000 6954
Car -1 -1 2.144700 66.503700 189.434300 241.712600 264.410600 1.442981 1.588527 3.939927 -10.345480 1.864680 16.624163 1.585353 11.582700 6948
Car -1 -1 -0.994500 717.543000 170.822000 834.188500 226.185400 1.542927 1.626871 3.896410 5.093381 1.479118 22.061150 -0.764738 11.181400 6943
Car -1 -1 -0.876600 665.089500 172.322500 734.929100 199.920900 1.444384 1.611145 3.958000 4.989106 1.412722 39.637338 -0.745719 6.656900 6942
Car -1 -1 1.910400 356.701400 180.016500 427.466500 215.828600 1.490254 1.698710 4.573853 -9.905136 1.821899 33.070042 1.616655 10.514100 6941
Car -1 -1 -0.892000 687.468200 172.193000 758.922300 205.836400 1.474877 1.539436 3.325429 5.145424 1.452956 32.907895 -0.745433 5.620800 6935
Car -1 -1 -1.518400 1083.370500 166.329600 1241.000000 374.000000 1.552176 1.608989 4.137948 4.381325 1.479410 4.512768 -0.773560 7.488000 6903
Car -1 -1 -1.604100 573.517100 179.724400 750.892200 351.102400 1.552633 1.621020 3.781137 0.469441 1.612070 8.358261 -1.549475 11.615400 6632
