Car -1 -1 1.987900 350.712400 179.240300 403.988900 205.069700 1.477905 1.625397 4.011643 -14.295297 1.879859 44.424805 1.661911 0.011500 6974
Car -1 -1 2.123900 264.533200 179.085600 339.280500 213.791700 1.524483 1.566545 3.638875 -14.484107 1.833870 34.062016 1.738851 5.156600 6969
Car -1 -1 -1.510600 630.504900 171.620400 651.203200 189.733000 1.611720 1.660742 4.120496 2.811883 1.497589 66.470554 -1.474959 -0.446800 6960
Car -1 -1 1.829900 415.790400 178.153400 460.359300 207.391800 1.588127 1.600834 3.783808 -9.934339 1.911199 41.781962 1.600596 6.385900 6955
Car -1 -1 1.828800 467.720300 176.298400 505.438900 199.329500 1.571681 1.664731 4.188592 -8.948090 1.836707 52.201283 1.659408 4.589000 6954
Car -1 -1 2.290000 0.000000 182.149400 121.174700 309.906300 1.728610 1.694447 4.271699 -10.663868 1.926729 12.238111 1.572226 9.577200 6950
Car -1 -1 2.081100 141.508700 186.089300 288.143900 252.642400 1.511468 1.621888 4.104087 -10.392327 1.913526 19.196745 1.586400 11.787100 6948
Car -1 -1 -0.946400 701.961100 168.675300 813.897300 219.808600 1.586246 1.654776 4.090159 5.088743 1.484186 24.672097 -0.748678 12.441400 6943
Car -1 -1 -0.873200 660.522500 173.172100 726.131200 199.077700 1.455708 1.616779 4.044741 4.903250 1.504134 42.287169 -0.767969 5.625100 6942
Car -1 -1 1.867400 379.223900 179.682700 439.830700 213.384600 1.498258 1.672550 4.332209 -9.868618 1.887448 35.539111 1.603550 8.353100 6941
Car -1 -1 -0.996500 680.004000 173.365900 746.673300 206.830800 1.551965 1.583385 3.593095 5.124895 1.601590 35.645719 -0.816331 4.725400 6935
Car -1 -1 -1.340200 884.593000 164.833000 1191.277800 374.000000 1.552696 1.638932 4.154795 4.366315 1.518483 7.078196 -0.794724 14.138000 6903
Car -1 -1 -1.595800 581.871100 176.653900 715.517500 307.954500 1.606703 1.646204 3.723533 0.451242 1.657344 10.775057 -1.554908 11.677400 6632
