Car -1 -1 2.125700 255.219800 179.338600 331.123700 214.109300 1.485702 1.538343 3.588586 -14.412211 1.798436 32.937643 1.726329 7.888600 6969
Car -1 -1 1.827600 412.466600 178.333800 458.268200 207.260100 1.510861 1.589126 3.785199 -9.809111 1.850026 40.577672 1.594751 7.973500 6955
Car -1 -1 1.897200 462.666300 175.519200 503.635900 198.305300 1.512219 1.625021 4.086853 -8.960301 1.752085 50.988962 1.709791 6.434400 6954
Car -1 -1 2.376900 0.000000 183.165900 83.211800 324.965200 1.733418 1.713824 4.300904 -10.728200 1.918222 11.213256 1.600911 7.495000 6950
Car -1 -1 2.090000 110.232100 186.489800 270.843800 257.001500 1.475209 1.625419 4.098633 -10.382615 1.865918 18.082364 1.576549 11.348000 6948
Car -1 -1 -0.972400 706.714200 169.462100 823.112900 220.866300 1.547935 1.654008 4.131897 5.094741 1.448943 23.503542 -0.760375 10.876600 6943
Car -1 -1 -0.842200 664.476600 173.521000 729.596000 200.064300 1.462857 1.602996 3.888031 4.983142 1.505257 41.024990 -0.729048 4.714300 6942
Car -1 -1 1.894400 369.412600 181.191100 434.758500 215.819600 1.491529 1.665395 4.414476 -9.872359 1.914696 34.441084 1.617244 8.343600 6941
Car -1 -1 -0.959500 682.208000 173.246300 752.110400 207.261700 1.532598 1.571600 3.503201 5.118887 1.548516 34.401548 -0.791506 6.200800 6935
Car -1 -1 -1.426800 952.298700 169.110100 1241.000000 374.000000 1.553544 1.647261 4.206619 4.390352 1.521856 5.913394 -0.790128 11.175100 6903
Car -1 -1 -1.636000 583.779900 178.001500 731.796200 322.373500 1.582506 1.637689 3.691451 0.446361 1.633898 9.777449 -1.578142 12.993100 6632
