Car -1 -1 1.972500 284.182900 176.736500 346.145800 209.805500 1.548933 1.583368 3.619505 -14.602406 1.766237 35.862064 1.610417 3.524000 6969
Car -1 -1 -1.492400 623.433100 166.399100 644.674900 183.326900 1.453894 1.588478 3.840645 2.103565 0.936469 63.843772 -1.465079 2.095200 6960
Car -1 -1 1.848500 423.615700 177.899400 468.463900 204.764900 1.521924 1.607831 3.999652 -9.904480 1.854530 43.547453 1.610040 3.458500 6955
Car -1 -1 1.789400 466.558800 177.743700 501.187100 198.798500 1.489906 1.637753 4.283926 -9.371086 1.871630 53.978210 1.644993 3.756300 6954
Car -1 -1 2.230600 0.000000 182.089500 175.947300 285.967700 1.673463 1.685553 4.290302 -10.714175 1.880116 14.087976 1.583623 12.454900 6950
Car -1 -1 2.040500 184.660900 185.426800 311.374100 244.499800 1.477516 1.621528 4.047996 -10.422293 1.890665 20.992739 1.579656 7.865000 6948
Car -1 -1 -0.946200 696.185200 170.245800 797.317300 217.186800 1.573096 1.639464 3.955200 5.035148 1.494815 26.469368 -0.754828 11.205500 6943
Car -1 -1 -0.840900 658.671100 173.091100 722.398900 198.247400 1.467155 1.594130 4.011222 4.884757 1.491867 44.002689 -0.775495 5.046400 6942
Car -1 -1 1.887500 386.616000 180.962600 445.713000 211.679200 1.459671 1.679752 4.406991 -10.013337 1.893862 37.384429 1.620699 7.461100 6941
Car -1 -1 -0.986200 673.732100 173.435300 739.063100 204.627900 1.528086 1.607061 3.679119 5.007483 1.578281 37.487299 -0.830024 6.249900 6935
Car -1 -1 -1.244200 825.000100 168.974000 1084.201900 325.335500 1.521875 1.625190 4.163552 4.392927 1.467502 8.895257 -0.795157 13.777000 6903
Car -1 -1 -1.586500 582.510500 172.655000 700.180600 289.330900 1.626024 1.651623 3.712225 0.409532 1.638333 11.990780 -1.559493 12.037200 6632
