Car -1 -1 2.153800 257.675000 179.455700 336.045600 215.051000 1.519685 1.557181 3.631602 -14.397749 1.829086 33.158319 1.747733 6.849000 6969
Car -1 -1 1.841200 413.405100 179.013600 458.765500 206.931700 1.492839 1.585286 3.750895 -9.827557 1.857632 40.795068 1.601305 5.593300 6955
Car -1 -1 1.863800 463.307300 177.596400 501.580900 199.509200 1.483611 1.607743 4.097617 -8.978322 1.799967 51.088948 1.687446 6.139500 6954
Car -1 -1 2.326600 0.000000 181.280600 90.457300 321.821500 1.741215 1.696065 4.381002 -10.672198 1.911656 11.380128 1.578762 8.443900 6950
Car -1 -1 2.103600 111.525800 187.625700 269.549600 255.257700 1.445937 1.611211 4.024418 -10.404891 1.849637 18.231122 1.585852 12.111200 6948
Car -1 -1 -0.974600 708.565500 169.330000 821.556900 221.917100 1.575983 1.665024 4.076718 5.132474 1.482927 23.764760 -0.760983 9.848900 6943
Car -1 -1 -0.846700 663.421500 173.586300 733.773600 201.590200 1.500974 1.638100 4.105060 5.038822 1.549288 41.266612 -0.739966 5.869100 6942
Car -1 -1 1.904200 371.391500 181.311200 435.310500 214.904900 1.487207 1.661989 4.348097 -9.873787 1.902416 34.640899 1.620065 7.948100 6941
Car -1 -1 -0.907600 680.655100 173.207900 752.761100 206.086200 1.524343 1.567718 3.488802 5.117344 1.533109 34.561896 -0.758184 4.959500 6935
Car -1 -1 -1.402500 930.851800 165.120100 1241.000000 374.000000 1.567368 1.627458 4.117173 4.323619 1.513228 6.097103 -0.792440 12.192100 6903
Car -1 -1 -1.598200 579.881000 169.950200 727.449700 316.021600 1.626688 1.653691 3.688458 0.468231 1.625924 9.990979 -1.556204 11.604800 6632
