Car -1 -1 -1.540600 642.129400 168.929100 659.810800 184.380400 1.509899 1.609032 3.854222 3.979233 1.072492 69.783277 -1.485032 2.675000 6982
Car -1 -1 1.872800 348.177400 177.260300 396.615500 203.807700 1.479131 1.608255 4.078483 -14.123290 1.749384 42.984695 1.566293 0.563200 6981
Car -1 -1 2.082100 248.405100 180.799600 320.946700 215.527700 1.447454 1.522802 3.387015 -14.479677 1.800728 32.255986 1.670412 5.331800 6969
Car -1 -1 1.844300 407.947400 177.538500 457.196600 207.216500 1.532824 1.609952 3.970154 -9.824989 1.820936 40.032611 1.599736 7.098200 6955
Car -1 -1 1.884500 460.791000 176.728600 504.305100 199.307100 1.490217 1.677291 4.366422 -8.942953 1.755749 50.550846 1.689729 3.581700 6954
Car -1 -1 2.357400 0.000000 181.653300 61.262800 332.908300 1.738660 1.697119 4.386880 -10.690482 1.893356 10.651001 1.573928 6.869100 6950
Car -1 -1 2.114200 90.738100 189.092900 262.761500 260.834000 1.447472 1.619537 4.188724 -10.337587 1.890019 17.447366 1.577397 11.817600 6948
Car -1 -1 -0.976600 712.168300 170.722700 824.943100 221.109300 1.502077 1.609197 3.984214 5.069516 1.420016 22.894174 -0.761059 11.365900 6943
Car -1 -1 -0.869700 664.849200 170.840000 731.752200 197.547700 1.435805 1.606389 3.932689 5.000090 1.368054 40.448624 -0.740271 6.676000 6942
Car -1 -1 1.886400 365.552500 180.955600 432.089000 216.140800 1.499070 1.676531 4.499053 -9.872299 1.889754 33.884937 1.606328 7.375300 6941
Car -1 -1 -0.921600 683.347500 172.030100 755.829500 206.699800 1.544973 1.568655 3.472130 5.128024 1.513665 33.789236 -0.765634 7.265100 6935
Car -1 -1 -1.465700 980.382200 172.231700 1241.000000 374.000000 1.521263 1.654370 4.176718 4.322989 1.518882 5.354128 -0.782249 9.619200 6903
Car -1 -1 -1.606100 578.249200 177.946000 738.336200 330.908400 1.556584 1.634200 3.784682 0.464824 1.608707 9.218577 -1.556528 11.999000 6632
