Car -1 -1 2.030400 285.779600 177.040900 351.254000 210.048500 1.557725 1.588656 3.684888 -14.542054 1.785917 36.125080 1.650737 4.148300 6969
Car -1 -1 -1.515100 622.437500 166.921500 642.798200 183.950900 1.454692 1.589736 3.849618 1.993211 0.979294 63.498751 -1.474916 3.162600 6960
Car -1 -1 1.801500 424.454500 178.696300 466.683400 205.566000 1.528273 1.618722 3.963654 -9.956519 1.874722 43.806820 1.584701 5.065600 6955
Car -1 -1 1.848700 468.554700 177.432600 504.721000 198.842800 1.499788 1.626509 4.096402 -9.239623 1.870282 54.043625 1.690619 6.178000 6954
Car -1 -1 2.228600 0.000000 181.826100 182.784300 284.737600 1.675022 1.667032 4.290953 -10.700163 1.875355 14.312844 1.585925 12.009300 6950
Car -1 -1 2.039100 191.079300 185.360900 315.063500 243.689000 1.464597 1.600701 4.041679 -10.419424 1.892027 21.248096 1.578452 11.082200 6948
Car -1 -1 -0.939500 695.463100 170.665100 795.849100 214.999700 1.531991 1.625328 3.944520 5.026858 1.461384 26.719629 -0.748726 10.941900 6943
Car -1 -1 -0.990700 659.901300 173.625800 717.592200 198.570700 1.468538 1.593531 4.005270 4.828469 1.506761 44.317855 -0.849431 5.288200 6942
Car -1 -1 1.870200 387.945400 180.319300 446.031600 211.296000 1.479689 1.682912 4.459400 -10.044076 1.884323 37.695191 1.611635 9.001700 6941
Car -1 -1 -0.908000 671.405000 174.255200 739.274000 204.670500 1.511235 1.600041 3.682710 4.983243 1.582595 37.694905 -0.792363 6.508700 6935
Car -1 -1 -1.244900 820.613400 162.984700 1070.434800 320.079500 1.561963 1.632130 4.167035 4.404875 1.479345 9.166953 -0.805605 12.415500 6903
Car -1 -1 -1.605400 583.930600 175.804100 697.767600 285.886100 1.603248 1.645189 3.737345 0.385813 1.637126 12.169584 -1.572587 12.329800 6632
