Car -1 -1 1.816200 517.535300 175.613600 547.107700 193.532200 1.492774 1.615934 4.088591 -6.719877 1.738313 62.730449 1.684870 -0.029700 6983
Car -1 -1 -1.502500 640.318800 167.169100 659.723800 183.856700 1.551486 1.620523 3.854456 3.975693 1.019041 70.204831 -1.461434 1.802200 6982
Car -1 -1 1.867200 353.712900 175.785800 401.557000 202.714800 1.494056 1.580104 4.108129 -13.842609 1.694169 42.788682 1.560028 0.825700 6981
Car -1 -1 2.125100 247.359600 177.986600 323.660700 215.069800 1.502240 1.523419 3.417290 -14.448194 1.787296 32.125094 1.690923 7.882300 6969
Car -1 -1 1.843700 407.304300 177.680400 455.659600 207.783800 1.546282 1.608313 3.912087 -9.827044 1.829109 39.827415 1.601073 6.495500 6955
Car -1 -1 1.831100 459.717200 175.830100 498.797000 198.355700 1.485262 1.653997 4.293851 -9.026996 1.717589 50.264447 1.666659 5.632800 6954
Car -1 -1 2.364200 0.000000 183.179100 62.652200 337.381100 1.721565 1.696613 4.397955 -10.600103 1.893064 10.471638 1.575579 6.542400 6950
Car -1 -1 2.124800 83.737200 184.957300 258.004500 259.182600 1.484880 1.638179 4.148413 -10.374055 1.854599 17.333183 1.582961 12.035500 6948
Car -1 -1 -0.979000 713.635300 168.327900 825.146700 220.884400 1.513525 1.608086 3.848114 5.047681 1.399043 22.711736 -0.761084 11.649000 6943
Car -1 -1 -0.873200 665.537600 170.875600 732.089300 197.924100 1.439757 1.610351 3.869347 4.980358 1.343897 40.304405 -0.746716 5.506900 6942
Car -1 -1 1.908800 363.445000 177.407900 432.372900 214.617400 1.560212 1.694868 4.490059 -9.874178 1.848897 33.761211 1.617683 7.006900 6941
Car -1 -1 -0.909300 684.002600 172.289300 754.916800 206.590600 1.528241 1.546248 3.399554 5.107088 1.499168 33.598676 -0.761596 6.330400 6935
Car -1 -1 -1.459900 985.793400 163.716400 1241.000000 374.000000 1.533523 1.637578 4.127449 4.291138 1.507074 5.217781 -0.780488 8.074700 6903
Car -1 -1 -1.624600 573.883200 176.447700 739.878600 336.073100 1.560858 1.643162 3.772950 0.417339 1.614294 9.036372 -1.571900 12.075500 6632
