Car -1 -1 2.142000 280.145400 177.126400 350.833300 210.212800 1.534821 1.568802 3.579886 -14.542129 1.759551 35.617490 1.700022 5.190800 6969
Car -1 -1 -1.457400 624.467400 167.388500 647.241200 184.250100 1.453712 1.597886 3.837342 2.256111 0.974296 64.148743 -1.438146 2.362000 6960
Car -1 -1 1.823100 421.893300 178.379500 464.741000 205.259900 1.514246 1.597182 3.914393 -9.947303 1.858716 43.250816 1.601734 5.135000 6955
Car -1 -1 1.982900 464.513200 177.263900 508.586900 198.805000 1.501027 1.649154 4.286444 -9.240360 1.861586 53.702647 1.749446 5.468300 6954
Car -1 -1 2.236100 0.000000 180.809100 166.838500 291.824200 1.718293 1.697757 4.273985 -10.699687 1.908280 13.776421 1.579283 11.640800 6950
Car -1 -1 2.056300 176.767200 186.852200 304.021900 244.972200 1.448767 1.601981 3.970991 -10.454443 1.878985 20.676472 1.584627 10.024000 6948
Car -1 -1 -0.953400 696.108000 168.969000 801.384800 216.265800 1.580762 1.644987 4.086285 5.052515 1.471770 26.184948 -0.759693 10.813900 6943
Car -1 -1 -0.986100 660.498600 171.101700 718.666900 196.359500 1.465761 1.586386 3.993656 4.863274 1.408952 43.802316 -0.837611 4.596100 6942
Car -1 -1 1.889400 387.136900 180.311400 444.381500 211.667100 1.472235 1.656729 4.217878 -9.975017 1.892421 37.107319 1.624902 7.739500 6941
Car -1 -1 -0.979900 675.692200 173.418200 738.673400 204.035800 1.510048 1.570065 3.551421 5.007915 1.549626 37.178468 -0.839960 5.953600 6935
Car -1 -1 -1.264600 829.974500 167.316700 1096.561000 338.712900 1.546674 1.641265 4.170627 4.364504 1.496661 8.602746 -0.797223 13.274700 6903
Car -1 -1 -1.590700 584.623400 174.184300 703.845300 291.739500 1.624402 1.653648 3.760911 0.440123 1.646289 11.871341 -1.555171 11.928900 6632
