Car -1 -1 1.694000 576.241300 172.936700 597.771200 189.001000 1.484746 1.566080 4.030237 -2.238123 1.489904 69.178831 1.640911 0.687600 6988
Car -1 -1 1.880300 516.456800 174.058900 551.097000 191.849000 1.474953 1.673702 4.367698 -6.599238 1.563904 62.394635 1.785725 1.934600 6983
Car -1 -1 -1.519100 643.530200 167.265800 661.939300 183.313700 1.570136 1.634378 3.861946 4.308227 1.006905 71.759851 -1.465501 2.570400 6982
Car -1 -1 2.111500 243.733100 177.361800 320.051800 215.388700 1.560899 1.538580 3.458991 -14.370814 1.762330 31.712089 1.714818 6.066600 6969
Car -1 -1 1.838400 406.581300 175.655100 455.174900 206.876300 1.602895 1.606293 3.831502 -9.802971 1.769163 39.464051 1.598415 7.246000 6955
Car -1 -1 1.945900 457.043500 175.246900 501.341900 198.001600 1.478071 1.623739 4.078698 -8.990141 1.659036 49.751274 1.749302 6.478600 6954
Car -1 -1 2.519900 0.000000 182.915400 43.726100 337.957200 1.710889 1.647347 4.118028 -10.675210 1.855721 10.165842 1.657773 2.896200 6950
Car -1 -1 2.117200 76.875000 184.741100 247.227700 261.704200 1.513131 1.595380 3.924956 -10.335406 1.845904 16.847807 1.578796 10.799300 6948
Car -1 -1 -0.985700 714.505300 169.581000 833.340600 222.196400 1.512397 1.632184 4.003311 5.104742 1.388968 22.353258 -0.763590 11.936000 6943
Car -1 -1 -0.902700 667.388900 171.323200 733.938100 198.322400 1.425984 1.612104 3.885978 5.019761 1.326547 39.869083 -0.762705 7.547400 6942
Car -1 -1 1.907000 360.953500 178.226400 428.707900 213.781100 1.500143 1.662977 4.326192 -9.868107 1.769205 33.242778 1.617737 8.948700 6941
Car -1 -1 -0.894600 684.280900 171.959900 760.989400 206.975300 1.530965 1.563219 3.539759 5.177974 1.494396 33.279529 -0.743925 6.300200 6935
Car -1 -1 -1.489200 1023.391300 165.673900 1241.000000 374.000000 1.557589 1.613906 4.068911 4.292591 1.523900 4.807640 -0.765443 8.869900 6903
Car -1 -1 -1.594600 567.201500 160.564300 747.228700 346.857800 1.688102 1.680314 3.788778 0.436373 1.624676 8.646344 -1.549203 9.708700 6632
