Car -1 -1 1.890400 357.330100 179.797800 406.112600 205.359600 1.486169 1.665689 4.215837 -14.241953 1.941046 45.195582 1.603926 3.648100 6974
Car -1 -1 2.164500 269.942100 178.572000 345.709200 212.653800 1.501659 1.558157 3.670765 -14.448835 1.803985 34.589541 1.752891 5.804000 6969
Car -1 -1 -1.535500 628.414100 170.001100 647.995600 187.865100 1.596839 1.653778 4.051837 2.531448 1.369558 65.615570 -1.493980 0.228100 6960
Car -1 -1 1.826800 418.055700 176.650900 462.186200 206.934900 1.650411 1.616442 3.781792 -9.947276 1.914754 42.257484 1.598041 6.789400 6955
Car -1 -1 1.899000 465.385800 177.605100 503.735400 199.147400 1.498122 1.588073 3.981656 -9.142036 1.837539 52.534373 1.686885 3.340400 6954
Car -1 -1 2.262000 0.000000 182.612900 137.219000 306.484900 1.747006 1.708258 4.320510 -10.667978 1.953621 12.694254 1.569219 10.441900 6950
Car -1 -1 2.047300 151.551100 186.583200 293.442600 251.233800 1.480899 1.639205 4.150907 -10.433190 1.912181 19.684627 1.572973 10.055800 6948
Car -1 -1 -0.957800 701.123400 170.097300 808.740100 218.601700 1.557616 1.631302 3.998123 5.055913 1.481397 25.123779 -0.765886 10.919000 6943
Car -1 -1 -0.861500 660.649900 174.177800 728.986000 200.845900 1.492490 1.628897 4.144205 4.983649 1.584924 42.788620 -0.773705 5.948900 6942
Car -1 -1 1.872900 381.545000 181.350200 442.446600 213.612300 1.481040 1.685543 4.449942 -9.922890 1.931050 36.124630 1.613042 6.491000 6941
Car -1 -1 -0.883500 677.116900 174.545200 748.843900 206.699400 1.533185 1.602099 3.608139 5.109351 1.617773 36.018676 -0.756670 5.881900 6935
Car -1 -1 -1.315300 864.556200 170.766500 1154.161200 367.292000 1.532069 1.654140 4.126866 4.354040 1.515290 7.587141 -0.800237 13.288400 6903
Car -1 -1 -1.598000 584.687700 172.341400 710.770700 297.576600 1.604358 1.627017 3.632936 0.452113 1.621909 11.111828 -1.555024 10.894500 6632
