Car -1 -1 -1.511600 639.303700 168.222800 658.626300 185.237800 1.606011 1.633611 3.891211 3.749680 1.171586 69.370969 -1.487074 1.309100 6982
Car -1 -1 1.895300 349.671700 177.794400 399.785600 204.019700 1.474166 1.619826 4.115637 -14.161261 1.712394 43.282363 1.595237 2.935400 6981
Car -1 -1 2.089000 252.023100 179.115800 325.964300 214.678200 1.472621 1.525395 3.476356 -14.432287 1.787042 32.493501 1.688069 7.855400 6969
Car -1 -1 1.834600 409.754800 178.034400 456.493400 207.515500 1.522669 1.587546 3.830118 -9.817604 1.836178 40.133045 1.592999 8.413900 6955
Car -1 -1 1.822800 461.835700 176.280800 499.636100 198.766400 1.492509 1.632781 4.136372 -8.980336 1.726940 50.473055 1.656284 6.358000 6954
Car -1 -1 2.346100 0.000000 180.437000 72.684500 332.698000 1.763351 1.697313 4.333452 -10.657064 1.915249 10.835970 1.578826 7.470800 6950
Car -1 -1 2.098600 92.281900 189.179200 260.918500 262.222900 1.465386 1.624289 4.158505 -10.380985 1.908652 17.588788 1.570272 12.331600 6948
Car -1 -1 -0.981300 709.947700 168.715600 826.121200 221.868900 1.557699 1.648347 4.108015 5.094940 1.448138 23.085004 -0.763257 11.763100 6943
Car -1 -1 -0.846400 664.967600 173.077200 734.859200 200.095300 1.447785 1.607828 4.021664 5.071841 1.459802 40.628414 -0.727926 6.744000 6942
Car -1 -1 1.893100 365.435600 179.386200 432.357800 214.943300 1.509539 1.673669 4.448979 -9.876221 1.870552 34.019293 1.611228 8.634600 6941
Car -1 -1 -0.898100 682.466800 172.192200 755.080400 206.915300 1.552210 1.568583 3.436259 5.113640 1.532964 33.966582 -0.756952 7.128900 6935
Car -1 -1 -1.423000 962.905400 173.682400 1241.000000 374.000000 1.545636 1.661766 4.140340 4.353621 1.543556 5.536068 -0.765824 10.562000 6903
Car -1 -1 -1.602800 577.673600 172.885100 736.746200 328.461100 1.606718 1.647145 3.737729 0.467052 1.617517 9.372817 -1.557220 13.741400 6632
