Car -1 -1 -3.085000 812.895100 174.062200 857.623300 190.761700 1.488320 1.570877 3.707331 20.511948 1.592472 65.986663 -2.783052 0.167100 6995
Car -1 -1 1.928400 339.183000 177.527400 393.736400 205.081300 1.486239 1.626248 4.104852 -14.078372 1.772507 41.880727 1.615626 3.248700 6991
Car -1 -1 1.633900 555.464400 174.244600 577.214500 192.099300 1.472355 1.609362 3.967647 -3.783784 1.648880 60.401286 1.597981 1.556200 6988
Car -1 -1 2.097300 235.903000 179.170300 316.364600 217.004000 1.512698 1.546645 3.559004 -14.427916 1.807076 31.283474 1.679615 7.987400 6969
Car -1 -1 1.838200 403.373100 178.314000 452.917600 208.967700 1.519062 1.597350 3.899112 -9.782199 1.835775 38.876744 1.590976 7.976400 6955
Car -1 -1 1.900200 457.864300 177.361400 500.031100 200.594400 1.490883 1.615188 4.035699 -8.904226 1.802958 49.236480 1.702058 4.721200 6954
Car -1 -1 2.129000 59.253600 189.798900 237.028800 265.830200 1.445490 1.582234 3.866584 -10.327064 1.881200 16.361074 1.570062 11.302700 6948
Car -1 -1 -0.994100 716.354300 169.487700 838.778000 225.780300 1.567083 1.656677 4.092538 5.133820 1.465929 21.873208 -0.762084 11.542500 6943
Car -1 -1 -0.867600 666.722900 170.953300 736.275000 198.609000 1.431357 1.606808 3.930088 5.004331 1.364181 39.321366 -0.759409 6.283200 6942
Car -1 -1 1.913300 355.283700 179.717300 425.832600 215.422300 1.472717 1.686581 4.466679 -9.883787 1.798641 32.712942 1.618026 9.128500 6941
Car -1 -1 -0.912800 686.779900 171.923600 760.108300 206.149000 1.461224 1.528683 3.355534 5.136271 1.415476 32.661999 -0.763041 5.617300 6935
Car -1 -1 -1.544400 1104.410500 152.086900 1241.000000 374.000000 1.553912 1.629255 4.227603 4.385896 1.473528 4.275271 -0.759647 7.033700 6903
Car -1 -1 -1.602900 573.529400 167.009000 765.147200 361.250200 1.642832 1.647077 3.711652 0.493146 1.626988 8.033680 -1.544228 11.748000 6632
