Car -1 -1 1.661700 567.188900 186.316800 596.781800 211.115900 1.509380 1.628014 4.032003 -2.009685 2.505943 49.041160 1.679183 -0.250200 6973
Car -1 -1 2.131000 274.794500 177.335400 346.780600 210.583800 1.515375 1.555522 3.624863 -14.492281 1.761936 35.079597 1.721755 4.624500 6969
Car -1 -1 -1.547300 626.119900 169.151000 645.930900 187.949100 1.586630 1.662442 4.106204 2.358620 1.248995 64.891828 -1.490936 2.819700 6960
Car -1 -1 1.819200 420.256000 176.964900 463.682700 206.727700 1.621795 1.611137 3.823024 -9.927407 1.910544 42.766644 1.592575 5.382400 6955
Car -1 -1 1.787300 469.407100 177.664600 502.708400 199.245500 1.524966 1.631775 4.071508 -9.087100 1.873959 53.088925 1.682642 3.220900 6954
Car -1 -1 2.252400 0.000000 183.607400 154.071200 297.385400 1.703195 1.699309 4.324295 -10.696415 1.916244 13.272472 1.577701 11.419300 6950
Car -1 -1 2.062800 166.190500 188.342700 300.204900 248.232100 1.439194 1.589829 4.013904 -10.406575 1.890567 20.143183 1.585435 10.364300 6948
Car -1 -1 -0.958200 697.768300 170.508700 802.319200 219.339700 1.604871 1.655839 4.039098 5.027712 1.517199 25.676180 -0.766718 9.997500 6943
Car -1 -1 -0.938200 660.219800 173.142000 723.136000 198.690100 1.463549 1.605889 4.064683 4.914074 1.476350 43.248120 -0.813876 4.778600 6942
Car -1 -1 1.874400 379.963500 178.560200 440.636600 213.283200 1.582258 1.691760 4.383200 -10.052045 1.917388 36.533721 1.606519 8.613100 6941
Car -1 -1 -0.998200 676.030700 174.408000 741.118600 207.343800 1.556364 1.594898 3.599965 5.003999 1.628331 36.541316 -0.832134 3.452600 6935
Car -1 -1 -1.302500 855.109500 168.052300 1121.884800 354.220000 1.551982 1.625625 4.060691 4.367487 1.514875 8.074245 -0.804122 12.289200 6903
Car -1 -1 -1.595700 584.333800 177.460400 706.056500 295.273000 1.562371 1.632094 3.733745 0.440366 1.636562 11.512127 -1.553652 12.091800 6632
