Car -1 -1 2.139600 256.117100 178.375000 332.950400 214.649200 1.538268 1.564918 3.589537 -14.461413 1.818994 33.311197 1.751184 7.917000 6969
Car -1 -1 1.824100 413.341100 179.020200 459.391800 207.618900 1.520408 1.599987 3.907513 -9.857934 1.886214 41.047769 1.595165 7.699600 6955
Car -1 -1 1.864100 463.684500 176.112300 504.087000 198.761100 1.518902 1.651824 4.240194 -8.924572 1.779958 51.318205 1.684609 6.470700 6954
Car -1 -1 2.329900 0.000000 182.322100 104.978100 320.988400 1.736708 1.715425 4.380196 -10.641594 1.924614 11.606277 1.587115 7.982000 6950
Car -1 -1 2.102500 124.698600 186.368600 277.499100 253.335700 1.462016 1.607831 4.020078 -10.370565 1.849810 18.519882 1.588848 11.471600 6948
Car -1 -1 -0.974000 706.203900 170.793400 819.921400 220.731000 1.554273 1.661826 4.148102 5.126512 1.480625 23.983170 -0.758852 12.818000 6943
Car -1 -1 -0.885000 663.241300 173.876100 729.505700 200.499100 1.470188 1.613506 4.016164 4.972993 1.518943 41.559295 -0.764991 6.184500 6942
Car -1 -1 1.884200 372.781000 180.912500 436.690500 215.307200 1.529611 1.690611 4.489671 -9.891306 1.914732 34.914405 1.609330 6.868500 6941
Car -1 -1 -0.885800 681.766100 172.366800 751.698800 206.776500 1.574087 1.561921 3.393017 5.120151 1.571463 34.777925 -0.753791 6.109700 6935
Car -1 -1 -1.397800 927.302200 160.928300 1241.000000 374.000000 1.579451 1.625286 4.061468 4.344038 1.505820 6.314332 -0.796225 13.771200 6903
Car -1 -1 -1.606700 581.248400 176.885800 721.977900 315.332300 1.599810 1.640408 3.668974 0.457462 1.652157 10.199127 -1.564787 12.208800 6632
