Car -1 -1 -1.301200 517.605500 175.984200 548.542900 193.860600 1.483002 1.623159 4.115676 -6.681171 1.739402 62.569728 -1.425179 1.651300 6983
Car -1 -1 -1.514000 642.237200 167.654700 660.953700 184.340700 1.573810 1.620941 3.772578 4.092691 1.047517 70.600540 -1.458260 0.655600 6982
Car -1 -1 1.867200 353.712900 175.785800 401.557000 202.714800 1.494056 1.580104 4.108129 -13.783034 1.658963 42.599171 1.560028 0.825700 6981
Car -1 -1 2.171000 243.999000 176.406800 324.900500 214.383800 1.543562 1.526745 3.508703 -14.423207 1.754829 31.994623 1.726446 7.928900 6969
Car -1 -1 1.832900 408.781300 176.744800 455.385600 206.587900 1.547344 1.596810 3.783729 -9.798305 1.792038 39.712295 1.595280 7.308800 6955
Car -1 -1 1.879100 460.640200 175.313200 501.814600 197.437000 1.469773 1.629957 4.264772 -8.978634 1.664579 50.220067 1.689119 5.824500 6954
Car -1 -1 2.358200 0.000000 183.482500 48.768400 335.567700 1.696742 1.685789 4.319307 -10.625978 1.875671 10.352918 1.567187 5.594900 6950
Car -1 -1 2.111700 83.999200 188.711700 254.604600 259.986600 1.441692 1.621999 4.079309 -10.351386 1.843385 17.187751 1.575754 11.792100 6948
Car -1 -1 -0.997700 714.348200 167.951300 829.185600 221.237700 1.523213 1.620641 3.923444 5.083047 1.390514 22.600757 -0.770488 10.666000 6943
Car -1 -1 -0.872700 666.806100 171.157100 733.995700 198.123700 1.432923 1.605128 3.863879 5.011304 1.336420 40.100394 -0.747571 6.032000 6942
Car -1 -1 1.889000 362.547000 179.665900 429.192000 214.191100 1.496918 1.684628 4.430197 -9.888952 1.813601 33.548031 1.608114 9.121300 6941
Car -1 -1 -0.913600 685.360100 172.380700 755.947400 207.235100 1.531924 1.531756 3.353230 5.117033 1.507171 33.417026 -0.761660 8.047000 6935
Car -1 -1 -1.467100 1001.682100 162.415300 1241.000000 374.000000 1.577389 1.646059 4.059126 4.294693 1.541549 5.057175 -0.772152 9.492800 6903
Car -1 -1 -1.615300 575.316900 175.389500 742.711600 337.677700 1.569413 1.639910 3.712167 0.425553 1.612878 8.879060 -1.568748 10.883500 6632
