Car -1 -1 1.962500 339.265700 178.768200 392.139600 205.920300 1.466370 1.595473 3.798870 -14.072580 1.789938 41.627910 1.627292 4.547100 6991
Car -1 -1 1.644200 563.349600 174.877000 584.663900 192.244500 1.482352 1.608916 4.051624 -3.078448 1.690387 64.096134 1.637317 1.211900 6988
Car -1 -1 2.150300 239.157000 180.296200 318.179300 216.638300 1.458250 1.526084 3.404573 -14.419734 1.789278 31.345103 1.710450 7.279800 6969
Car -1 -1 1.826200 405.837000 177.404100 453.253500 207.549800 1.524524 1.589409 3.865807 -9.790344 1.800659 39.164300 1.584198 7.948500 6955
Car -1 -1 1.881000 460.043100 174.985200 501.253100 198.070400 1.504111 1.631052 4.060925 -8.875934 1.681336 49.537078 1.705487 3.865800 6954
Car -1 -1 2.154200 61.258800 188.485700 242.917400 263.895500 1.441942 1.596792 3.946709 -10.345488 1.851637 16.551264 1.592613 10.729600 6948
Car -1 -1 -0.978800 718.088200 167.086800 834.728200 224.222400 1.576531 1.628001 3.840781 5.098047 1.452475 21.997010 -0.756618 11.272300 6943
Car -1 -1 -0.889600 667.137400 172.589500 734.448400 199.862200 1.431662 1.606605 3.885195 4.983084 1.410724 39.531636 -0.757326 6.037100 6942
Car -1 -1 1.912500 356.979000 180.401900 428.077100 215.614100 1.464881 1.686838 4.563623 -9.887566 1.819440 32.965186 1.619773 10.384400 6941
Car -1 -1 -0.913500 686.951300 172.197500 760.187900 205.902400 1.463643 1.530452 3.388574 5.164621 1.434808 32.843939 -0.752953 6.097000 6935
Car -1 -1 -1.503300 1061.428500 100.362600 1241.000000 374.000000 1.644216 1.617834 4.204789 4.395206 1.457092 4.476430 -0.750099 5.151400 6903
Car -1 -1 -1.615600 575.724100 176.109200 759.467400 358.027600 1.581845 1.629228 3.770855 0.476887 1.633991 8.268532 -1.554682 11.286800 6632
