Car -1 -1 1.895300 349.671700 177.794400 399.785600 204.019700 1.474166 1.619826 4.115637 -14.107951 1.774200 43.411535 1.595237 2.935400 6981
Car -1 -1 2.124600 252.451200 180.222400 326.989900 214.636400 1.453563 1.529108 3.465606 -14.421446 1.791266 32.628941 1.714877 5.884100 6969
Car -1 -1 1.826200 410.582000 178.450100 456.949100 207.172000 1.502233 1.588430 3.845520 -9.813666 1.833919 40.314105 1.590084 8.011700 6955
Car -1 -1 1.824100 463.879400 175.629900 502.163000 198.076800 1.504173 1.639223 4.189723 -8.939758 1.718899 50.848407 1.673085 7.407900 6954
Car -1 -1 2.351600 0.000000 181.901500 74.857500 325.297400 1.745150 1.672092 4.157332 -10.683403 1.918764 11.062196 1.592623 7.344900 6950
Car -1 -1 2.105700 99.037300 189.515600 265.023700 259.487100 1.449184 1.624109 4.131492 -10.391707 1.883780 17.836525 1.577508 10.308700 6948
Car -1 -1 -0.976900 708.940000 170.012400 826.186000 223.185400 1.562066 1.650851 4.162244 5.114139 1.473385 23.307695 -0.760761 10.229200 6943
Car -1 -1 -0.865800 666.426600 172.810600 733.681900 199.421200 1.446629 1.605285 3.924847 5.063060 1.459259 40.829415 -0.736867 6.329300 6942
Car -1 -1 1.889700 369.748200 180.906700 433.722000 215.356600 1.485331 1.648217 4.367397 -9.842823 1.899307 34.224331 1.612890 8.001100 6941
Car -1 -1 -0.904900 682.617200 172.606100 752.638800 207.350300 1.550769 1.559981 3.396713 5.096961 1.550159 34.135544 -0.770304 5.896300 6935
Car -1 -1 -1.408500 953.471800 168.525400 1241.000000 374.000000 1.584851 1.665270 4.127623 4.380995 1.562012 5.735863 -0.772497 11.045700 6903
Car -1 -1 -1.604900 579.974200 173.793000 733.899900 324.764900 1.589919 1.634111 3.719169 0.462205 1.618131 9.543259 -1.564210 12.122800 6632
