Car -1 -1 -1.633800 594.011900 175.851600 662.974100 241.217200 1.594800 1.642411 3.912777 0.381834 1.712028 20.252606 -1.638100 2.083800 7008
Car -1 -1 1.776800 514.554000 178.594500 550.922400 201.822600 1.485740 1.665336 4.085365 -5.226217 1.869236 49.062925 1.669858 6.427100 7003
Car -1 -1 1.943600 338.818500 176.722400 393.208000 204.203800 1.474884 1.595285 4.007192 -13.925146 1.713535 41.326393 1.640832 2.989400 6991
Car -1 -1 2.210800 230.406200 177.815300 318.113100 217.950700 1.561079 1.546061 3.544770 -14.330986 1.814216 30.882771 1.760959 7.158800 6969
Car -1 -1 1.850200 401.302300 176.973900 453.175300 208.731700 1.610307 1.638409 4.043995 -9.767482 1.844588 38.672824 1.598080 6.299900 6955
Car -1 -1 1.835000 459.902000 178.732000 499.347100 202.202800 1.485378 1.632825 4.058942 -8.830485 1.913919 48.908695 1.665296 4.990800 6954
Car -1 -1 2.155000 34.651400 190.298100 236.999700 269.338800 1.431685 1.633990 4.231599 -10.334987 1.866146 16.056195 1.578832 11.872800 6948
Car -1 -1 -0.992600 720.116000 168.795600 843.158300 227.695700 1.583214 1.645640 3.967886 5.120244 1.472756 21.466121 -0.760056 11.787700 6943
Car -1 -1 -0.854600 668.504200 174.249800 739.542400 202.775900 1.456954 1.602285 3.948663 5.064480 1.512641 38.999985 -0.735768 5.514100 6942
Car -1 -1 1.916400 352.564500 180.234500 426.074600 216.744700 1.481453 1.699702 4.651396 -9.866823 1.826402 32.428380 1.621628 10.249600 6941
Car -1 -1 -0.886500 688.259900 173.327700 762.447100 207.751400 1.462787 1.538705 3.316819 5.154728 1.488641 32.282382 -0.747912 3.830800 6935
Car -1 -1 -1.686200 1203.471500 151.126600 1241.000000 374.000000 1.599146 1.683374 4.198250 4.365077 1.525092 3.883513 -0.840536 4.703300 6903
Car -1 -1 -1.624700 573.545500 175.813200 778.319000 374.000000 1.615756 1.645603 3.759423 0.476371 1.652749 7.682134 -1.559742 11.504400 6632
