Car -1 -1 1.760300 519.962800 177.871600 554.763600 200.585000 1.501500 1.658273 4.207964 -5.067046 1.827447 50.517996 1.668980 3.587400 7003
Car -1 -1 1.775100 515.630600 175.828300 543.764600 195.085900 1.544919 1.610826 4.033357 -6.902335 1.835057 61.606209 1.698510 -0.566200 7002
Car -1 -1 2.061600 336.489800 177.234200 397.217800 204.842200 1.478741 1.598336 3.989704 -13.950732 1.735652 41.457619 1.677126 1.667200 6991
Car -1 -1 2.179100 233.143900 179.273500 316.202200 217.753700 1.520108 1.530627 3.430002 -14.333528 1.815156 30.895217 1.735327 6.882600 6969
Car -1 -1 1.833200 401.468300 176.871200 453.207200 210.127900 1.642679 1.637130 4.000623 -9.759565 1.880407 38.656228 1.590119 7.044400 6955
Car -1 -1 1.849200 458.570600 179.062400 498.680800 202.338700 1.476282 1.626070 4.093150 -8.847140 1.918104 48.908450 1.679205 4.714100 6954
Car -1 -1 2.136400 39.024100 190.016900 233.043800 268.910500 1.447032 1.616821 4.110244 -10.342183 1.870011 16.060685 1.569824 11.343600 6948
Car -1 -1 -0.992000 719.370700 168.454900 840.386400 225.675300 1.561394 1.635189 3.910585 5.080677 1.447251 21.436558 -0.763222 11.195800 6943
Car -1 -1 -0.888700 668.300900 173.349200 737.500600 201.529800 1.451702 1.615206 3.907021 5.022506 1.459086 39.028758 -0.753191 5.486100 6942
Car -1 -1 1.924300 351.374700 179.194600 426.589700 216.017300 1.489953 1.703103 4.724849 -9.889996 1.815774 32.454390 1.621512 11.492000 6941
Car -1 -1 -0.978600 689.633500 173.308400 760.911500 208.695900 1.467621 1.542595 3.328662 5.154602 1.499357 32.312243 -0.779484 4.657700 6935
Car -1 -1 -1.664000 1205.165900 129.029600 1241.000000 374.000000 1.618960 1.661326 4.224544 4.429284 1.505614 3.993865 -0.832666 2.356800 6903
Car -1 -1 -1.616700 567.952300 175.249600 769.142800 373.796100 1.611154 1.640107 3.733087 0.446725 1.641541 7.729406 -1.558030 12.318900 6632
