Car -1 -1 1.657500 573.346200 173.715500 594.306800 190.849400 1.528124 1.606194 3.982567 -2.398997 1.622107 67.748067 1.628681 2.366300 6988
Car -1 -1 1.856400 516.177700 176.698800 547.326900 194.761100 1.478011 1.637295 4.119598 -6.682398 1.725219 62.154560 1.762778 0.187200 6983
Car -1 -1 -1.519100 643.530200 167.265800 661.939300 183.313700 1.570136 1.634378 3.861946 4.443826 0.957609 72.238088 -1.465501 2.570400 6982
Car -1 -1 2.114200 239.828700 178.243200 319.751100 215.105900 1.520171 1.557813 3.526609 -14.413372 1.751424 31.608532 1.697255 8.314300 6969
Car -1 -1 1.842100 407.173000 178.338400 454.887900 207.234200 1.524531 1.587756 3.810117 -9.781326 1.781686 39.416739 1.599086 5.960400 6955
Car -1 -1 1.848200 458.321900 176.560300 499.671300 199.425100 1.481241 1.658016 4.249277 -9.000967 1.715906 49.694190 1.699734 4.786100 6954
Car -1 -1 2.519900 0.000000 182.915400 43.726100 337.957200 1.710889 1.647347 4.118028 -10.675209 1.852390 9.961934 1.657773 2.896200 6950
Car -1 -1 2.141400 74.611100 190.469700 246.989300 262.679400 1.442161 1.574503 3.893587 -10.328533 1.853241 16.789368 1.587080 11.927300 6948
Car -1 -1 -0.980700 714.280200 168.935100 833.292600 225.126800 1.557083 1.635222 4.004664 5.092484 1.443214 22.252994 -0.759332 11.390700 6943
Car -1 -1 -0.860700 668.584800 172.997900 736.469100 200.065200 1.424819 1.602522 3.864175 5.080190 1.392225 39.787110 -0.744470 6.682900 6942
Car -1 -1 1.906000 359.034300 178.778600 429.869800 215.472300 1.522798 1.696921 4.480211 -9.871190 1.805852 33.197948 1.617652 10.292300 6941
Car -1 -1 -0.912100 685.286800 172.457400 758.728000 207.611900 1.531357 1.552577 3.489167 5.158637 1.506364 33.141546 -0.752871 6.730000 6935
Car -1 -1 -1.546300 1042.312500 173.596800 1241.000000 374.000000 1.553022 1.621937 4.093687 4.283722 1.546383 4.774874 -0.802560 7.629000 6903
Car -1 -1 -1.597800 573.892900 174.108600 751.558100 349.883600 1.639153 1.652864 3.746889 0.466498 1.626403 8.498164 -1.544257 10.190000 6632
