Car -1 -1 -1.549200 611.037400 179.830100 628.343700 195.935400 1.440800 1.554200 3.403100 0.911800 2.113100 67.769500 -1.535700 2.441200 4381
Car -1 -1 1.732100 481.522700 184.022500 508.485900 203.279300 1.459600 1.582700 3.791000 -9.358000 2.399300 58.785700 1.574300 5.307000 4380
Car -1 -1 -1.706500 671.537200 181.623600 697.468000 200.298500 1.465600 1.625400 4.071400 6.201000 2.227900 60.622400 -1.604500 -0.106600 4379
Car -1 -1 2.243500 0.000000 208.409200 116.603200 268.505900 1.503300 1.667800 4.284700 -17.900300 2.729900 22.734200 1.576500 0.177700 4378
Car -1 -1 -1.610000 667.638600 162.284500 686.730800 179.117300 1.475842 1.565725 3.794925 6.024321 0.549395 65.186323 -1.520008 0.187100 4377
Car -1 -1 1.807100 446.668200 184.192900 486.965400 210.843600 1.553917 1.631875 3.954683 -9.093495 2.313012 45.936182 1.605517 5.055000 4376
Car -1 -1 -2.042700 855.221500 102.759200 1241.000000 349.556200 2.380442 1.992350 5.393692 5.125006 1.708093 9.691138 -1.556850 2.130600 4375
Car -1 -1 2.128300 99.279500 199.482200 209.640900 244.376900 1.480800 1.653400 4.306300 -17.878000 2.612900 28.508500 1.568200 1.707200 4374
Car -1 -1 1.711900 474.304400 179.230800 519.214500 212.229600 1.530983 1.659658 4.183167 -5.693766 1.874400 36.457520 1.558200 2.515100 4373
Car -1 -1 1.689500 491.106600 184.408800 514.708600 202.876900 1.475100 1.579200 3.660800 -9.164500 2.494800 61.798300 1.542200 4.759900 4372
Car -1 -1 1.835200 352.891200 181.542000 427.356900 230.570400 1.723692 1.721125 4.324267 -8.574190 2.094304 28.365891 1.542783 9.614600 4371
Car -1 -1 2.106800 15.550300 199.234900 254.123100 307.346200 1.479325 1.632533 4.211525 -8.280901 2.032108 13.028310 1.540583 12.771400 4370
