Car -1 -1 1.732400 470.096400 184.841500 498.014400 204.943100 1.435600 1.560900 3.577500 -9.673600 2.387400 55.467600 1.559700 8.848800 4382
Car -1 -1 -1.549200 611.037400 179.830100 628.343700 195.935400 1.440800 1.554200 3.403100 0.911800 2.113100 67.769500 -1.535700 2.441200 4381
Car -1 -1 1.732100 481.522700 184.022500 508.485900 203.279300 1.459600 1.582700 3.791000 -9.358000 2.399300 58.785700 1.574300 5.307000 4380
Car -1 -1 -1.706500 671.537200 181.623600 697.468000 200.298500 1.465600 1.625400 4.071400 6.201000 2.227900 60.622400 -1.604500 -0.106600 4379
Car -1 -1 2.243500 0.000000 208.409200 116.603200 268.505900 1.503300 1.667800 4.284700 -17.900300 2.729900 22.734200 1.576500 0.177700 4378
Car -1 -1 -1.610000 667.638600 162.284500 686.730800 179.117300 1.475842 1.565725 3.794925 5.816071 0.596039 63.957497 -1.520008 0.187100 4377
Car -1 -1 1.864800 431.430500 185.019600 477.371100 212.559000 1.508826 1.610600 3.909746 -9.177542 2.236244 42.708579 1.636720 3.513800 4376
Car -1 -1 -2.121500 898.860200 91.579000 1241.000000 371.234600 2.263377 1.929297 5.038906 5.094174 1.575306 8.126969 -1.559446 1.643600 4375
Car -1 -1 -1.043400 101.448700 199.178600 205.703600 243.233300 1.486985 1.654138 4.199223 -18.245991 2.624000 29.017187 -1.602292 0.474400 4374
Car -1 -1 1.729600 463.594000 180.466400 512.466200 215.468000 1.528760 1.659160 4.204874 -5.816580 1.911876 34.565756 1.561420 -0.570000 4373
Car -1 -1 1.864100 314.577700 182.281700 403.935200 239.089400 1.746697 1.741151 4.381394 -8.702033 2.115207 25.322708 1.536289 11.018200 4371
Car -1 -1 2.221600 0.000000 199.357000 154.766200 350.102600 1.502506 1.615426 3.979340 -8.256960 1.950918 9.901479 1.531329 7.667200 4370
