Car -1 -1 1.633800 514.649000 185.971400 551.629900 218.795400 1.460837 1.582086 3.705374 -3.729040 2.123239 35.093509 1.535480 4.837000 3480
Car -1 -1 -1.724700 681.979400 162.818200 708.615800 182.217400 1.485350 1.554360 3.565857 6.747757 0.719321 57.372571 -1.591375 0.652700 3476
Car -1 -1 -1.712300 724.274900 166.325100 758.285800 190.736100 1.470422 1.578939 3.893067 8.011002 1.130929 44.298725 -1.557830 0.281900 3474
Car -1 -1 -1.673100 667.634500 179.053100 726.767000 228.838000 1.591336 1.662022 4.009173 3.039176 1.863879 25.784034 -1.491969 6.145400 3467
Car -1 -1 -1.560800 636.559900 178.998500 663.845200 205.794400 1.529308 1.605447 3.935814 2.465130 1.986185 44.595539 -1.512720 4.579400 3455
Car -1 -1 -1.721400 645.791200 178.736300 691.309200 213.225400 1.511872 1.575852 3.621165 2.660649 1.836055 33.915456 -1.625819 4.994200 3453
Car -1 -1 -1.823000 715.991000 184.336700 881.677900 299.654200 1.505888 1.614997 3.911818 2.800809 1.723386 11.782607 -1.588299 11.321100 3448
Car -1 -1 -1.737800 678.696100 181.195000 774.975200 252.049700 1.494277 1.628740 4.114103 2.679162 1.708616 17.612593 -1.584809 12.134500 3436
Car -1 -1 -1.943000 772.640500 180.073700 1210.708800 374.000000 1.586486 1.662463 4.171885 2.636390 1.683707 6.258163 -1.551820 12.111800 3420
Car -1 -1 -1.438100 485.437700 180.523800 550.546100 234.126700 1.655922 1.696075 4.177843 -3.136679 1.952934 25.072068 -1.563193 12.329200 3417
