Car -1 -1 1.656400 506.203300 183.081500 548.735700 218.636000 1.471633 1.604288 3.840382 -3.773534 1.984728 33.149989 1.543814 5.769900 3480
Car -1 -1 -1.558500 687.440400 163.188000 708.624700 182.743300 1.462406 1.563016 3.613735 6.722681 0.724015 55.513999 -1.479606 -0.212100 3476
Car -1 -1 1.361700 727.769900 161.361800 767.840600 186.889100 1.464110 1.586364 3.850467 8.112736 0.829004 42.321057 1.558244 1.787800 3474
Car -1 -1 -1.748600 663.530500 177.894600 735.813500 228.689800 1.533639 1.639932 4.102953 2.870712 1.733468 23.895397 -1.596590 6.356800 3467
Car -1 -1 -1.546900 636.339200 177.529000 665.203100 204.955600 1.520057 1.608524 3.962442 2.382625 1.864592 42.722470 -1.512409 2.626000 3455
Car -1 -1 -1.678900 650.281400 177.629700 695.211800 214.120200 1.500407 1.582741 3.643955 2.652666 1.755060 32.044206 -1.599299 6.497200 3453
Car -1 -1 -1.864500 732.575500 180.947900 934.461200 320.086400 1.506482 1.578753 3.680535 2.736510 1.644224 9.797416 -1.592061 13.184700 3448
Car -1 -1 -1.754100 685.774500 177.759600 794.593500 257.081300 1.470837 1.611181 3.959331 2.636477 1.611723 15.697391 -1.586523 12.357700 3436
Car -1 -1 -2.114600 819.006500 183.350400 1241.000000 374.000000 1.576832 1.660555 4.074263 2.611052 1.655706 4.297052 -1.561071 12.043200 3420
Car -1 -1 -1.405200 470.971200 177.712900 544.493800 235.351500 1.652548 1.669392 4.152765 -3.206721 1.857015 23.107876 -1.552275 12.558300 3417
