Car -1 -1 1.659200 510.715800 184.769100 551.482800 218.736500 1.456261 1.587708 3.725722 -3.727610 2.054313 34.083412 1.544972 4.599100 3480
Car -1 -1 -1.724700 681.979400 162.818200 708.615800 182.217400 1.485350 1.554360 3.565857 6.593981 0.687675 56.366034 -1.591375 0.652700 3476
Car -1 -1 1.361700 727.769900 161.361800 767.840600 186.889100 1.464110 1.586364 3.850467 8.140076 0.857126 43.265499 1.558244 1.787800 3474
Car -1 -1 -1.690000 668.985600 178.682400 731.098900 229.567200 1.581920 1.652120 3.897387 2.978237 1.820550 24.745574 -1.540751 6.413200 3467
Car -1 -1 -1.623100 634.505900 178.959400 664.446600 205.775400 1.517560 1.597075 3.891802 2.347667 1.937831 43.526577 -1.548183 3.263300 3455
Car -1 -1 -1.673100 647.985000 178.596700 690.577700 213.713200 1.498478 1.573100 3.616860 2.622438 1.797613 33.017684 -1.606092 5.451300 3453
Car -1 -1 -1.845700 722.460900 179.885600 909.126800 308.694900 1.529752 1.620746 3.854206 2.782535 1.688142 10.813661 -1.591513 11.547800 3448
Car -1 -1 -1.742200 681.731900 179.430700 784.591500 251.745200 1.452450 1.623771 4.112124 2.656986 1.636177 16.679537 -1.584618 12.615700 3436
Car -1 -1 -2.014000 799.502900 176.625400 1241.000000 374.000000 1.620734 1.659025 4.058670 2.628813 1.681398 5.256751 -1.549212 11.868800 3420
Car -1 -1 -1.436100 478.726900 179.531300 546.027500 235.356000 1.658937 1.681999 4.167433 -3.182206 1.923543 24.081772 -1.566473 12.382500 3417
