Car -1 -1 -1.597500 644.641000 172.828600 666.743800 198.304600 2.177280 1.897091 5.086169 4.291117 2.260265 68.593330 -1.548506 -0.025300 3773
Car -1 -1 -1.613000 650.462000 179.009300 672.957200 199.837900 1.511877 1.583769 3.678229 3.988965 2.035073 56.374925 -1.518006 3.429200 3772
Car -1 -1 1.520700 659.874300 179.935700 697.376600 214.248400 1.539302 1.638479 4.176423 3.407393 1.967667 36.369761 1.596281 5.338100 3770
Car -1 -1 1.608300 544.099700 180.411500 577.254200 211.504200 1.540399 1.638951 4.122298 -2.645314 1.965040 39.152420 1.543022 1.983500 3762
Car -1 -1 1.712400 477.067400 180.962500 545.573200 239.124400 1.650681 1.644507 3.743423 -3.099770 1.929031 22.936434 1.585832 5.260100 3755
Car -1 -1 1.751600 494.522200 164.888500 530.276500 189.169300 1.534719 1.659403 4.215162 -6.459695 1.015281 48.367803 1.591590 -0.794200 3754
Car -1 -1 1.444600 671.068700 185.836700 741.617700 240.223300 1.465261 1.619796 4.043534 2.854420 1.861182 22.229640 1.567190 7.293100 3744
Car -1 -1 1.663400 522.913100 179.844100 564.930500 218.023100 1.546899 1.543782 3.422755 -2.956464 1.875246 31.811402 1.582712 6.055900 3728
Car -1 -1 -1.768200 690.891600 185.523100 792.692400 260.973300 1.491660 1.590942 3.731038 2.874233 1.810801 16.932464 -1.599296 11.384900 3719
Car -1 -1 1.311100 741.479200 175.822000 949.669300 330.086600 1.678694 1.654320 3.947862 2.878030 1.733009 9.993891 1.598158 14.531600 3706
Car -1 -1 1.829500 420.313700 186.282200 538.191700 261.345200 1.453005 1.630504 4.279486 -2.980481 1.786144 16.886067 1.649622 13.163700 3697
