Car -1 -1 -2.386900 704.674700 150.771000 778.951400 180.863800 1.480617 1.577660 3.745136 6.754323 0.397518 37.375694 -1.865336 -0.466100 3767
Car -1 -1 3.104200 377.850300 173.943900 467.553800 213.356800 1.627304 1.627983 3.660926 -8.222923 1.691754 31.554243 2.894517 -0.757200 3766
Car -1 -1 1.638500 539.198500 178.111800 571.916200 206.397400 1.510283 1.618377 4.001689 -3.128878 1.838571 41.500299 1.556447 -0.058400 3762
Car -1 -1 1.711000 481.667800 176.862000 543.433000 228.943800 1.659015 1.662518 3.802295 -3.405359 1.879235 25.595238 1.575531 4.080500 3755
Car -1 -1 1.676900 497.144000 163.256100 526.555500 184.939800 1.473138 1.610342 3.942286 -6.906476 0.838889 50.810896 1.556480 3.763400 3754
Car -1 -1 1.468000 660.163300 181.339300 718.379300 229.275000 1.472882 1.601308 3.827540 2.575257 1.813831 24.903609 1.563728 6.204300 3744
Car -1 -1 1.659100 523.997500 178.157200 562.134500 213.082200 1.552148 1.515761 3.387131 -3.299785 1.843682 34.402179 1.555479 5.370000 3728
Car -1 -1 -1.758300 672.497900 181.454600 760.108100 245.540800 1.505390 1.603529 3.828116 2.632086 1.763733 19.605337 -1.619114 12.074500 3719
Car -1 -1 1.375800 709.442500 177.631100 853.059800 284.294900 1.577968 1.626871 3.928812 2.690837 1.657691 12.705137 1.586342 16.334000 3706
Car -1 -1 1.774100 447.665500 182.228900 539.652500 245.509800 1.463108 1.629288 4.238049 -3.180997 1.759421 19.524923 1.623343 12.022000 3697
Car -1 -1 2.422700 0.000000 190.732300 221.029700 374.000000 1.520792 1.626203 4.056484 -3.506002 1.664661 2.813256 1.546248 8.339800 3683
