Car -1 -1 1.448200 652.310200 179.188700 691.941100 208.976200 1.462551 1.608837 3.941043 3.181892 1.800324 37.991007 1.520320 3.614100 3770
Car -1 -1 -2.386900 704.674700 150.771000 778.951400 180.863800 1.480617 1.577660 3.745136 6.400894 0.385953 36.474671 -1.865336 -0.466100 3767
Car -1 -1 3.104200 377.850300 173.943900 467.553800 213.356800 1.627304 1.627983 3.660926 -8.203035 1.724945 30.663067 2.894517 -0.757200 3766
Car -1 -1 1.618200 541.628800 179.581500 573.990500 208.299200 1.506925 1.630914 4.001315 -2.935083 1.879721 40.740343 1.549933 1.430200 3762
Car -1 -1 1.731700 480.084700 181.349700 545.444700 234.254500 1.637745 1.644955 3.753473 -3.280845 1.914074 24.664723 1.590221 6.186700 3755
Car -1 -1 1.742900 495.420800 163.354700 528.540300 185.286800 1.466131 1.612541 4.001873 -6.745344 0.827499 50.087510 1.588445 3.168500 3754
Car -1 -1 1.437500 662.784500 182.252900 728.222900 231.733700 1.460594 1.609585 3.961752 2.697812 1.797050 24.009655 1.555120 5.704800 3744
Car -1 -1 1.703300 522.492300 178.300500 565.309400 213.720800 1.538398 1.526230 3.445825 -3.140588 1.809406 33.500299 1.590596 4.878800 3728
Car -1 -1 -1.752700 679.973000 182.889600 768.459800 248.062500 1.480675 1.590780 3.781692 2.731965 1.752274 18.723435 -1.609835 10.876900 3719
Car -1 -1 1.369300 721.530900 176.081000 878.837400 299.648900 1.626133 1.639991 3.936777 2.766865 1.693074 11.802043 1.598120 12.238600 3706
Car -1 -1 1.807900 438.568500 184.301100 541.910500 249.372600 1.426948 1.626700 4.338511 -3.076160 1.741744 18.649728 1.639076 13.214800 3697
Car -1 -1 2.422700 0.000000 190.732300 221.029700 374.000000 1.520792 1.626203 4.056484 -3.562814 1.659527 2.010892 1.546248 8.339800 3683
