Car -1 -1 -1.600800 643.663400 167.977500 668.482700 196.755500 2.310937 1.960237 5.444809 3.988466 1.963793 63.349586 -1.554220 -0.616700 3778
Car -1 -1 -1.589200 654.210100 178.625400 677.714000 200.577800 1.464032 1.582712 3.620996 3.934855 1.852056 50.971945 -1.518969 4.760900 3772
Car -1 -1 1.453300 664.951000 179.970500 715.086800 218.137400 1.488342 1.630023 4.191390 3.366143 1.797881 30.947742 1.560659 7.539900 3770
Car -1 -1 1.640100 532.941400 180.391500 572.529000 214.385600 1.492766 1.606214 3.850486 -2.618140 1.788387 33.672976 1.575103 1.957200 3762
Car -1 -1 1.777600 427.566000 178.702100 525.407700 253.825700 1.624041 1.602103 3.681344 -3.123264 1.768310 17.574455 1.596699 8.983600 3755
Car -1 -1 -2.847700 438.874000 162.493200 513.841900 188.681800 1.518127 1.638313 4.031980 -7.267582 0.880339 42.104584 -2.492104 -0.539400 3754
Car -1 -1 1.410200 690.628100 186.688200 790.895400 261.257800 1.443488 1.608734 4.124916 2.894527 1.789490 16.803686 1.581079 11.359800 3744
Car -1 -1 1.690000 504.034700 177.784700 556.721400 222.642900 1.522961 1.534699 3.393889 -2.877370 1.709269 26.374305 1.574675 8.213000 3728
Car -1 -1 -1.848700 727.089700 186.206600 890.391000 304.861400 1.506726 1.559063 3.516886 2.922806 1.770541 11.466629 -1.597743 14.218300 3719
Car -1 -1 1.035200 844.206500 180.704000 1241.000000 374.000000 1.651486 1.662520 4.006286 2.907200 1.708108 4.686500 1.594548 10.338000 3706
Car -1 -1 1.882500 311.416200 190.238200 510.948800 308.712200 1.431728 1.657173 4.500169 -2.908181 1.728633 11.526071 1.632008 12.829000 3697
