Car -1 -1 -1.620400 643.160300 168.639600 668.422400 195.109700 2.235951 1.933896 5.217917 3.716730 2.158121 61.418363 -1.556577 -0.140200 3778
Car -1 -1 -1.580000 651.263100 177.484100 676.142500 201.158800 1.517231 1.627746 3.742918 3.666266 1.867050 49.256349 -1.518499 7.273600 3772
Car -1 -1 1.470600 669.222200 181.581100 720.281600 221.377500 1.448785 1.605634 4.096685 3.326679 1.824589 29.110888 1.580961 8.174800 3770
Car -1 -1 1.687800 522.053900 177.882600 568.145400 214.326400 1.479705 1.581128 3.802442 -2.766192 1.716386 31.764121 1.591953 6.237700 3762
Car -1 -1 1.777700 404.398100 179.063300 514.242200 265.361800 1.624213 1.611484 3.621451 -3.164585 1.771200 15.742918 1.581683 11.136600 3755
Car -1 -1 1.750800 471.447800 158.396300 511.575500 186.328700 1.553475 1.639230 3.979414 -6.753619 0.779051 40.976688 1.456737 2.273000 3754
Car -1 -1 1.387100 696.682600 188.849300 813.284000 272.640100 1.422371 1.608510 4.093822 2.835230 1.791235 15.004984 1.575981 11.282800 3744
Car -1 -1 1.659100 493.546300 178.171300 548.025000 226.823100 1.528900 1.541951 3.253114 -2.986880 1.713132 24.538875 1.548393 7.728000 3728
Car -1 -1 -1.882800 746.050600 189.333700 950.604700 330.551800 1.471732 1.559134 3.448958 2.898187 1.744778 9.627487 -1.594421 14.183500 3719
Car -1 -1 0.806900 926.216100 184.419700 1241.000000 374.000000 1.550893 1.643519 4.241221 2.890107 1.635192 2.847793 1.599974 7.467300 3706
Car -1 -1 1.907700 250.618300 189.717100 488.954500 334.611900 1.415238 1.632736 4.382935 -2.941820 1.705415 9.752913 1.622028 14.951200 3697
