Car -1 -1 -1.659900 638.729200 154.742600 671.016200 185.960000 2.169624 1.919911 5.297267 3.264906 0.949359 54.311151 -1.598608 2.773600 3786
Car -1 -1 1.858200 563.122000 170.086200 594.568100 189.552400 1.535211 1.604252 3.765794 -2.595191 1.349496 59.431312 1.757743 3.027600 3781
Car -1 -1 -1.608300 652.296500 170.502200 682.354300 196.984400 1.465204 1.597202 3.607238 3.258105 1.404477 41.989580 -1.539532 8.828700 3772
Car -1 -1 1.432100 679.818700 175.667400 751.638300 228.126500 1.434581 1.592928 3.948249 3.051884 1.558390 21.902067 1.568155 13.465300 3770
Car -1 -1 1.711500 486.181800 169.746700 550.122400 218.223500 1.505593 1.606677 3.921476 -3.078211 1.444803 24.464822 1.589937 6.228300 3762
Car -1 -1 1.960000 177.046500 172.424400 443.580000 347.016900 1.607290 1.594606 3.786864 -3.277583 1.617636 8.568332 1.587774 12.792300 3755
Car -1 -1 1.238400 753.145600 190.786500 1059.048000 374.000000 1.435082 1.625042 4.160378 2.718118 1.680656 7.824071 1.572203 14.015700 3744
Car -1 -1 1.759400 429.585400 170.699100 517.819200 241.385600 1.516409 1.502048 3.262725 -3.202029 1.496559 17.307022 1.571494 12.463100 3728
Car -1 -1 -2.407200 938.798900 192.115800 1241.000000 374.000000 1.476931 1.537998 3.747795 2.790867 1.630004 2.529420 -1.600508 7.637800 3719
Car -1 -1 2.411600 0.000000 190.206300 298.704800 374.000000 1.493386 1.594712 4.361103 -2.946024 1.631220 2.642895 1.582797 8.749700 3697
