Car -1 -1 -1.663200 638.464400 156.935200 669.688300 186.025400 2.068375 1.880710 5.190254 3.290312 1.015538 55.197394 -1.597323 0.510300 3786
Car -1 -1 -1.095900 645.649400 173.276300 695.131800 196.497600 1.506061 1.605320 4.062410 4.256743 1.465015 47.559014 -1.130614 0.169200 3784
Car -1 -1 1.665300 566.602800 173.564800 589.528700 191.729500 1.496756 1.602818 3.919982 -2.730230 1.485424 60.328177 1.607317 2.185900 3781
Car -1 -1 -1.629300 651.638500 173.633300 682.015900 199.510100 1.450972 1.592675 3.499215 3.281712 1.548286 42.820208 -1.553662 8.946200 3772
Car -1 -1 1.427200 675.805200 178.017800 743.663900 228.944300 1.437464 1.581647 3.957713 3.042325 1.632619 22.827918 1.563390 12.247700 3770
Car -1 -1 1.712600 490.032800 173.710300 551.387900 219.900300 1.497492 1.599359 3.904770 -3.086570 1.525380 25.377348 1.595499 6.956400 3762
Car -1 -1 1.910500 211.107200 174.986900 459.253300 331.044000 1.569899 1.617431 3.972394 -3.271845 1.618166 9.427822 1.576890 11.981900 3755
Car -1 -1 1.268000 738.503200 189.895800 998.962800 359.527000 1.450587 1.632878 4.260823 2.734682 1.708378 8.807606 1.571074 13.330600 3744
Car -1 -1 1.734900 441.198700 174.756600 524.312600 239.133300 1.485357 1.509244 3.370690 -3.168743 1.528733 18.259708 1.565335 12.134400 3728
Car -1 -1 -2.337900 890.391800 204.031900 1241.000000 374.000000 1.463713 1.559677 3.637759 2.830963 1.683179 3.335458 -1.625278 10.734000 3719
Car -1 -1 2.286700 0.000000 195.571400 354.172400 374.000000 1.466503 1.638257 4.386187 -2.953203 1.646467 3.487286 1.592662 9.686100 3697
