Car -1 -1 -1.653200 639.649100 161.401400 669.185700 188.641700 1.983117 1.850140 5.086152 3.375438 1.165590 55.943821 -1.587057 2.025300 3786
Car -1 -1 -1.095900 645.649400 173.276300 695.131800 196.497600 1.506061 1.605320 4.062410 4.053179 1.525209 48.656714 -1.130614 0.169200 3784
Car -1 -1 1.665300 566.602800 173.564800 589.528700 191.729500 1.496756 1.602818 3.919982 -2.691953 1.536427 61.262258 1.607317 2.185900 3781
Car -1 -1 -1.634800 650.588300 176.297900 680.727500 200.601700 1.424229 1.601048 3.546487 3.291779 1.631196 43.803034 -1.555865 8.805400 3772
Car -1 -1 1.445000 675.407600 179.449200 741.403000 228.141500 1.426403 1.607774 4.137011 3.102592 1.664658 23.798775 1.570817 12.288700 3770
Car -1 -1 1.731700 493.996400 173.463000 555.018300 218.446300 1.509614 1.607221 3.857314 -3.066834 1.552244 26.361219 1.602778 7.288800 3762
Car -1 -1 1.885000 270.520400 178.016100 465.771000 311.018700 1.560997 1.570072 3.680977 -3.261633 1.650328 10.344605 1.580272 11.393300 3755
Car -1 -1 1.302500 730.863800 188.888000 950.488400 332.640500 1.429855 1.637695 4.270082 2.760580 1.693756 9.746025 1.576857 13.147500 3744
Car -1 -1 1.736200 450.887700 174.424800 527.729400 237.457400 1.516355 1.498474 3.145928 -3.150901 1.562676 19.087646 1.568952 11.334700 3728
Car -1 -1 -2.212100 855.857900 197.750300 1241.000000 374.000000 1.456129 1.551874 3.607436 2.846638 1.672233 4.240251 -1.610680 12.246000 3719
Car -1 -1 2.195100 0.000000 193.474600 379.816200 374.000000 1.471200 1.627509 4.251385 -2.962939 1.656251 4.349919 1.601822 10.974900 3697
