Car -1 -1 -1.611700 653.801700 177.591000 677.839300 199.160300 1.460039 1.579819 3.592187 3.983709 1.790145 51.727243 -1.528628 3.923800 3772
Car -1 -1 1.454300 664.774000 178.173900 713.156600 215.872800 1.496662 1.617277 4.165485 3.420191 1.778643 31.850435 1.561563 7.952200 3770
Car -1 -1 1.685400 532.522200 176.827200 575.819400 210.769700 1.544882 1.634752 3.964201 -2.606536 1.723332 34.434769 1.597630 3.877600 3762
Car -1 -1 1.760800 440.985600 177.621800 529.904100 250.191400 1.660998 1.612301 3.577537 -3.089454 1.799850 18.479822 1.593300 9.461300 3755
Car -1 -1 1.726100 482.135200 159.691400 520.365100 187.822400 1.592117 1.667293 4.159836 -6.457998 0.863399 43.860070 1.578335 1.902500 3754
Car -1 -1 1.418200 687.114200 184.599500 779.736400 253.786900 1.447028 1.600700 4.175100 2.923162 1.773530 17.776177 1.585413 10.736300 3744
Car -1 -1 1.659300 507.696900 177.728200 557.616700 222.342500 1.544257 1.559130 3.370409 -2.871345 1.736066 27.260027 1.564926 8.365300 3728
Car -1 -1 -1.828400 720.968800 188.759600 868.586900 293.135400 1.467612 1.575830 3.596632 2.943443 1.767081 12.365862 -1.594091 13.426200 3719
Car -1 -1 1.113300 820.488600 174.009600 1241.000000 374.000000 1.632695 1.653976 3.975360 2.907555 1.662550 5.573137 1.598346 13.583100 3706
Car -1 -1 1.853400 345.963500 184.457000 516.711400 296.332500 1.494878 1.645317 4.350937 -2.880855 1.737384 12.412772 1.628138 13.696100 3697
