Car -1 -1 -1.597100 651.779900 177.302000 677.014500 200.354000 1.483344 1.601080 3.608979 3.598764 1.801892 48.303167 -1.521343 7.074700 3772
Car -1 -1 1.470700 668.403600 179.850500 721.881400 221.086700 1.451761 1.627491 4.249596 3.264795 1.775789 28.309207 1.582777 9.584100 3770
Car -1 -1 1.709800 515.832500 176.930500 565.890800 214.282100 1.473769 1.593472 3.872625 -2.859123 1.670288 30.839408 1.606259 6.769900 3762
Car -1 -1 1.774200 392.723400 179.147800 505.390000 266.955000 1.580077 1.572434 3.606463 -3.184643 1.718986 14.831151 1.568591 10.824400 3755
Car -1 -1 1.750800 471.447800 158.396300 511.575500 186.328700 1.553475 1.639230 3.979414 -6.681281 0.765557 40.101749 1.456737 2.273000 3754
Car -1 -1 1.381800 701.137800 188.148000 828.037100 280.083900 1.434935 1.611841 4.108271 2.814930 1.785512 14.084063 1.576611 11.941500 3744
Car -1 -1 1.659100 489.107300 176.097100 544.402300 227.293400 1.537491 1.526221 3.209596 -3.012360 1.672029 23.596900 1.537767 6.968600 3728
Car -1 -1 -1.902300 755.520800 189.332100 995.309100 345.939800 1.450946 1.570485 3.489836 2.885883 1.699485 8.754895 -1.588475 13.542200 3719
Car -1 -1 0.806900 926.216100 184.419700 1241.000000 374.000000 1.550893 1.643519 4.241221 2.880585 1.626401 1.969565 1.599974 7.467300 3706
Car -1 -1 1.943200 198.155100 184.517000 478.768400 358.715100 1.485052 1.648165 4.276982 -2.951982 1.702611 8.801923 1.619724 14.185800 3697
