Car -1 -1 -1.655500 637.500200 155.957000 671.979900 191.128800 2.354603 2.003593 5.636185 3.215526 1.169373 53.550742 -1.596625 4.435500 3786
Car -1 -1 -2.270400 541.564200 172.955200 586.312600 191.784300 1.492298 1.592069 3.724790 -3.405809 1.417582 58.247547 -1.985776 -0.165900 3781
Car -1 -1 -1.644800 650.811900 171.855400 683.713600 197.955000 1.437946 1.596212 3.624272 3.198150 1.366674 41.102393 -1.556756 8.676500 3772
Car -1 -1 1.424600 680.900100 175.866700 757.361000 231.761400 1.448622 1.599462 4.014781 3.035040 1.548989 21.039018 1.567750 13.139600 3770
Car -1 -1 1.720200 480.749800 173.503300 547.797900 222.027300 1.474139 1.604590 3.955668 -3.090787 1.457009 23.642568 1.590100 7.455100 3762
Car -1 -1 1.983800 118.700800 175.900600 427.646600 364.916100 1.561747 1.585456 3.704688 -3.277632 1.583821 7.721338 1.584762 13.525000 3755
Car -1 -1 1.199000 765.649400 190.260400 1139.500800 374.000000 1.434784 1.632989 4.171145 2.726369 1.659966 6.969322 1.571212 12.738300 3744
Car -1 -1 1.770900 417.923600 174.257100 513.199300 245.665700 1.481423 1.503378 3.260608 -3.227415 1.489004 16.434219 1.574711 11.646900 3728
Car -1 -1 -2.407200 938.798900 192.115800 1241.000000 374.000000 1.476931 1.537998 3.747795 2.782898 1.618779 1.643127 -1.600508 7.637800 3719
Car -1 -1 2.411600 0.000000 190.206300 298.704800 374.000000 1.493386 1.594712 4.361103 -2.952411 1.623539 1.768025 1.582797 8.749700 3697
