Car -1 -1 -1.586700 654.177200 177.871100 676.661500 198.602700 1.473576 1.604358 3.798351 4.073217 1.891714 53.620566 -1.519525 2.940600 3772
Car -1 -1 1.478900 664.548700 180.566300 707.360600 214.648600 1.458387 1.613852 3.951902 3.468933 1.852894 33.577729 1.576901 6.561100 3770
Car -1 -1 1.660400 535.841700 178.462900 575.196500 210.613000 1.510728 1.621761 4.065131 -2.624319 1.830503 36.318521 1.588266 1.110100 3762
Car -1 -1 1.756600 455.072600 178.388200 537.799400 244.433200 1.652663 1.636186 3.664427 -3.065704 1.852296 20.326837 1.604117 7.390400 3755
Car -1 -1 1.722600 490.160400 161.200100 526.028100 185.545500 1.497650 1.651305 4.137679 -6.343082 0.868198 45.599363 1.581828 3.689000 3754
Car -1 -1 1.456800 682.742000 183.139200 760.897000 248.601100 1.510824 1.624719 4.065216 2.937420 1.850269 19.670959 1.594586 7.892900 3744
Car -1 -1 1.673400 516.059300 178.931600 562.706000 219.977800 1.528590 1.532414 3.337550 -2.811000 1.798921 28.966808 1.579631 7.950900 3728
Car -1 -1 -1.800600 707.806800 184.880500 833.385100 277.446300 1.507310 1.577418 3.628755 2.937240 1.789419 14.130319 -1.593946 11.359400 3719
Car -1 -1 1.227500 780.497600 174.232000 1095.693500 374.000000 1.678111 1.631085 3.775993 2.894551 1.715550 7.399146 1.602392 14.435900 3706
Car -1 -1 1.831300 388.685400 183.751500 524.979400 275.216500 1.454591 1.624790 4.148336 -2.880580 1.739473 14.170056 1.635516 13.488900 3697
