Car -1 -1 -1.591700 653.957700 176.461400 676.983500 197.025300 1.446026 1.597647 3.730025 4.035738 1.755062 52.701254 -1.517347 4.452600 3772
Car -1 -1 1.452700 664.454600 179.246600 710.685500 214.315000 1.457282 1.605106 4.060613 3.459239 1.795769 32.764869 1.564416 6.653300 3770
Car -1 -1 1.649800 534.833900 174.686200 575.467400 211.093100 1.612622 1.650840 4.106762 -2.624456 1.782236 35.416827 1.579552 0.572100 3762
Car -1 -1 1.748200 448.119400 177.822600 533.560500 248.115400 1.671350 1.639161 3.637464 -3.085033 1.833198 19.384859 1.593785 7.942700 3755
Car -1 -1 1.722600 490.160400 161.200100 526.028100 185.545500 1.497650 1.651305 4.137679 -6.175344 0.860058 44.747402 1.581828 3.689000 3754
Car -1 -1 1.443000 688.333200 184.892700 773.929500 251.057700 1.469401 1.619145 4.195488 2.981022 1.811524 18.727151 1.598056 9.453100 3744
Car -1 -1 1.688100 511.978700 176.782100 560.745500 218.706700 1.523961 1.523259 3.316382 -2.832152 1.720349 28.128222 1.584062 7.301400 3728
Car -1 -1 -1.811000 712.584400 186.732000 855.187300 285.480300 1.484622 1.596751 3.785022 2.948119 1.770576 13.249850 -1.592620 13.620800 3719
Car -1 -1 1.174200 794.102900 180.298400 1232.680600 374.000000 1.638674 1.659277 4.044224 2.909111 1.706436 6.503865 1.599554 14.075900 3706
Car -1 -1 1.843000 364.268700 184.267900 522.764700 286.403000 1.469924 1.635797 4.350349 -2.877240 1.727956 13.266343 1.631922 14.007000 3697
