Car -1 -1 -1.636000 651.606700 178.746800 676.380000 199.663900 1.500409 1.613193 3.751324 4.029652 1.995171 54.514530 -1.533165 5.083500 3772
Car -1 -1 1.466500 661.815200 180.650600 704.628800 213.826100 1.473251 1.614906 4.016141 3.463251 1.889702 34.553335 1.570430 6.721100 3770
Car -1 -1 1.693400 540.867200 180.217600 580.993800 212.343900 1.557934 1.634298 4.132617 -2.388832 1.987761 37.475117 1.595549 0.745200 3762
Car -1 -1 1.754500 465.317600 180.461000 543.311400 242.556700 1.638525 1.626617 3.612856 -3.013038 1.898623 21.191193 1.605601 6.337100 3755
Car -1 -1 1.716100 491.035900 164.894400 526.479900 189.879900 1.546595 1.668465 4.184243 -6.386084 1.055056 46.535323 1.580418 2.785800 3754
Car -1 -1 1.443600 679.758700 185.458600 756.704100 244.838700 1.462160 1.622807 4.159087 2.942591 1.852183 20.584487 1.581457 7.423300 3744
Car -1 -1 1.689900 518.182200 179.769900 565.163000 219.569200 1.538768 1.536968 3.373389 -2.830404 1.840552 29.942529 1.585020 5.875600 3728
Car -1 -1 -1.787100 703.137200 186.266900 818.863900 271.412900 1.494381 1.586347 3.681915 2.942140 1.809530 15.067821 -1.591431 11.514400 3719
Car -1 -1 1.267600 767.286500 178.683600 1034.244700 374.000000 1.681852 1.636076 3.841349 2.896864 1.756201 8.241941 1.604969 14.369900 3706
Car -1 -1 1.831900 398.343000 188.169000 534.337700 273.846400 1.423834 1.638690 4.432036 -2.883005 1.782411 15.080721 1.642823 13.008400 3697
