Car -1 -1 -1.620400 643.160300 168.639600 668.422400 195.109700 2.235951 1.933896 5.217917 3.871402 1.935230 62.315795 -1.556577 -0.140200 3778
Car -1 -1 -1.622700 650.782100 178.227600 677.571000 201.404300 1.498190 1.624422 3.793430 3.781775 1.887598 50.149767 -1.537591 7.305600 3772
Car -1 -1 1.476200 669.105700 182.041200 715.781900 220.579900 1.463162 1.585139 3.942947 3.342859 1.834317 29.964449 1.576691 7.568200 3770
Car -1 -1 1.668900 527.545500 178.004700 569.963100 213.186700 1.479066 1.570171 3.811246 -2.684046 1.736706 32.678645 1.581035 6.540100 3762
Car -1 -1 1.773600 417.863100 179.277100 519.231800 258.619200 1.610481 1.597219 3.631565 -3.150052 1.761971 16.675277 1.589098 10.143300 3755
Car -1 -1 1.764800 472.252800 158.322100 516.839600 188.707100 1.613866 1.698091 4.292779 -6.871450 0.873913 41.692831 1.243258 2.671800 3754
Car -1 -1 1.409700 693.263100 187.654600 799.599700 266.550800 1.432680 1.610629 4.120394 2.853020 1.790757 15.893237 1.583070 11.867000 3744
Car -1 -1 1.679600 498.425900 177.766900 551.040600 225.675200 1.547830 1.519867 3.238089 -2.946677 1.729324 25.460570 1.567150 6.008300 3728
Car -1 -1 -1.871400 734.909400 192.234100 924.890500 320.770800 1.469195 1.565822 3.568624 2.914634 1.772900 10.520565 -1.599632 14.966900 3719
Car -1 -1 0.933400 879.777700 189.103900 1241.000000 374.000000 1.586478 1.637724 4.098382 2.893818 1.687450 3.764696 1.592973 10.000700 3706
Car -1 -1 1.904900 282.937500 191.269000 503.142300 323.224300 1.416754 1.639267 4.527320 -2.922433 1.733590 10.663188 1.635341 13.261000 3697
