Car -1 -1 -1.633000 641.487300 162.490700 668.889600 188.163500 1.928538 1.836428 4.956613 3.489388 1.153776 56.811371 -1.576513 2.313200 3786
Car -1 -1 1.620700 568.122200 173.340800 589.188300 191.541000 1.512218 1.634240 3.935164 -2.635014 1.561825 62.278783 1.584851 1.026100 3781
Car -1 -1 -1.619700 649.790900 176.236400 678.765000 201.083800 1.465212 1.610024 3.617174 3.305417 1.677313 44.717337 -1.550146 8.804700 3772
Car -1 -1 1.437600 672.889000 179.445000 735.825100 226.259300 1.426246 1.594141 3.998849 3.100636 1.677027 24.647391 1.564534 10.836900 3770
Car -1 -1 1.687000 500.563600 174.987700 554.752200 218.148900 1.492970 1.599812 3.786953 -3.020746 1.588045 27.163450 1.582842 7.982700 3762
Car -1 -1 1.870200 299.915900 179.449500 478.224600 303.340700 1.588660 1.590415 3.746147 -3.254486 1.699327 11.249145 1.583462 11.074700 3755
Car -1 -1 1.323700 721.802500 188.075900 919.809200 318.134800 1.437873 1.646587 4.330082 2.779424 1.712158 10.636962 1.577272 12.979900 3744
Car -1 -1 1.716600 460.947700 175.249100 530.579500 234.598700 1.503499 1.479500 3.207134 -3.132543 1.567390 19.998750 1.563698 10.916300 3728
Car -1 -1 -2.104000 825.335200 197.707500 1241.000000 374.000000 1.446953 1.558466 3.569957 2.841333 1.681482 5.149465 -1.597218 11.888100 3719
Car -1 -1 2.120100 0.000000 191.400700 416.770300 374.000000 1.456799 1.639660 4.445362 -2.956280 1.648777 5.228672 1.608977 12.062300 3697
