Car -1 -1 -1.597500 644.641000 172.828600 666.743800 198.304600 2.177280 1.897091 5.086169 4.502305 2.997601 67.879080 -1.548506 -0.025300 3773
Car -1 -1 -1.537100 649.837500 179.391400 672.576700 200.252200 1.512765 1.607175 3.763215 3.984651 2.058555 55.578730 -1.485697 3.472800 3772
Car -1 -1 1.471800 662.048100 181.314000 702.721700 214.383000 1.505859 1.609253 4.027372 3.479191 1.951319 35.418813 1.579541 4.734100 3770
Car -1 -1 1.693400 540.867200 180.217600 580.993800 212.343900 1.557934 1.634298 4.132617 -2.551244 1.978623 38.303881 1.595549 0.745200 3762
Car -1 -1 1.741000 472.308200 182.174100 544.490600 242.870000 1.656687 1.622439 3.612138 -3.039410 1.954558 22.068076 1.596381 6.907700 3755
Car -1 -1 1.717000 494.644700 164.716500 529.136300 189.842000 1.562766 1.661935 4.169266 -6.367867 1.054779 47.484385 1.585787 2.790600 3754
Car -1 -1 1.450000 673.854600 184.251800 746.596400 242.366800 1.480056 1.616832 4.136898 2.867694 1.860657 21.394518 1.575725 7.173300 3744
Car -1 -1 1.650200 522.249300 179.418700 563.673400 219.154700 1.563958 1.521544 3.304120 -2.878347 1.869980 30.819350 1.567254 6.965600 3728
Car -1 -1 -1.764500 697.772500 185.942800 805.865700 266.804200 1.500337 1.590793 3.840345 2.926872 1.823418 16.044435 -1.588730 10.659600 3719
Car -1 -1 1.294000 753.998700 177.044000 986.475100 345.640700 1.658797 1.645099 3.919580 2.896440 1.717941 9.125142 1.601521 14.258700 3706
Car -1 -1 1.812000 411.933700 186.900700 534.295000 266.407700 1.436995 1.634951 4.330482 -2.937650 1.782085 15.991824 1.638978 14.124600 3697
